95.66559241361554 16.00558352563271 95.66575334592453 16.005862474707364
95.64830831559675 16.01118396335257 95.64851216279675 16.011259065227225
95.64832977369456 16.011591657100258 95.64857653578557 16.01169894530625
95.65796423832616 16.049786322164856 95.65817881408583 16.04993652526186
95.67211552279674 16.119073051157237 95.67231936999674 16.119191067922902
95.50623712859182 16.13737652520736 95.50649461989482 16.137505270532706
95.51074322387085 16.144478991288015 95.51096852884251 16.144586279494007
95.76708728207602 16.153104947174658 95.76736623115067 16.153244421711985
95.50204217010925 16.15471426806729 95.5023211191839 16.154843013392636
95.46400835978638 16.15810456598339 95.46430876598039 16.15830841318339
95.4635792063101 16.158147484462113 95.4637830535101 16.158308416771103
95.50502477264688 16.16101207284332 95.50523934840655 16.16110863183733
95.76342876038339 16.189336246920416 95.76363260758339 16.189454263686084
95.76848202492589 16.194883034340325 95.76866441435423 16.195398016946317
95.59172441513489 16.21635150509426 95.59187461823188 16.216587538625596
96.23985332452453 16.36798205240137 96.24010008661554 16.3683253741387
95.590072181394 16.45716011604144 95.5903833168 16.45729959057877
95.60007142610107 16.46343660812697 95.60031818819208 16.46354389633296
96.25723418834443 16.505225423440326 96.25747022187576 16.505332711646318
95.88753993838257 16.539568314506248 95.8877223278109 16.539664873500254
95.78467178931005 16.54242231540625 95.78488636506972 16.542518874400255
96.09805035518501 16.547936913902742 96.09879064341497 16.5482158629774
96.30231661047628 16.554867723680907 96.30261701667028 16.555307604412242
95.8613936428199 16.580144772996192 95.86158676146023 16.580230603430522
96.23162433545669 16.593105305593447 96.23223587705668 16.593319881353125
95.8048419269586 16.60867279394713 95.80509941826159 16.608790810712797
96.29615827721635 16.608275827042508 96.29666253061035 16.60850113201417
96.28976391368664 16.60837238636267 96.29017160808664 16.6085118609
96.29615827852096 16.610539606056932 96.29659815925231 16.610646894262924
96.2947635363234 16.61203090520574 96.29497811208309 16.6122025660744
96.30685489378608 16.61657991765886 96.30714457142041 16.61674084996785
95.59200336551416 16.62224472380137 95.59243251768582 16.6223841983387
95.59262563534769 16.622266184182276 95.59306551607902 16.62243784505094
95.59216429586623 16.622470030403807 95.59245397350055 16.622588047169476
95.59198191100405 16.622577319262113 95.59220721597572 16.622738251571104
95.59235741744195 16.62260950689807 95.59262563730462 16.622759709995073
95.5926578210267 16.62266314643489 95.5930655154267 16.622813349531892
95.59235741581116 16.622748978173846 95.59260417790217 16.62286699493951
95.59258272241361 16.625077266603554 95.5930977050196 16.62529184236323
95.83725384602997 16.6388959645226 95.83745769322996 16.638971066397257
95.8933013071068 16.643080195750127 95.89371973006648 16.6432947715098
95.7858948692485 16.679386596632405 95.7863562077515 16.679568986060744
96.0392455948256 16.697292959678215 96.03962110289427 16.697443162775215
96.03899883175613 16.69772211348065 96.03928850939046 16.697850858805996
96.03898810189183 16.698011793398074 96.03923486398284 16.698161996495077
96.04786081978365 16.703204526933266 96.04837580238964 16.70339764557359
96.0512082071346 16.704910407712546 96.05175537607192 16.705092797140885
96.0462515022384 16.70498550763027 96.04671284074139 16.705200083389943
96.04845090459045 16.704985509261046 96.04897661575613 16.705221542792383
96.05073613909346 16.705200083389943 96.05115456205313 16.70539320203027
96.05127257523108 16.705242998933265 96.05171245596242 16.70543611757359
96.04798956413053 16.70540393319919 96.0485152752962 16.70558632262753
96.04992074833652 16.70562923882316 96.05031771417684 16.705822357463486
96.04962034246867 16.70574725493652 96.04992074866267 16.705940373576844
96.05082196854931 16.70589746031661 96.05130476482398 16.706101307516608
96.27023749475124 16.712957150868107 96.27068810404225 16.713107353965107
96.26984053021553 16.713987114123157 96.27040915692453 16.714180232763482
95.73196098157983 16.720220544880394 95.73215410022016 16.72053168028639
95.79043315151117 16.722838375496444 95.79067991360218 16.72303149413677
96.0119407961992 16.72743030186211 96.01232703282753 16.7275912341711
95.63709672464357 16.728674842833772 95.63740786004956 16.72879285959944
95.81164398667359 16.73319166667247 95.81185856243326 16.73337405610081
95.84876584839563 16.733202397515235 95.84893750926429 16.733674464577906
96.0307912955676 16.733674464904063 96.03142429493926 16.733899769875723
95.74197094897578 16.745958935960232 95.74214260984444 16.746173511719906
95.69793995504607 16.753544338555866 95.69821890412072 16.753726727984205
95.74859062204332 16.755722285848503 95.74879446924332 16.7559797771515
95.74845114757466 16.756419660492078 95.74879446931199 16.75658059280107
95.66209482675531 16.756795166603812 95.66236304661797 16.756913183369477
96.12031261293626 16.761644581337073 96.12060229057059 16.76215956394307
95.65865087886542 16.763650868636518 95.65912294592808 16.763811800945508
95.66007781089618 16.76392981812316 95.66057133573052 16.764122936763485
95.65840412190705 16.764004916410105 95.65892983307272 16.764208763610107
95.65987396239157 16.764165852959117 95.66022801268856 16.764348242387456
96.13305863941335 16.76755615348446 96.13382038215343 16.76780291557547
96.13453921293788 16.769422963311175 96.13498982222889 16.76963753907085
96.73932355895424 16.780398525625344 96.73975271112589 16.780570186494007
95.29432103103515 16.782018572794566 95.29457852233814 16.782469182085578
96.0087221600444 16.784690042861605 96.00896892213541 16.78484024595861
95.50621567090599 16.828174014153937 95.50649461998064 16.82830275947928
96.21506980036973 16.836950309907365 96.21567061341007 16.837079055232707
95.65011075765312 16.859373499967596 95.65050772349345 16.859598804939257
96.02968623304713 16.859266212413914 96.03000809701281 16.859384229179582
95.64939192360711 16.85982411252016 95.64970305901309 16.860038688279836
96.02970768657877 16.8594486073869 96.02997590644145 16.85955589559289
95.64766458953652 16.860221076077398 95.64785770817684 16.860349821402743
95.64724616666267 16.860274721158863 95.647482200194 16.860435653467853
95.68439999857358 16.863740124211173 95.68461457433327 16.86385814097684
95.64213926095256 16.865896610453426 95.64262205722721 16.866100457653427
95.64603381487191 16.866079003143323 95.64650588193459 16.86628285034332
95.64133460030025 16.869490763156932 95.64164573570625 16.869598051362928
95.64242893662995 16.870316881168918 95.64321214040325 16.870488542037585
95.64313703526703 16.87034906195561 95.64365201787302 16.8705099942646
95.64537935381472 16.87042416676567 95.64592652275205 16.870595827634332
95.64607672911062 16.870456356032403 95.64661316883596 16.87063874546074
95.64915589594656 16.87056364325993 95.64976743754657 16.87076749045993
95.64994982762722 16.870574369536516 95.65048626735256 16.870767488176842
95.81837115665668 16.871175183881462 95.81877885105668 16.871325386978466
95.65164497593295 16.87408268650137 95.65194538212697 16.8742221610387
95.80030364967409 16.87705470830706 95.80052895464576 16.87717272507273
95.63954288615123 16.88151788773377 95.63978964824226 16.88163590449944
95.69987113859975 16.88179683224225 95.70017154479375 16.88195776455124
95.63884551607384 16.881979222649058 95.63937122723951 16.882150883517724
95.63117442295804 16.882354735610054 95.63172159189537 16.882569311369732
95.63197908613377 16.882419106315794 95.63250479729943 16.882601495744133
95.63275155939044 16.882451288733265 95.63327727055612 16.88264440737359
95.63435014837603 16.88249420688583 95.63483294465068 16.88267659631417
95.63363131791772 16.88253712471224 95.63407119864905 16.882708785580903
95.63512262261116 16.882547848705737 95.63557323190219 16.8827195095744
95.63588436861279 16.882569307455864 95.63637789344713 16.882751696884203
95.2365891495741 16.886131268609546 95.23681445454577 16.88621709904388
95.64230018804307 16.887407999826408 95.64280444143706 16.887601118466733
95.64085180141635 16.887450911455865 95.64135605481036 16.887633300884204
95.6499927405613 16.887483096482576 95.65053990949862 16.88766548591092
95.64091617310055 16.88804099854576 95.64144188426623 16.888223387974097
95.64530425422315 16.8881697449354 95.64570122006349 16.888330677244387
96.14057952780136 16.88795516419756 96.1411266967387 16.88818046916922
96.1427682029842 16.8881804678646 96.14340120235586 16.88842722995561
95.64356618972178 16.88883492794332 95.64382368102478 16.888963673268663
95.6400578697357 16.889156793625595 95.64043337780436 16.88932845449426
95.64090544649781 16.889500110796746 95.64135605578882 16.889703957996748
95.64678482611691 16.889553759139766 95.64740709627658 16.88974687778009
95.64183885378009 16.890465706607618 95.64246112393977 16.890701740138955
95.639499972891 16.89065882166023 95.63973600642234 16.891281091819906
96.13653477241579 16.890465702367596 96.13712485624413 16.890691007339257
96.13660987526892 16.89119526660406 96.13718923053759 16.891420571575722
95.80001397171361 16.892547094477095 95.8003251071196 16.892665111242763
95.80038947847764 16.893265923956932 95.80062551200898 16.893373212162924
96.51315982629919 16.895443868623158 96.51374991012753 16.895636987263483
96.51336367219457 16.8967527829098 96.51381428148558 16.896945901550126
95.63588436730818 16.897761291328592 95.63603457040517 16.898029511191265
96.51291306681743 16.898919999256677 96.51334221898908 16.89912384645668
96.51352460841743 16.900422032595632 96.51395376058909 16.900593693464295
96.12890659345287 16.90107648712971 96.1291962710872 16.901580740523716
95.65715957604306 16.90293256970137 95.65745998223707 16.903072044238698
96.5763419378169 16.902578521687456 96.57655651357658 16.903211521059117
95.64178521056972 16.904252216135397 95.64238602361006 16.904413148444387
95.95189149258502 16.90660182167029 95.95259959578826 16.906912957076283
95.63128171377328 16.907599599246318 95.63148556097329 16.907696158240324
96.06488763471117 16.907234822020417 96.06513439680218 16.907352838786085
95.95073278433077 16.907728346528593 95.95136578370243 16.907996566391265
95.63607748570817 16.908318425790753 95.63639934967384 16.908447171116098
95.94993885493321 16.90802875043951 95.95066841264656 16.908318428073844
95.94629106171442 16.908254056063484 95.94674167100543 16.90846863182316
95.94581899073788 16.908447174377653 95.9462696000289 16.90868320790899
96.49728099219918 16.909359123150125 96.49766722882752 16.9095736989098
95.87128559686623 16.91055001871417 95.87157527450056 16.910700221811172
95.9433513700681 16.910936254776026 95.9439092675651 16.911215203850684
95.94188152379863 16.911000631352564 95.9423535908613 16.911279580427223
95.94287930267927 16.911172287002742 95.94336209895393 16.911451236077397
95.24900237230706 16.9128674395485 95.24952808347273 16.913124930851495
96.5552810928161 16.91296399919482 96.55556004189076 16.913114202291823
96.55540984107685 16.91347898049619 96.55562441683652 16.91356481093052
95.92023059277221 16.915968062765668 95.9207992194812 16.916204096297
96.53482127296705 16.917470236118792 96.53513240837303 16.917631168427782
96.53801845550437 16.917502420493193 96.5384583362357 16.91769553913352
95.77583125733757 16.918596756737074 95.77606729086891 16.918704044943066
96.53811501645531 16.918017406034586 96.53838323631798 16.918156880571914
96.53574394997304 16.918199796115236 96.53624820336704 16.918468015977908
96.53917716841062 16.918575300270035 96.53950976093596 16.918779147470033
96.54001401204688 16.91874695950792 96.54063628220656 16.91899372159893
96.5308623440161 16.91885424804007 96.53134514029077 16.91905809524007
95.63772972140599 16.919830572273288 95.63800867048064 16.920238266673287
96.53872655748883 16.918961536108736 96.5392522686545 16.919229755971404
96.51186164122454 16.919015179233263 96.51231225051555 16.91920829787359
96.53449940769676 16.91901518510406 96.53511094929675 16.919240490075726
96.51228006614114 16.919122473310058 96.51273067543215 16.919337049069732
96.5308623440161 16.919283404314424 96.53134514029077 16.919530166405433
96.53812574729808 16.919444334992637 96.53868364479509 16.91972328406729
95.63803013020924 16.9203670088744 95.6383090792839 16.920603042405737
96.5309481747766 16.91972328504576 96.53134514061692 16.919905674474098
96.14229613559537 16.920152434608177 96.14256435545805 16.92071033210518
96.14197427293433 16.9202704517 96.14227467912833 16.9208819933
96.5170972947834 16.919980773413357 96.5175049891834 16.920184620613355
96.51663595832316 16.920130974553427 96.5171294831575 16.92033482175343
96.1095409014098 16.92062450441742 96.11014171445012 16.920849809389082
96.5374712891763 16.92038847140107 96.5379755425703 16.920635233492078
96.5385227072676 16.920474299363484 96.53895185943927 16.920688875123158
96.51556307911281 16.920527942161858 96.51605660394713 16.920785433464854
96.53689193195069 16.92097855425094 96.53742837167603 16.921214587782277
96.53827594680737 16.921139483435702 96.53860853933271 16.921311144304365
95.67551655620761 16.922212366662926 95.67575258973895 16.92230892565693
96.54021785924688 16.921525718622092 96.54063628220656 16.92179393848476
96.53975652107005 16.921600819844436 96.54016421547004 16.921836853375773
96.54018567422017 16.92207289245175 96.54060409717984 16.922330383754748
96.51544506365175 16.92213726166404 96.51570255495476 16.922266006989386
96.538565625506 16.922115806364296 96.53900550623733 16.922351839895633
96.53965996109757 16.922137265114422 96.54008911326923 16.922384027205435
96.5379970000158 16.92221236437984 96.53838323664414 16.922405483020164
96.53650569891006 16.92224455299426 96.53692412186973 16.922480586525598
95.93609848738856 16.922888281577908 95.93655982589156 16.923027756115236
96.54016421351311 16.922641517529964 96.54046461970711 16.922845364729966
96.53958486313678 16.922738074240883 96.54000328609645 16.922963379212543
96.53348017593677 16.922899007202183 96.53389859889646 16.923059939511173
96.51691490568122 16.92293119367085 96.51736551497223 16.923124312311174
96.53812574175343 16.922941922093194 96.53853343615343 16.92313504073352
96.54627963220818 16.92296338084332 96.54663368250519 16.923167228043322
96.53763222115913 16.922974111359927 96.53801845778746 16.92317795855993
96.53719233977547 16.92303847978258 96.53755711928447 16.92322086921092
96.53511095223216 16.923070671332404 96.53547573174114 16.923253060760743
96.53551864695831 16.923135043668918 96.53622675016156 16.923306704537584
96.53593706665643 16.923135038776586 96.53644132005044 16.92332815741691
96.53631257863896 16.923135043016607 96.53668808670763 16.92333889021661
96.5352289676932 16.923167228695633 96.53562593353352 16.923338889564295
96.54259965428884 16.923231603315237 96.54316828099782 16.92349982317791
96.5433828544744 16.923231602662927 96.54402658240575 16.92353200885693
96.54224560138259 16.923274518532402 96.54263183801092 16.92345690796074
96.5353469857635 16.92328524709208 96.53576540872317 16.92344617940107
96.54109762462342 16.92333888630274 96.5415160475831 16.9236178353774
96.54187009331392 16.923413988503555 96.54219195727958 16.92362856426323
96.54026077837791 16.923478361818535 96.54080794731524 16.92373585312153
96.54103324739457 16.92352127866648 96.54128000948558 16.923714397306806
96.53718160697578 16.923757312850128 96.53755711504445 16.923971888609803
96.53849052363134 16.92375731480706 96.53899477702535 16.923875331572727
96.53761076175668 16.923768037495936 96.53801845615668 16.923950426924275
96.5364520508932 16.923853869561047 96.53705286393352 16.92408990309238
96.53558302190407 16.923928975023415 96.53601217407574 16.92414355078309
96.53498220690682 16.923982617495632 96.53540062986649 16.924154278364295
96.53519678201418 16.923982617495632 96.53582978138584 16.924154278364295
96.53485346027685 16.923993343772217 96.53547573043652 16.924154276081207
96.54339358205561 16.92400407396267 96.54396220876461 16.92428302303733
96.53964923286405 16.924111360537886 96.54018567258939 16.924358122628895
96.5405719079131 16.924229381543576 96.54107616130712 16.92454051694957
96.54149458915913 16.92425083409675 96.54188082578746 16.924454681296748
95.7097523656485 16.925130598906804 95.71018151782016 16.92534517466648
96.54211685801418 16.924401040455308 96.54254601018583 16.924669260317977
96.54328629841581 16.924701445997 96.54387638224414 16.924969665859674
96.5422563318992 16.92477654787166 96.54284641572754 16.925012581402996
96.54604359835069 16.924787276431335 96.54637619087603 16.924991123631337
96.53803991555912 16.924883833228083 96.53842615218745 16.92502330776541
96.53867291338584 16.924883837468105 96.5390913363455 16.92503404056511
96.53749274466486 16.924937481897256 96.53784679496187 16.9250662272226
96.53669881494115 16.924958937626155 96.53714942423215 16.92517351338583
96.54028223093108 16.924958937626155 96.54072211166242 16.925205699717164
96.54523894202423 16.92504476945094 96.54567882275556 16.925280802982275
96.53488564497741 16.925055497684458 96.53542208470274 16.92530225977547
96.54678388853759 16.92513059629756 96.54722376926892 16.92535590126922
96.54221341863897 16.9251520527646 96.54279277390762 16.925398814855612
96.5340595285962 16.925173514450126 96.53455305343053 16.9253880902098
96.5461079700349 16.925291531215795 96.5464620203319 16.925473920644134
96.53222490371037 16.925355901921534 96.53253603911637 16.925506105018535
96.5315811767575 16.925377362954748 96.53201032892916 16.925527566051752
96.53188158197304 16.925377358714726 96.53218198816704 16.925516833252058
95.83733967483352 16.926149832623718 95.83755425059319 16.92625712082971
96.54232070390955 16.925527566704062 96.54281422874388 16.925752871675723
96.12379947880706 16.925956713004926 96.12412134277272 16.92610691610193
96.15110448017222 16.92605327786973 96.1516731068812 16.926246396510056
96.53201032892916 16.92567776523489 96.53239656555749 16.925827968331895
96.53196741208122 16.925688495751498 96.53221417417222 16.9258386988485
96.53345871555587 16.925720683387457 96.53384495218421 16.925945988359118
96.53093744850001 16.9257528674357 96.53134514290001 16.925924528304368
96.53137732760057 16.925752869718792 96.53169919156623 16.92591380202778
96.53973506199375 16.925945987054494 96.54025004459974 16.926192749145503
96.53636621850194 16.926096189499187 96.53682755700493 16.926278578927526
96.5407221139455 16.926128376482833 96.5412907406545 16.926418054117164
96.53512168274877 16.926149831319094 96.53548646225775 16.92632149218776
96.53475689997822 16.926160566075723 96.53511095027523 16.926342955504065
96.53427410566049 16.92623566664576 96.53459596962617 16.926418056074098
96.53396296764525 16.92627858153677 96.53442430614825 16.926493157296445
96.53953121414145 16.926342950937887 96.54007838307878 16.926589713028896
96.54430553245886 16.9263751359646 96.54487415916786 16.92662189805561
96.54248163980625 16.92639659504088 96.54298589320027 16.92662190001254
96.54359743447411 16.92640732555749 96.54402658664577 16.926632630529152
96.53163481759894 16.926718461615796 96.53199959710793 16.926900851044135
96.54048608041417 16.92675064925175 96.54111907978583 16.927008140554747
96.53930591504059 16.92678283264769 96.53984235476592 16.927018866179026
96.51487643172428 16.92684720400574 96.51530558389594 16.9270188648744
96.54560371664088 16.926825748517164 96.54582902161255 16.927351459682832
96.51531631473871 16.926868665038953 96.51578838180137 16.92704032590762
96.53121639790082 16.926965220119094 96.53164555007248 16.92713688098776
96.54446646778909 16.92709397033677 96.54505655161742 16.927308546096445
96.54325410947523 16.927126157646573 96.54371544797822 16.92733000484657
96.54270694445177 16.927147613787454 96.54316828295475 16.927372918759115
96.54041097886568 16.92720125886892 96.54078648693434 16.927372919737582
95.72034169385775 16.928081016743878 95.72058845594876 16.928199033509546
96.539016234797 16.927319271394566 96.539531217403 16.927566033485576
96.52820160740107 16.927405106068917 96.52865221669208 16.927576766937584
96.54366180746293 16.92739437261691 96.54416606085694 16.927608948376587
96.54001401335151 16.92769478076785 96.54057191084851 16.92794154285886
96.54557153454958 16.927694784355563 96.54587194074358 16.927866445224225
96.53865145561417 16.927973729190196 96.53906987857386 16.928188304949874
96.53581905445694 16.928027375250128 96.53633403706293 16.928241951009802
96.53801845843978 16.928048832695634 96.5384154242801 16.928220493564297
96.53637695325857 16.928059557667595 96.53684902032124 16.928284862639256
96.53428483552479 16.92807029079345 96.53484273302179 16.928284866553124
96.53466034587655 16.92813465888994 96.53533625752998 16.928327777530267
96.53959558941337 16.928209765330777 96.54000328381336 16.928435070302438
96.53743909925724 16.928381423590196 96.5379648104229 16.928595999349874
96.15049293857221 16.9288213023646 96.15106156528121 16.92906806445561
96.53822230335669 16.928435070628595 96.53862999775669 16.928703290491264
96.54102251981337 16.92870328788202 96.54163406141336 16.92897150774469
96.53943465743053 16.928735471930267 96.5399603685962 16.92895004768994
96.54026077348558 16.928735473561044 96.54082940019457 16.92897150709238
95.67373557151092 16.929604507116352 95.67396087648258 16.92970106611036
96.53555083426811 16.928832035164298 96.53610873176511 16.92906806869563
96.53481054832123 16.928907132798933 96.53515387005856 16.92906806510792
96.53637695195394 16.929025150216912 96.53691339167929 16.929239725976586
95.6450360350128 16.930055120080905 95.64532571264712 16.93029115361224
96.1502139891714 16.929604509073286 96.15076115810874 16.929808356273284
96.53885530142372 16.9294650312744 96.53937028402972 16.929701064805737
96.5395526777839 16.929497216953425 96.54008911750925 16.929701064153427
96.5340273448741 16.92957232404657 96.53445649704577 16.929776171246573
96.53729962635069 16.929765436816098 96.53783606607604 16.930044385890756
96.49703423304358 16.929861998179025 96.49734536844956 16.930033659047687
96.53849052363134 16.9298405383646 96.53903769256867 16.93008730045561
96.53574395388691 16.92990491624576 96.5360550892929 16.9300873056741
96.53467107378391 16.930055119102438 96.53500366630925 16.930237508530777
96.53618383266131 16.930055115840883 96.53673100159864 16.930280420812544
96.53520750861692 16.930162404939512 96.53562593157659 16.930387709911173
96.53682755961418 16.93023750681417 96.53725671178583 16.93046281178583
96.53808283045014 16.930334064263228 96.53829740620981 16.930527182903553
96.51867442706161 16.930505726436515 96.51902847735862 16.93069884507684
96.47591995165668 16.9306022841259 96.47632764605667 16.93078467355424
96.47687481540599 16.93060228934439 96.47735761168065 16.9308490514354
96.5339200553635 16.930613014882834 96.53433847832316 16.930827590642508
96.51902847833708 16.930709575267294 96.51933961374307 16.930838320592635
96.53443503894795 16.9308919656741 96.53498220788528 16.93111727064576
96.47588776858689 16.930967063961045 96.4764027511929 16.931203097492382
96.51660377166567 16.930967064613355 96.517043652397 16.931170911813357
96.53522897160707 16.93095633344444 96.53575468277273 16.931192366975772
96.51873880200736 16.931009979504367 96.51907139453272 16.931246013035704
96.53743909925724 16.931256745183088 96.53776096322291 16.931449863823413
96.4913479693869 16.931353301894006 96.49165910479289 16.93148204721935
96.53780388300625 16.931460591404623 96.53810428920026 16.93160006594195
96.5391020667763 16.93150350205561 96.5394024729703 16.9316644343646
96.47596286728583 16.93163225129482 96.47641347657684 16.931782454391822
96.53230000395425 16.931632249990198 96.53272915612591 16.931846825749872
96.53629112184576 16.93164297854987 96.53667735847411 16.931836097190196
96.475501528697 16.93180391020655 96.47601651130299 16.931997028846876
96.53280425865287 16.931825371892078 96.5330939362872 16.931986304201068
95.70730620014113 16.932672944740325 95.70755296223214 16.932780232946318
96.53754638909402 16.932039946020975 96.53808282881936 16.932275979552312
96.51692563563134 16.932104315095934 96.51723677103733 16.932286704524273
96.53250385539427 16.932093586862415 96.5327398889256 16.93226524773108
96.53890894976674 16.932093589797816 96.53932737272642 16.932340351888826
95.93145291848201 16.932780234250938 95.93192498554468 16.933016267782275
96.49715224752615 16.932254524389894 96.49764577236049 16.932458371589895
96.53223563292235 16.93222233349238 96.53261114099102 16.932393994361046
96.49764576968258 16.932308162948246 96.49803200631091 16.93245836604525
96.53674172754907 16.932275978247688 96.53711723561773 16.932512011779025
95.93083064799619 16.932973351586643 95.93132417283051 16.93317719878664
96.53748201480056 16.932436912187455 96.53800772596624 16.932662217159116
96.53622674820463 16.932576382810918 96.53657006994196 16.93280168778258
96.54122636701337 16.93257638411554 96.54143021421336 16.93273731642453
96.49205606574088 16.93265148729482 96.49248521791255 16.932801690391823
96.53564739065287 16.932608571099188 96.53593706828721 16.932790960527527
96.53672027010356 16.932662218137583 96.53713869306324 16.93289825166892
96.51882463211555 16.93274804824576 96.51918941162454 16.9329304376741
96.5184598522804 16.93281241568994 96.5189748348864 16.933005534330267
96.53743910154033 16.93282314979426 96.53795408414632 16.933059183325597
96.49208825044144 16.932876789004926 96.49243157217876 16.93302699210193
96.53886603161418 16.932833877049315 96.53929518378584 16.93311282612397
95.93101304133839 16.933488335171102 95.93127053264139 16.933938944462113
96.51849204024252 16.9330913647646 96.51867442967085 16.93354197405561
96.49612228289782 16.933220114329963 96.49657289218882 16.933423961529964
96.5357546778804 16.93323084060655 96.5362696604864 16.933423959246877
96.51709729747847 16.933338128812544 96.51755863598147 16.933520518240883
96.52862002807765 16.93340250310599 96.52885606160899 16.93368145218065
95.65286806076374 16.934561211034076 95.6531899247294 16.93468995635942
96.53934882797466 16.933681454137584 96.539692149712 16.933917487668918
96.51870661795913 16.93371363753352 96.51888900738746 16.934132060493194
96.53558301831636 16.93379947025094 96.53608727171037 16.934035503782276
96.53018643040575 16.933885298402185 96.5305619384744 16.93404623071117
96.50703368067522 16.933917482124276 96.50749501917822 16.934142787095936
96.5390269665324 16.93394967139101 96.53941320316075 16.934185704922346
96.5372459829 16.93399258628202 96.5376536773 16.934260806144692
96.50651870230925 16.93404622875424 96.5070014985839 16.9342715337259
96.52949978986649 16.934164250738394 96.52969290850682 16.934625589241392
96.49168056191223 16.93420716171554 96.4920560699809 16.934368094024528
96.53870510224058 16.93421789190599 96.53903769476592 16.93449684098065
96.5292422992158 16.934346637883646 96.52942468864414 16.93465777328964
96.53026153423734 16.93492599478309 96.53079797396268 16.935119113423415
96.53727816694825 16.934958178179023 96.53763221724526 16.93512983904769
95.66161202884987 16.936041787820162 95.6620089946902 16.936191990917166
96.49672309300274 16.935322961275723 96.4972058892774 16.935505350704062
96.53847979368122 16.9353229581 96.53893040297223 16.9355268053
96.53778241968995 16.935344418395076 96.53817938553027 16.93560190969807
96.49644414718964 16.9356126356485 96.49694840058365 16.93583794062016
95.70582562205043 16.93644948263215 95.70613675745642 16.93661041494114
96.53756784914876 16.935677008070847 96.53793262865776 16.935902313042508
95.66465901065911 16.93699664928639 95.66484140008745 16.937093208280395
96.51178653934988 16.93650312640899 96.51218350519021 16.936674787277653
96.5107136624226 16.93727559738258 96.51119645869727 16.93745798681092
96.51001628745287 16.93729705580655 96.51050981228721 16.937490174446875
96.50908288384414 16.937350701214168 96.5097158832158 16.93757600618583
96.12315574843814 16.937801313114424 96.12371364593514 16.938048075205433
96.50960859696674 16.937597461348247 96.51002701992641 16.93774766444525
96.12417498328801 16.938337749904367 96.12472215222533 16.938573783435704
95.88706787229837 16.938627429169475 95.88772232944169 16.93891710680381
96.53458524008802 16.93803734240574 96.53492856182535 16.9382090032744
96.50807437444688 16.938123171861605 96.50849279740656 16.938273374958605
95.8880120087068 16.93877762933108 95.88843043166648 16.939217510062416
96.50913652435942 16.938348476833266 96.50941547343409 16.93874544267359
96.41466902336647 16.938455765039258 96.4150659892068 16.938638154467597
95.65339376810137 16.939281887291266 95.6537370898387 16.939421361828593
95.64855507899237 16.93945354587684 95.64872673986105 16.939871968836517
96.5343492049259 16.938605969440882 96.53473544155425 16.938831274412543
95.65297534799126 16.939507190305992 95.6531148225286 16.93978613938065
96.12444320412915 16.939056578405737 96.12482944075748 16.939228239274403
95.88858063476347 16.9393998991646 95.88920290492315 16.939646661255612
95.88708933300543 16.93947500299619 95.88765795971442 16.93976468063052
95.65208485666429 16.939711038810614 95.65232089019563 16.93983978413596
96.49149816791773 16.938949295092076 96.49193804864906 16.939110227401066
95.70408755942016 16.939904157777097 95.70430213517983 16.94002217454276
95.65189173802396 16.940097273155864 95.65222433054932 16.940279662584203
95.8884626144101 16.940043627422092 95.88912780207004 16.94031184728476
95.88717516343976 16.940279664541137 95.88777597648009 16.940526426632147
95.88711078979863 16.94066590149563 95.88737900966129 16.941245256764297
95.88874156348476 16.94070881801742 95.88928873242209 16.94093412298908
95.88769014604576 16.94092338921092 95.8882802298741 16.94114869418258
95.88404235021771 16.94145982902209 95.88427838374905 16.941931896084764
96.4191751186455 16.941374002827782 96.41957208448582 16.94162076491879
96.41940042059593 16.94150274676267 96.41978665722426 16.941738780294006
96.41975447717572 16.941620762961858 96.42014071380406 16.941878254264854
96.4713387562196 16.941717321955863 96.47184300961361 16.941899711384206
95.90254953184849 16.942425423202184 95.9029035821455 16.94258635551117
96.53878020183215 16.942693641434076 96.53894113414114 16.94302623395942
95.74294727049674 16.943702152462112 95.74335496489675 16.943863084771102
95.74242156381143 16.94404547126404 95.74277561410842 16.944174216589385
95.74294727114906 16.944056200802184 95.74332277921772 16.944217133111174
95.66274928031092 16.94428150838309 95.66338227968258 16.944474627023414
95.74242156022372 16.944238587947435 95.74273269562971 16.944367333272776
95.66381143520162 16.94443170789238 95.66449807737166 16.944603368761044
95.74244301971198 16.944410254034587 95.742743425906 16.944549728571914
95.66512034916211 16.944581913272472 95.6656889758711 16.94476430270081
95.66316770490137 16.944603370717978 95.6635110266387 16.944742845255305
95.66362904405668 16.944635559332404 95.66430495571011 16.944817948760743
95.65211704071254 16.944710660554748 95.65250327734088 16.94486086365175
95.6516878898455 16.944753572836515 95.65205266935449 16.94494669147684
96.47057700989181 16.944013283954238 96.47113490738882 16.9442385889259
96.46993328154849 16.944088385176585 96.4703946200515 16.94428150381691
96.46755148813732 16.945236366828084 96.46788408066267 16.94537584136541
96.35645434422617 16.945375841039258 96.35690495351717 16.945762077667595
96.4694826699744 16.945483133159115 96.46992255070573 16.945665522587454
96.46772315161523 16.9455045863646 96.4681952186779 16.94575134845561
96.46998692467302 16.94553677400056 96.47028733086704 16.945654790766227
96.47029805975286 16.945547505495632 96.4707915845872 16.945719166364295
96.51108916853434 16.946148315274403 96.51152904926568 16.946384348805736
96.50441585168996 16.94659892856511 96.50460897033027 16.947060267068107
96.5070014927131 16.94672767193352 96.50750574610711 16.946942247693194
95.70128734272316 16.947564519483645 95.70148046136349 16.947671807689638
95.70151264802098 16.947661078803808 95.70174868155232 16.947779095569476
95.74351589981498 16.94763962298908 95.74449222027167 16.94782201241742
96.51231225214633 16.94691006266648 96.51261265834033 16.947103181306804
96.50721606847279 16.947296297337886 96.50769886474744 16.947543059428895
95.65293243057684 16.94828334928964 95.65312554921717 16.948379908283645
96.51235516671117 16.947671804428083 96.51260192880218 16.947811278965414
95.70321852782179 16.948766145890453 95.70347601912478 16.94888416265612
95.67222281002427 16.94989266911798 95.67265196219593 16.950235990855308
96.53150607553515 16.95008578873677 96.53176356683815 16.950300364496446
96.28332663159237 16.95084753147684 96.28390598686104 16.951062107236517
95.67111774424225 16.95146980000574 95.67148252375124 16.951845308074404
96.27934625050025 16.951137207480397 96.27986123310625 16.951448342886387
96.57737190694276 16.951190852888015 96.57766158457709 16.951330327425342
96.27885272109974 16.951577086907108 96.27935697449375 16.9518882223131
96.57723242914388 16.951383970549873 96.57755429310954 16.9515770891902
96.5024203001256 16.951738023782276 96.50279580819426 16.95190968465094
96.27767255270491 16.953122034810917 96.27802660300192 16.953347339782578
96.27830555207657 16.953229323995377 96.2784986707169 16.95349754385805
95.65616180238091 16.954130545512797 95.65639783591223 16.95442022314713
95.65641928846541 16.95430220214144 95.65668750832808 16.95464552387877
95.65717030362427 16.95488155838857 95.65739560859593 16.955139049691567
95.65737415571661 16.955074679311984 95.65757800291661 16.955342899174656
96.57869154457059 16.959076664046574 96.57921725573625 16.959280511246575
95.65935898369943 16.960267560915238 95.65964866133378 16.96053578077791
96.56108537560738 16.959527268119096 96.56141796813272 16.959698928987763
96.56105318912154 16.960052979284765 96.56140723941854 16.960192453822092
96.55933658450326 16.960106628932405 96.55974427890325 16.960289018360744
96.61325974199862 16.961662302700816 96.61373180906129 16.962091454872475
96.6136137932741 16.961683759270848 96.61383909824575 16.96211291144251
95.6718258445101 16.962831739840883 95.67202969171011 16.963057044812544
95.33023053427166 16.9640333669 95.33088499141498 16.964516163174657
96.57774741142372 16.96284246709594 96.57826239402971 16.963024856524278
95.32984429601254 16.96434450469208 95.33023053264088 16.96491313140107
95.70255334407572 16.964827301292893 95.70273573350407 16.9649238602869
95.66612885334088 16.965256449550687 95.66635415831254 16.96538519487603
95.71603944390762 16.96635078555424 95.71668317183895 16.9665760905259
95.66837117221472 16.966543906391824 95.66871449395205 16.966726295820163
95.70963434814469 16.96708034587684 95.71018151708202 16.96729492163652
95.70907645325693 16.96718763375668 95.70959143586293 16.96739148095668
96.58123427200735 16.969494325293194 96.5817707117327 16.96968744393352
96.58130937420817 16.969805460699188 96.58186727170518 16.969987850127527
96.5814059315714 16.97010586885013 96.58195310050873 16.970320444609804
96.58193164665093 16.97244474843459 96.58216768018227 16.972584222971918
96.581878000591 16.97283098049675 96.58231788132234 16.97303482769675
96.58434562574114 16.972841709382582 96.58479623503214 16.97302409881092
95.67852062075693 16.97376438671473 95.67883175616292 16.973903861252058
95.67884248602722 16.973839490872475 95.67937892575256 16.974021880300814
96.58402375949237 16.97300264103926 96.58439926756104 16.973185030467597
96.58186726974824 16.97320649345775 96.58242516724525 16.97345325554876
96.58435635169157 16.97333523421691 96.58491424918857 16.97354980997659
95.67970078515205 16.974375930923973 95.67996900501473 16.974504676249317
95.67997973594332 16.97449394866811 95.68031232846866 16.974644151765112
96.58198528749237 16.973764391280906 96.58256464276104 16.974000424812242
96.58192091580817 16.974054063370595 96.58207111890518 16.97437592733626
95.68172853013732 16.97516986358309 95.68226496986267 16.975362982223416
96.5820603874101 16.974311556304368 96.5826719290101 16.974547589835705
95.82348879492615 16.975362979940325 95.82363899802316 16.97547026814632
96.58231788067003 16.9751376769256 96.58292942227003 16.975309337794265
96.58244662664768 16.97538443966892 96.58288650737902 16.975556100537585
96.58232861249125 16.97551318532042 96.58246808702859 16.975835049286086
96.48644490402752 16.976650437759933 96.48687405619918 16.97685428495993
96.58268266278826 16.97669334841092 96.58339076599151 16.97691865338258
96.48592992435692 16.97683282816674 96.48644490696292 16.977047403926413
96.58281140941823 16.977294163734335 96.58364825272834 16.97757311280899
96.57045183094276 16.9776482160741 96.57094535577708 16.977873521045762
96.58291869664575 16.977798417454498 96.58330493327409 16.977991536094823
96.58299379525886 16.978173923978215 96.58335857476784 16.97832412707522
96.59452725572234 16.97837777509208 96.594902763791 16.978538707401068
96.59454871251553 16.978485063624227 96.59491349202452 16.978721097155564
96.57741481857221 16.978538703161046 96.5775757508812 16.97897858389238
96.59458090015148 16.978699636122347 96.59493495044849 16.978871296991013
96.57488282630406 16.978806921719098 96.57531197847572 16.97897858258776
96.59398008711116 16.97892493946323 96.59443069640217 16.979118058103555
96.5838520973191 16.979278992695633 96.58422760538775 16.9794506535643
96.58509664294276 16.97954720929675 96.58559016777708 16.97975105649675
96.59599709938257 16.97965449978583 96.59638333601092 16.97983688921417
96.58422760767084 16.979675958862114 96.5846567598425 16.979836891171104
96.58350877688638 16.979847620056933 96.58380918308039 16.97995490826293
96.584731861391 16.979954905979838 96.58517174212234 16.980148024620163
96.5834873207455 16.98051280217222 96.58385210025449 16.98067373448121
96.58535413489807 16.980673733176587 96.58570818519507 16.980866851816913
96.58627680799019 16.980823938230525 96.58649138374986 16.980941954996194
96.58622316258257 16.981049240919095 96.58660939921091 16.98122090178776
96.58616952337191 16.981467667466482 96.58664159043458 16.981660786106808
96.57862717647409 16.981617872194263 96.57926017584575 16.9818539057256
96.58428124981691 16.981757345753124 96.58469967277658 16.98195046439345
96.58231788001771 16.981982650072474 96.58275776074905 16.982165039500813
96.58183508602615 16.98205775064251 96.58232861086049 16.98224014007085
96.57590206002097 16.982089937952313 96.5763419407523 16.982261598820976
96.57795125699293 16.982175766429712 96.57824093462726 16.98227232542372
96.58780029803651 16.982175770669734 96.58819726387684 16.98236888931006
96.58614806331715 16.982293782869224 96.58667377448283 16.982476172297563
96.5816634228744 16.982368885722348 96.58210330360573 16.98254054659101
96.58413105193839 16.982433260015796 96.58459239044139 16.982615649444135
96.57876665133757 16.982508363195077 96.57941037926891 16.982765854498073
96.58093386711798 16.982508359693195 96.5812771888553 16.98270147833352
95.8192509201621 16.983645614089642 95.8194118524711 16.983742173083648
96.57809073609644 16.98321646126567 96.57848770193677 16.983388122134333
96.58609441954032 16.983377396510058 96.58660940214631 16.983591972269732
96.5773611761 16.983506136943067 96.5775650233 16.983602695937076
96.58099824173757 16.98354905085561 96.58143812246891 16.9837099831646
96.58188873208609 16.983591970638955 96.58238225692041 16.98376363150762
96.57890612326567 16.9836348845515 96.57928163133433 16.983785087648503
96.58040815660462 16.983699260475728 96.58095532554195 16.983881649904067
96.58621243826292 16.983774358436516 96.58671669165693 16.983967477076842
96.58755353855474 16.98390310506648 96.58790758885175 16.984096223706807
96.58704928059456 16.98401039066323 96.58749988988556 16.984203509303555
96.58648065616866 16.984085491233266 96.58695272323133 16.98427860987359
96.58452801321253 16.98505108313027 96.58491424984088 16.985265658889944
96.58462457285886 16.985684088046575 96.58498935236784 16.985887935246573
95.98020479506404 16.99511470286892 95.98074123478938 16.995286363737584
95.97931430699863 16.995200531672474 95.97978637406129 16.995382921100813
95.98098799916347 16.995393649334332 95.98161026932316 16.99562968286567
95.48475786355256 16.99667037663733 95.48524065982721 16.997002969162672
95.97920701944494 16.996573816991013 95.97997949270162 16.996809850522347
95.79371616709207 17.003998289423414 95.79387709940106 17.00421286518309
95.69163142553839 17.00839709617029 95.69188891684139 17.008504384376284
96.30566399676292 17.008203979160744 96.30596440295693 17.008429284132404
95.31965193584088 17.00931977480706 95.31987724081254 17.00943779157273
95.6909876914101 17.009051549399747 95.6911915386101 17.009351955593754
95.5000036955 17.00975964934144 95.50027191536267 17.00989912387877
96.30418341867221 17.009233941111173 96.3047520453812 17.009480703202183
96.30347531644743 17.009276855676028 96.30401175617277 17.009555804750686
96.30270284351691 17.009330502714423 96.30332511367658 17.009577264805436
96.30272430357165 17.009759655538396 96.3034324067749 17.010017146841392
95.79506799635556 17.010403378251244 95.79564735162423 17.010650140342253
96.30279940316322 17.01030682056186 96.30340021620354 17.010564311864854
96.58580474353677 17.010725247109246 96.58642701369644 17.0110041961839
95.43750822507384 17.012506225197004 95.43790519091417 17.012817360602998
96.5843134394098 17.011465533382275 96.58471040525012 17.01163719425094
95.4375296828455 17.013225055655308 95.43811976667384 17.01349327551798
96.15718771155748 17.01416918758339 96.15782071092914 17.014373034783393
95.43711104727659 17.015027493557493 95.43750801311691 17.015252798529154
95.81133285615992 17.014866558313102 95.81153670335992 17.014963117307108
96.15698386174824 17.0147914626354 96.15733791204525 17.01495239494439
96.15660835824576 17.016003814992636 96.15719844207409 17.016282764067295
96.16154360667491 17.016143286594566 96.16219806381822 17.016390048685576
96.15764904940818 17.016229119311987 96.15820694690518 17.01649733917466
96.15713406712834 17.016765557732707 96.15778852427165 17.017044506807366
96.3009540530651 17.01843925054987 96.3014153915681 17.018632369190197
96.30044979706186 17.01847143818583 96.30091113556485 17.01865382761417
96.3014475752902 17.018535813457746 96.30186599824987 17.01878257554876
96.30183381257085 17.018739658700813 96.3022629647425 17.018964963672474
96.29508539711335 17.018825486525902 96.29575058477329 17.01900787595424
96.30206984544986 17.018879132911987 96.30267065849019 17.01914735277466
96.30245608305667 17.01905079312834 96.30315345574331 17.019319012991012
96.29507466953214 17.019179539105995 96.29564329624114 17.019351199974658
96.30289596183107 17.019179538779838 96.30353968976242 17.01946921641417
96.29415199048339 17.01935120136511 96.29491373322345 17.019608692668108
96.29567548257246 17.01944775929482 96.29606171920081 17.01963014872316
96.29595443295175 17.019555047044197 96.29641577145475 17.019683792369538
96.53984235476592 17.023235028029408 96.54032515104059 17.02352470566374
96.53928445759509 17.023481787511173 96.53974579609807 17.023728549602183
96.53983162098777 17.023728547645252 96.5402715017191 17.023986038948248
96.53904842210682 17.023910940335146 96.53967069226648 17.02416843163814
96.17322726664769 17.025412970412546 96.17366714737902 17.025595359840885
96.17287321569837 17.025970871171104 96.17358131890163 17.026217633262114
96.16079258955911 17.02640002301661 96.16138267338745 17.026603870216608
96.16146850349563 17.026475121303555 96.1620478587643 17.02668969706323
96.16078185969482 17.026754071356677 96.16133975719183 17.02695791855668
96.1614255873 17.02685062871991 96.1620371289 17.027043747360235
96.1571662554166 17.02690427249675 96.1577777970166 17.02710811969675
96.5617076490286 17.026807713828898 96.56197586889127 17.026968646137888
96.15710188112315 17.027226141680906 96.15770269416348 17.027462175212243
96.17160721858583 17.027537272846878 96.17219730241416 17.027751848606552
96.17147847489126 17.028245371810105 96.17202564382859 17.028449219010106
96.15114739473707 17.028299021457748 96.15166237734306 17.028545783548758
96.17244406254824 17.028427765152312 96.17279811284524 17.028599426020975
96.17281957485693 17.028481410233773 96.17313071026292 17.028599426999442
96.17132827244657 17.028610151319096 96.17193981404657 17.02878181218776
96.1513083267199 17.028846190395075 96.15190913976024 17.02910368169807
96.17112442198501 17.02897493180655 96.17183252518826 17.029168050446877
96.17240115026648 17.029050035638143 96.1727981161068 17.029200238735147
96.17281957387846 17.029103675827272 96.17307706518146 17.02922169259294
96.15639378215992 17.029168048489943 96.15700532375993 17.02936116713027
96.17255135108039 17.029371896342255 96.17306633368638 17.029532828651245
96.15630795074713 17.029457726776588 96.1568336619128 17.029650845416914
96.15170529712641 17.02967230425287 96.15230611016673 17.0299619818872
96.1690752217515 17.029672307102437 96.1696331192485 17.029854696530776
96.15886140152509 17.029715219384205 96.15954804369512 17.029940524355865
96.58832601083296 17.02950064721224 96.58862641702696 17.029672308080904
96.15019253335667 17.030004896452056 96.1508684450101 17.030273116314728
96.17234750616348 17.029983439658864 96.17296977632316 17.030144371967854
96.15870047247765 17.03003708278339 96.15934420040898 17.030240929983393
96.16867825712995 17.030090727212546 96.16928979872996 17.030273116640885
96.16049218238663 17.030122913870034 96.16118955507328 17.030326761070036
96.17231532178907 17.0302623893 96.17290540561741 17.030434050168665
96.16894647568802 17.030273115662418 96.16949364462533 17.03044477653108
96.16039562078339 17.0304555077 96.16106080844332 17.0306593549
96.17220803064768 17.030509149519908 96.17285175857901 17.030702268160233
96.16890356177547 17.03083101609482 96.16926834128445 17.030981219191823
96.15760613288639 17.031152882669733 96.1581103862804 17.03134600131006
96.16862461400544 17.03118506378258 96.16919324071442 17.03136745321092
96.1685816978098 17.031367455167853 96.16918251085012 17.031614217258863
96.16941854087958 17.03148547486892 96.16991206571392 17.031657135737582
96.16862461302696 17.03151766152641 96.16913959563296 17.031710780166737
96.15734864125723 17.03163567307359 96.1578743524229 17.031850248833265
96.1719934578234 17.03165713475912 96.17261572798309 17.031839524187458
96.16009521393707 17.03183952614439 96.16061019654306 17.0320862882354
96.16128611341497 17.03203263924007 96.1619405705583 17.03223648644007
96.16058873909756 17.03206482948527 96.16122173846922 17.032333049347944
96.1894708806515 17.03224721760899 96.1900287781485 17.032418878477653
96.16122174238309 17.03237596293433 96.16182255542341 17.03261199646567
96.17201491298583 17.032526164726715 96.17260499681417 17.032730011926713
96.18946015143952 17.03268709638339 96.18995367627384 17.032890943583393
96.17195053869237 17.032858758556678 96.17252989396104 17.03306260575668
96.16105007694824 17.033019693148756 96.16140412724525 17.033180625457746
96.16142558958309 17.03312697776704 96.16161870822341 17.033234265973032
96.16041708312123 17.033223541001068 96.16096425205856 17.033470303092077
96.16170453409157 17.03327718249482 96.16205858438857 17.033427385591825
96.16240190645205 17.03327718184251 96.16287397351472 17.03345957127085
96.17186471119345 17.0333093714354 96.17248698135312 17.03347030374439
96.16097497833515 17.033438116760742 96.16143631683813 17.033663421732403
96.16372155027683 17.03345957192316 96.16434382043651 17.033652690563486
96.17199345390955 17.03349175694987 96.17248697874388 17.033684875590197
96.16220879270406 17.033566856867598 96.16284179207572 17.03379216183926
96.16049218238663 17.033577585427274 96.16122174009999 17.03389944939294
96.1666827019779 17.033588316270034 96.16722987091524 17.033792163470036
95.96977640136105 17.033802890398935 95.97021628209238 17.03396382270792
96.16341041389238 17.033706337275724 96.16398976916105 17.033888726704063
96.1644940216624 17.033749247926714 96.16507337693108 17.033953095126716
96.17205782526759 17.03378143849807 96.17248697743925 17.033931641595075
96.16941854381498 17.033953094474402 96.1700730009583 17.03418912800574
96.16676852915069 17.033974553876842 96.16730496887602 17.034189129636516
96.16159724588557 17.03399601491006 96.16216587259456 17.034210590669733
96.15873265880899 17.034071115480092 96.15910816687764 17.034285691239766
96.16398977283458 17.034114027435702 96.16453694177191 17.03428568830437
96.17174669312315 17.034135483576588 96.17234750616348 17.034328602216913
96.16073894088994 17.034296421104063 96.16133975393026 17.034521726075724
96.1663608360553 17.03433933403814 96.16662905591798 17.034489537135144
96.16926833941335 17.034468081646573 96.16993352707328 17.034671928846574
96.17168231850356 17.034489538439768 96.17230458866322 17.034682657080094
96.15910816785612 17.03463973794906 96.15939784549045 17.034811398817723
96.15841079410518 17.03465046618258 96.15887213260817 17.03483285561092
96.17013737166404 17.034736297269223 96.17067381138938 17.034918686697562
96.1715964874169 17.034875774415795 96.17221875757659 17.035058163844134
96.16659687089127 17.034972333409804 96.16714403982859 17.035165452050126
96.16923615103926 17.034972331126713 96.1698262348676 17.035176178326715
96.1618225518357 17.035079620963483 96.16240190710437 17.03529419672316
96.16682217357983 17.03536929835749 96.16742298662015 17.03559460332915
96.15613628824768 17.035412211617725 96.15678001617903 17.035648245149062
96.15594317221661 17.03578772155749 96.15614701941661 17.03590573832316
96.16288470109593 17.035852094220164 96.16327093772428 17.03604521286049
96.15605045944413 17.035895009111172 96.1564796116158 17.03610958487085
96.16912886348557 17.03592719609482 96.16969749019457 17.03610958552316
96.16628573189756 17.036023756805434 96.16671488406922 17.036184689114425
96.16228389131716 17.036066671696446 96.16280960248282 17.03625979033677
96.17142483046212 17.036238331586645 96.1719934571711 17.036442178786643
96.16064238483133 17.036291976668107 96.16098570656867 17.03644217976511
96.1690001220741 17.036291975363486 96.16963312144576 17.03650655112316
96.1611359093395 17.036431449900814 96.16162943417385 17.036656754872475
96.15986990994388 17.03651727935668 96.16039562110954 17.036721126556678
96.17673558402453 17.03662457049807 96.17718619331553 17.036774773595074
96.17122098032671 17.036635293839257 96.17195053804006 17.036817683267596
96.1579709137 17.03671039767085 96.15858245529999 17.03693570264251
96.17739004410325 17.03671039897547 96.17779773850324 17.03687133128446
96.16891429261823 17.0367211249259 96.16956874976155 17.03690351435424
96.1764995482101 17.036903518268108 96.1769072426101 17.037053721365112
96.17140337171199 17.036914244544693 96.17187543877465 17.03705371908202
96.16008448766048 17.036989345440883 96.16061019882615 17.037214650412544
96.17712182097902 17.036989343810106 96.17770117624768 17.037193191010108
96.17104932141498 17.037042990522348 96.17175742461824 17.03721465139101
96.15408708638338 17.037214654652566 96.15504195232997 17.037493603727224
96.17124243875068 17.037246837722346 96.17177887847602 17.037418498591013
96.17484731805693 17.037257565955866 96.17536230066293 17.037439955384205
95.26586825206186 17.03833044540655 95.26612574336485 17.038727411246878
96.16604969869238 17.037450686553125 96.16662905396105 17.03764380519345
96.174697112591 17.03752578712316 96.17534084052234 17.037718905763484
96.1714999320106 17.037611617231335 96.17183252453596 17.037751091768666
96.16593168257901 17.037890565979836 96.16651103784768 17.03808368462016
96.17104932141498 17.03789056434906 96.17176814861173 17.038062225217725
96.17686433000218 17.03798712366922 96.17743295671117 17.03816951309756
96.17104932467653 17.038062226848503 96.17172523632996 17.0383197181515
96.15532089749075 17.038126602446575 96.15585733721609 17.038330449646573
96.15719843881254 17.038126600815797 96.15778852264089 17.038308990244136
96.15859318166241 17.03835190187359 96.15917253693108 17.038566477633264
96.15554620572397 17.03849137706323 96.15608264544932 17.038684495703556
96.15740228601254 17.038502106927528 96.15799236984088 17.03872741189919
96.17024466215312 17.038502110841392 96.17064162799345 17.038652313938396
96.1713068133703 17.03872741189919 96.17161794877627 17.038909801327527
96.15563203844138 17.038781057959117 96.15618993593839 17.038963447387456
96.17225094684332 17.03879178456186 96.17298050455668 17.039049275864855
96.16733715325043 17.039092193038954 96.16785213585642 17.03926385390762
96.1721865767899 17.03926385031991 96.17279811838989 17.039456968960234
96.1558251557771 17.039414054069223 96.15635086694276 17.03959644349756
96.15606118963458 17.03962863406892 96.15660835857192 17.039800294937585
96.17121025176704 17.039639360345507 96.17152138717303 17.039800292654494
96.17499752050162 17.039907580534333 96.17573780873158 17.04014361406567
96.15609337335667 17.039939768496446 96.15682293107004 17.04013288713677
96.17116733622372 17.040014867435705 96.17147847162971 17.040186528304368
96.1638932115575 17.0400255973 96.16452621092915 17.0402294445
96.17205782526759 17.04026163115749 96.17269082463926 17.040486936129152
96.16389321057902 17.040358189499187 96.16447256584769 17.040540578927526
96.17599530036074 17.040358191782275 96.1766282997324 17.04052985265094
96.58638409750081 17.03997195352316 96.58681324967247 17.040165072163486
96.1582391336485 17.040508393900815 96.15880776035749 17.040733698872476
96.15670491560898 17.040572767868106 96.15708042367766 17.04072297096511
96.16387175117659 17.040647867785832 96.16447256421691 17.04083025721417
96.15246703929999 17.040680056726412 96.15273525916267 17.040873175366738
96.18809759533296 17.04064786713352 96.18839800152698 17.040862442893197
96.1875075102 17.0406800560741 96.18797957726268 17.04090536104576
96.18985712151986 17.040712241100813 96.1905330331733 17.040937546072474
96.15649034050162 17.04083025721417 96.15714479764495 17.041055562185832
96.17435378824443 17.04084098544769 96.17499751617576 17.041077018979024
96.16383956973758 17.040948273979836 96.16448329766891 17.041205765282836
96.18824779777766 17.040926816860487 96.188891525709 17.041173578951497
96.16586731350407 17.04100191840899 96.16650031287573 17.04120576560899
96.58619097886049 17.040594222704367 96.58671669002615 17.040830256235704
96.17264791203134 17.041023375854497 96.17319508096867 17.041248680826158
96.1588184915264 17.041066290745505 96.15921545736673 17.04121649384251
96.1586575597839 17.041077019631338 96.15899015230924 17.0412486805
96.187561154303 17.041055562185832 96.18814050957167 17.041280867157493
96.17200418214307 17.04109847707684 96.17250843553707 17.0413237820485
96.18993222208991 17.041109205962673 96.19060813374332 17.041345239494007
96.15680147134144 17.041173578951497 96.15734864027877 17.04135596837984
96.15880775872671 17.04130232427684 96.1592154531267 17.041452527373846
96.15861464097902 17.0413237820485 96.15899014904768 17.04150617147684
96.16586731187328 17.041345239820163 96.16647885347328 17.041559815579838
96.15466644523977 17.041452527373846 96.15526725828009 17.04164564601417
96.15705896786292 17.041677969510108 96.15756322125694 17.041881816710106
96.1560075461839 17.041785260651498 96.15634013870924 17.0419354637485
96.15652252813759 17.041785258042253 96.15696240886892 17.041946190351243
96.15883994375342 17.04191400760762 96.15945148535343 17.042150041138957
96.18845164562997 17.041914004346065 96.1891168332899 17.04219295342072
96.15712333889482 17.04199983445424 96.15768123639182 17.042225139425902
96.18776500182916 17.041978377008736 96.18838727198883 17.042246596871408
96.16939708726211 17.042042752606807 96.1699657139711 17.04225732836648
96.16589949657384 17.04218222844876 96.16642520773951 17.042343160757746
96.16819546118145 17.042343155539257 96.16875335867846 17.042525544967596
96.15908670910599 17.042407533746573 96.15956950538065 17.042611380946575
96.1665324952932 17.04241825708776 96.16713330833352 17.042654290619097
96.1659209566286 17.0424289866259 96.16639302369126 17.04261137605424
96.15915108307328 17.0425148209741 96.15976262467328 17.042740125945762
96.16651103817384 17.04277230836323 96.1670367493395 17.042965427003555
96.16159724621173 17.042815226189642 96.16262721272834 17.043115632383646
96.16511629312672 17.043212187789944 96.16552398752671 17.04340530643027
96.15749884598502 17.04327656306186 96.15821767318177 17.043534054364855
96.15698386468364 17.043308747762417 96.15749884728963 17.043480408631083
96.16463350076592 17.0433302097741 96.16511629704058 17.043555514745762
96.16410778731716 17.043469685289896 96.16463349848283 17.043673532489894
96.15759540432671 17.04348040797877 96.1584107931267 17.043748627841442
96.16906449538908 17.043609154608735 96.16965457921742 17.043877374471407
96.15552474827847 17.043641345832405 96.15598608678145 17.043823735260744
96.16199421400898 17.043727174309804 96.16257356927765 17.04392029295013
96.16834566101691 17.04374863012453 96.16896793117658 17.043995392215542
96.16132902700137 17.043823735260744 96.1618761959387 17.044049040232405
96.3378720594161 17.04375936194576 96.33835485569077 17.0439417513741
96.1553638179264 17.043963208493448 96.15596463096674 17.044177784253126
96.30325001571579 17.043898831916913 96.30384009954413 17.044113407676587
95.87281981938608 17.044531832593194 95.87331334422042 17.04472495123352
96.33777550009594 17.044156327889084 96.33836558392429 17.044338717317423
96.33854797400492 17.04416705188258 96.33910587150193 17.04434944131092
96.30347531873052 17.04420997123677 96.30400102989618 17.044424546996446
96.16654322646211 17.04434944261554 96.1671118531711 17.04451037492453
96.5886156861842 17.043931018248248 96.58884099115586 17.04408122134525
96.16574929347684 17.04438162753926 96.16637156363652 17.0445640169676
96.16655395567409 17.04444600476811 96.16718695504575 17.04480005506511
96.1654167016038 17.044488917702186 96.16573856556947 17.044649850011172
96.15420510543214 17.04457474693489 96.15456988494114 17.044724950031895
96.16591022774276 17.044639118189945 96.1664037525771 17.04483223683027
96.3377647712101 17.044531835202438 96.33837631281011 17.044714224630777
96.15801382761254 17.044714223652313 96.15840006424088 17.044885884520976
96.30342167430136 17.044596208517422 96.30396884323869 17.044821513489083
96.15806747277983 17.044971714629153 96.15863609948882 17.04515410405749
96.16657541279345 17.04497171342753 96.16719768295312 17.04519701839919
96.3386230801196 17.044821508270594 96.33892348631362 17.044939525036263
96.1633460412297 17.045057543758862 96.16364644742372 17.045218476067852
96.1569087634613 17.045068274275472 96.15725208519862 17.04522920658446
96.16370009291717 17.04506827199238 96.16394685500818 17.045239932861048
96.15698386174824 17.045250660219097 96.15754175924525 17.04542232108776
96.15636159158856 17.045400867453125 96.15682293009156 17.04559398609345
96.16501973380655 17.046184066660235 96.16562054684687 17.04639864241991
96.16562054978228 17.04623771282316 96.16619990505093 17.046430831463486
96.1670582090681 17.046420100946875 96.1676161065651 17.046634676706553
96.16846368332722 17.046473742989942 96.16900012305256 17.046666861630268
96.15916181261143 17.0464952038 96.15971971010843 17.046699051
96.16839930642453 17.046559578316607 96.16884991571554 17.04676342551661
96.16312074049807 17.04665613339675 96.16367863799508 17.04685998059675
96.15732718479019 17.04669904828776 96.15794945494987 17.046935081819097
96.15946221423926 17.046731238309803 96.1598484508676 17.04692435695013
96.15682293400543 17.046827794042255 96.15718771351442 17.046988726351245
96.16403268250711 17.046935087037586 96.1645476651131 17.04717112056892
96.15557839009837 17.046988726574405 96.15626503226841 17.04722476010574
96.15639378150762 17.046988731569733 96.15683366223895 17.04718185021006
96.16323875726374 17.046999455460234 96.1637644684294 17.04721403121991
96.16683289953026 17.04710674562316 96.16725132248995 17.047299864263486
96.16365717802616 17.04768610056567 96.16418288919182 17.047922134097004
96.15703750617739 17.047729015782835 96.15757394590274 17.04792213442316
96.16155433034226 17.04781484436323 96.16212295705124 17.048007963003556
96.15640450908883 17.04785776176049 96.15697313579781 17.048072337520164
96.15519215640543 17.04813671028583 96.15576078311442 17.04831909971417
96.15779924989593 17.048469300528087 96.15818548652427 17.048608775065414
96.5873604163267 17.048083068139768 96.58776811072671 17.048276186780093
96.16359280471117 17.048522949523413 96.16411851587684 17.04873752528309
96.58818653368638 17.048351283110108 96.58848693988038 17.048555130310106
96.15681220381498 17.048791169059932 96.1574666609583 17.04899501625993
96.16194057284139 17.048834080363232 96.16249847033839 17.049027199003554
96.58847621458227 17.048501492404064 96.58885172265093 17.048726797375725
96.16203712661691 17.04910230250899 96.16265939677659 17.049273963377654
96.16530941176704 17.049220322210058 96.16582439437303 17.049434897969732
96.58737114684331 17.048855542048756 96.58777884124332 17.049016474357746
96.16215514338258 17.049359795202438 96.16274522721092 17.049542184630777
96.30821744891416 17.049359790310106 96.30864660108583 17.049563637510108
96.58744625132722 17.049123759302184 96.58777884385256 17.049284691611174
96.15989137130325 17.04957436900518 96.16058874398989 17.049831860308178
96.59041812660979 17.049155946285833 96.59081509245011 17.04933833571417
96.18565121811199 17.04956364296892 96.18612328517466 17.049735303837583
96.30794922963514 17.049520727511428 96.30820672093813 17.049670930608432
96.16456912875556 17.049778215879027 96.16494463682422 17.04994987674769
96.58740333480543 17.049370520826713 96.58776811431441 17.049574368026715
96.174793671997 17.049864048596447 96.17537302726566 17.050057167236773
96.16100716434032 17.0499606062 96.16152214694631 17.0501644534
96.58943107628882 17.0495529118 96.5897958557978 17.049756759
96.3082067219166 17.049874774546875 96.3088182635166 17.050089350306553
96.17481512748557 17.050035707182023 96.17538375419456 17.050303927044695
96.1611466392038 17.050303930632403 96.16167235036947 17.05048632006074
96.16345333049999 17.05034684226186 96.16389321123133 17.050604333564856
96.1750726178101 17.05036830296892 96.17573780547004 17.050539963837583
96.5893881613978 17.049971332888575 96.58983877068881 17.05022882419157
96.30828182059837 17.050314657235145 96.30898992380162 17.05057214853814
96.16277741517303 17.050561417369224 96.16328166856704 17.050743806797563
96.16128611047958 17.05066870948908 96.1617796353139 17.050851098917423
96.17507262270243 17.05065798125556 96.17566270653077 17.050829642124228
95.54485007888202 17.05135535165912 95.5453221459447 17.051537741087458
96.16171526558664 17.050797455140582 96.16191911278663 17.050926200465923
96.30846421002671 17.050872551144437 96.30919376774007 17.051108584675774
96.16143631585967 17.051022757176842 96.16194056925367 17.051237332936516
96.17500824547359 17.05102275652453 96.17563051563326 17.05126951861554
96.58860495958146 17.05106567076323 96.58895900987847 17.051258789403555
96.17507262270243 17.0517523178256 96.17566270653077 17.051923978694262
95.55709164254876 17.05239604477847 95.55766026925774 17.052653536081465
96.58678106203651 17.051484094049062 96.58717802787683 17.051655754917725
96.17501897403326 17.051934704970847 96.17561978707359 17.052160009942508
96.16079259021143 17.051956166004064 96.16135048770843 17.052181470975725
95.55763881083378 17.052685718498932 95.55796067479945 17.052846650807922
96.17490095857221 17.052267300105434 96.1754695852812 17.052428232414425
96.16071748801062 17.05234240198009 96.16125392773596 17.05255697773977
96.58665231605886 17.051923973475773 96.58701709556784 17.05209563434444
96.1603741675779 17.052707175944438 96.16092133651523 17.052943209475774
96.58656648692914 17.05240677268583 96.58695272355749 17.05258916211417
96.17491169104575 17.052878841705436 96.17550177487409 17.053039774014426
95.55849711263652 17.053737142461046 95.55909792567684 17.053973175992382
96.17481512683327 17.053147058306553 96.17541593987359 17.053340176946875
95.55043978119294 17.053876618629154 95.55093330602728 17.054059008057493
95.5509976819515 17.05393025979675 95.5515555794485 17.05413410699675
96.58649138211909 17.052900300455562 96.58686689018775 17.05307196132423
95.55934469037709 17.054155569008433 95.55966655434277 17.05441306031143
96.58640555527246 17.05331871884906 96.58679179190081 17.053490379717726
95.5483905844613 17.05439160090899 95.54873390619862 17.054563261777655
96.58668450467329 17.053694225939257 96.58709219907328 17.0538766153676
96.58721021388202 17.053769330423158 96.58768228094469 17.053962449063484
96.15482737624413 17.054327228572475 96.15546037561579 17.054509618000814
95.55011792309807 17.054938768627526 95.55047197339508 17.055164073599187
96.15498830887928 17.054616903271405 96.15547110515394 17.054756377808737
95.55192035993596 17.055346463920163 95.55240315621062 17.055561039679837
95.55255335930762 17.055893631312546 95.55278939283895 17.056076020740885
95.55131954885256 17.055915089736516 95.55180234512723 17.05610820837684
95.552456799009 17.055990188675775 95.55262845987765 17.05636569674444
95.55286449634438 17.05600092147547 95.5531112584354 17.05616185378446
95.55189890118582 17.056033110089896 95.55228513781417 17.056236957289894
96.1509971958801 17.056183311229965 96.15161946603976 17.056387158429967
95.5507831078226 17.05697724030137 95.55106205689725 17.0571167148387
96.15075043378909 17.05652663329345 96.15134051761741 17.056741209053126
96.15202716174439 17.056794853482277 96.1524777710354 17.05696651435094
96.15178039606566 17.057127444376842 96.15235975133433 17.057342020136517
96.15674783376156 17.057138171631895 96.15755249204494 17.05739566293489
96.15659762609837 17.057363478234333 96.15740228438176 17.05759951176567
96.15282108764006 17.05741712429426 96.15360429141336 17.057653157825598
96.15670491495668 17.05747076676648 96.15748811872996 17.057663885406807
96.15159800631118 17.057588782227526 96.15204861560218 17.057814087199187
96.15275671432508 17.057728255460233 96.15358283364169 17.057942831219908
96.15652252878989 17.057738983367596 96.15719844044332 17.05796428833926
96.15268161505968 17.058082306083392 96.15316441133433 17.058286153283394
96.15256359829401 17.058629475346876 96.15303566535667 17.05884405110655
96.15294983646729 17.058983528905436 96.15348627619264 17.059144461214427
96.58534340601223 17.058629474042256 96.5857189140809 17.058790406351243
96.15293910929807 17.05931611751691 96.15349700679508 17.05953069327659
96.58531121511471 17.05891915656892 96.58565453685205 17.059090817437585
96.58633045046241 17.058951337355612 96.58670595853107 17.059112269664602
96.15228465141661 17.05947705373977 96.15301420912996 17.05967017238009
96.58532194889288 17.05923028708258 96.5856223550869 17.05941267651092
96.58624462100654 17.059294659419095 96.58664158684687 17.05946632028776
96.58620170970325 17.059723812569224 96.58660940410324 17.059906201997563
96.58509663772426 17.0598847442259 96.58552578989593 17.06006713365424
96.58568672481417 17.06000276099157 96.58611587698583 17.060152964088573
96.58681325032478 17.06018515041991 96.58716730062179 17.060378269060234
96.15216663041092 17.061182931995635 96.15279962978258 17.061354592864298
96.08073407279181 17.061258032675532 96.08099156409482 17.061354591669538
96.15195205921742 17.061547710852313 96.15258505858908 17.061719371720976
96.15165165204495 17.06189102965424 96.15230610918826 17.0621163346259
96.15132978971005 17.063446707988827 96.15174821266973 17.063607640297818
96.15031054783925 17.06350035111336 96.1509006316676 17.063704198313356
96.15077188992996 17.06430501004906 96.15138343152996 17.064476670917724
95.58882764327191 17.06518477314251 95.58929971033459 17.065367162570848
95.56615768883758 17.065388618385576 95.56639372236891 17.065753397894564
95.52489451429807 17.066472229331335 95.52504471739508 17.066804821856678
95.55771391147248 17.06657952055856 95.55830399530082 17.06684774042123
95.55742423481661 17.066879922186388 95.55808942247654 17.067180328380395
95.55684488085257 17.067727500253124 95.55732767712722 17.06792061889345
95.55661957515993 17.068038635006808 95.55731694784657 17.068253210766482
95.55640499418176 17.068349772369732 95.55714528241172 17.068542891010058
95.56454836770462 17.0684677891354 95.56489168944195 17.06862872144439
95.56439816362915 17.06868236098121 95.56458055305748 17.06913297027222
95.58072739994138 17.06876819435094 95.58128529743838 17.069004227882278
95.58167153080518 17.06877892127984 95.58213286930817 17.068972039920162
95.56409775873976 17.06898276913215 95.56429087738009 17.06934754864114
95.5585507560872 17.06958358380325 95.55887262005287 17.070280956489896
95.58177881542346 17.069647954835144 95.58244400308338 17.069905446138144
95.55730621348476 17.071225089636773 95.5578533824221 17.071439665396447
95.56682287486673 17.072587646481463 95.5672412978264 17.072941696778468
96.16715476969289 17.07613887735886 96.1676590230869 17.07629980966785
96.16574929380299 17.076364184939766 96.166253547197 17.076557303580092
96.16637156265804 17.07636418200437 96.16691873159537 17.076600215535702
96.16722986504443 17.07641782936892 96.16787359297577 17.076589490237584
96.16785213813951 17.076417828716608 96.16834566297383 17.07662167591661
96.16382883856866 17.077222487 96.164376007506 17.077426334200002
96.58105188257902 17.07690062540325 96.58163123784769 17.077104472603253
96.58101969429075 17.077254673743322 96.5815561340161 17.077458520943324
96.16323875498065 17.07797350322316 96.16377519470599 17.078166621863485
96.58095532097576 17.077640909393196 96.58153467624443 17.07783402803352
96.58089095320543 17.07801641876648 96.58145957991442 17.078209537406806
96.58081584709075 17.078434839116913 96.58114843961609 17.078649414876587
95.74418108486567 17.0794540774 95.74435274573433 17.0798617718
96.58068710339619 17.07894982367984 96.58118062823051 17.079142942320164
96.16372155036267 17.079378978460742 96.16430090563134 17.079604283432403
96.5787773766357 17.07915367283677 96.57935673190435 17.079368248596445
96.16372155068882 17.07975448196323 96.16432236372916 17.079947600603557
96.16372155003651 17.079808127697003 96.1642901767455 17.080119263102997
96.16686508749238 17.079883227940883 96.16744444276104 17.080108532912543
96.58062273203814 17.07965792688309 96.58118062953514 17.079851045523416
96.16543815937547 17.080129994924228 96.16600678608445 17.080366028455565
96.16613553304057 17.080290922993196 96.16667197276593 17.08048404163352
96.5805476314681 17.079958331120164 96.5811055289651 17.080172906879838
96.16763756140136 17.080408937475774 96.1681847303387 17.08058059834444
96.58046179972915 17.08029092560244 96.58105188355748 17.08047331503078
96.03853748990575 17.08111703872209 96.0391168451744 17.081385258584763
96.5804510731264 17.080752261170037 96.58105188616673 17.080956108370035
95.45812897951498 17.08214700295561 95.45912676100487 17.0825117824646
96.03829072651011 17.081567649317726 96.03869842091011 17.08180368284906
96.58035451087085 17.081106313750126 96.58098751024251 17.081320889509804
96.58024722364331 17.081449635487456 96.58092313529674 17.081674940459116
96.16298126041609 17.082297212575725 96.16346405669076 17.082479602004064
95.95059330555343 17.083402415748502 95.95079715275342 17.083863754251496
96.16352843237465 17.08334877425475 96.16382883856866 17.083498977351752
96.3242464851327 17.084046141070594 96.32452543420737 17.08416415783626
95.95188076696074 17.084604040850685 95.9521060719324 17.084732786176026
95.95214898519264 17.08465768364906 95.95242793426729 17.084829344517722
95.95252449195668 17.084775704980903 95.95325404967004 17.08501173851224
96.1660282402684 17.08709312322316 96.16676852849837 17.087286241863485
95.58781913159156 17.09570835242123 95.58817318188856 17.095847826958558
95.58793715031416 17.095933651848245 95.58836630248582 17.09608385494525
95.58679989493925 17.095976569674658 95.58718613156759 17.096116044211985
95.58671406841879 17.097768278364853 95.58707884792777 17.097918481461857
95.47318148917654 17.104012439123718 95.47385740082996 17.104323574529708
95.47373937982427 17.10418409868776 95.47416853199593 17.104420132219094
95.42453689599401 17.115460067848247 95.42488021773134 17.11561027094525
95.7299868857444 17.115824848988012 95.7302336478354 17.115964323525343
96.12501204051198 17.115889220019906 96.12531244670599 17.11608233866023
96.12537681936865 17.116103799693448 96.12589180197466 17.116318375453123
96.12500131162615 17.116232545671103 96.12521588738582 17.116479307762113
95.55465620592722 17.117949154683902 95.55498879845257 17.118077900009244
96.61899965171523 17.11710157922641 96.6194717187779 17.117294697866736
96.61435408019943 17.12142528246785 96.61484760503377 17.12167204455886
96.61504072236947 17.121586216407618 96.6155342472038 17.121822249938955
96.6131095382493 17.12194026311691 96.61359233452397 17.122154838876586
96.61320609561254 17.125266335319605 96.61338848504087 17.12536289431361
96.61430043544412 17.125309251841394 96.61472958761578 17.125459454938397
96.61384982419618 17.125491638008178 96.61434334903052 17.125641841105182
96.61350650637272 17.126242652514726 96.61400003120706 17.126382127052057
96.61421460142209 17.126478684741443 96.61468666848475 17.12661815927877
96.61468666978938 17.12650014349157 96.61516946606403 17.126650346588573
96.28210355198009 17.129343279834586 96.28231812773976 17.129482754371917
96.1458151811199 17.129922631326714 96.14641599416024 17.130126478526712
96.14569716337577 17.13034105838908 96.14627651864443 17.13052344781742
96.14553623269755 17.13121009129208 96.14596538486921 17.13137102360107
95.52356414191361 17.13288377921691 95.5240791245196 17.133098354976585
96.14291840477658 17.13289451038583 96.1435192178169 17.13307689981417
96.14292913790244 17.133205645791822 96.14351922173077 17.1334202215515
96.30016011803707 17.133441681039766 96.30047125344306 17.13363479968009
96.29995627083707 17.133709898293194 96.30047125344306 17.13390301693352
96.30027813447659 17.13435362557222 96.30047125311691 17.134514557881207
96.2994627499166 17.134385814186643 96.30007429151661 17.13458966138664
96.30004210159755 17.136166792926712 96.30047125376922 17.136370640126714
96.29918379627577 17.13617752116023 96.29976315154443 17.13639209691991
96.29859371407821 17.136263350289944 96.29915161157521 17.13645646893027
96.29981679760436 17.13655303118583 96.3002566783357 17.13673542061417
96.30008501811935 17.136606677898072 96.300363967194 17.136756880995076
96.29941983078557 17.13701437164576 96.29998845749456 17.1371967610741
96.29790707027739 17.13757226946892 96.29844351000274 17.137743930337585
96.29745646424794 17.137947773949872 96.29800363318526 17.138140892590197
96.17570562044332 17.13817307998583 96.17640299312995 17.13835546941417
96.17563051759019 17.13867733337984 96.17625278774987 17.138870452020164
96.17573780971006 17.139718028782276 96.17636007986972 17.13988968965094
96.17729348217384 17.13998624538339 96.1778191933395 17.140190092583392
96.17574853533434 17.140694349238956 96.17639226326567 17.14086601010762
96.17733639641254 17.14096256877547 96.17792648024088 17.141123501084458
96.60669371499101 17.14275427998908 96.607208697597 17.14293666941742
96.60890385014275 17.1428508367 96.60939737497709 17.1430546839
96.60809918696704 17.142883020095937 96.60861416957303 17.143065409524276
96.60733744618389 17.14289375289563 96.60787388590924 17.143065413764297
96.61153240434032 17.144524529517167 96.61204738694632 17.144685461826157
95.9940664088354 17.14917010072397 95.99422734114438 17.149706540449316
96.2779515070839 17.150457557238955 96.27848794680924 17.150629218107618
96.27794077558882 17.15083306661224 96.27850940229781 17.151004727480906
96.27746870787384 17.151026181664854 96.27783348738282 17.151176384761857
96.27839138259674 17.151197841228896 96.27900292419675 17.151358773537886
96.40273859534605 17.152066873805737 96.40301754442072 17.152238534674403
96.40232017173408 17.152227806767037 96.40285661145941 17.15253894217303
96.40416552811497 17.152538945108432 96.40505601748501 17.15279643641143
96.40385439368745 17.153129027632147 96.40407969865912 17.153289959941137
96.40357544396048 17.15344016466892 96.40410115512616 17.153611825537585
96.40317847942478 17.153708383553123 96.40373637692178 17.15390150219345
96.40204122559481 17.15405170398583 96.40259912309182 17.15423409341417
96.19807537802835 17.15444866721691 96.1987942052251 17.154663242976586
96.19743165466319 17.154459398711985 96.19810756631661 17.154727618574658
96.40263131072777 17.154298467381462 96.40287807281878 17.154448670478466
96.34546805237385 17.154491582107923 96.34589720454551 17.154738344198933
96.19993145905507 17.154663246564297 96.20067174728503 17.154899280095634
96.19923409289153 17.154716887079584 96.19995292008828 17.155006564713915
96.40218069850137 17.154716886839257 96.4027278674387 17.154899276267596
96.40183737806866 17.15485636626892 96.40230944513132 17.155028027137583
96.40136531133214 17.154985110615794 96.40193393804113 17.155167500044133
96.34403039234988 17.155317703141137 96.3446312053902 17.15556446523215
96.34469557870518 17.155382072542253 96.34495307000819 17.155543004851243
96.36628192675994 17.155553734389386 96.36694711441986 17.15583268346404
96.34458828919458 17.155618108356677 96.34503889848558 17.15582195555668
96.34426642653352 17.155811230258557 96.3448886966932 17.15607945012123
96.40022805791416 17.15611163384332 96.40086105728582 17.156315481043322
96.3457577325316 17.156358393651242 96.34641218967492 17.156605155742255
96.34634781351036 17.156615887563483 96.34686279611635 17.15683046332316
96.3461439653319 17.15676608902971 96.3464014566349 17.157066495223717
96.39943412949506 17.15674463484576 96.39989546799806 17.1569270242741
96.34681988252997 17.156927023621787 96.34743142412997 17.157184514924786
96.39891914199674 17.157077224109546 96.39970234577002 17.15736690174388
96.3465945798414 17.157560022993447 96.3471524773384 17.157774598753125
96.33365564535912 17.157720954650127 96.33424572918746 17.1579355304098
96.34568262911199 17.15774241079101 96.346186882506 17.157978444322346
96.34547878125969 17.157849697366228 96.346025950197 17.15813937500056
96.34480287017273 17.157871153833266 96.34529639500707 17.158064272473588
96.34537149068477 17.157935531062112 96.3459186596221 17.158300310571104
96.3461439689196 17.158064275735146 96.34664822231362 17.158321767038142
96.33294754313434 17.158171561005737 96.33338742386567 17.158343221874404
96.34546805237385 17.158203750924784 96.34596157720819 17.15855780122179
96.34597230413708 17.158332493640884 96.34648728674307 17.158557798612545
96.17792648513321 17.158589986900814 96.17860239678664 17.158815291872475
96.33272224109808 17.158525610324276 96.33328013859509 17.158750915295936
96.34595084725805 17.158547072335956 96.34649801619538 17.158826021410615
96.17796939741498 17.158944038502437 96.17865603958501 17.15912642793078
96.31955799846841 17.15897622222453 96.32021245561174 17.15922298431554
96.1854473715643 17.159265898880395 96.18568340509563 17.159373187086388
96.31926832344332 17.159405372765413 96.31993351110326 17.159673592628085
96.33244328778339 17.15952339246648 96.3330548293834 17.159716511106804
96.18315140858745 17.160510441808988 96.18378440795911 17.16071428900899
96.18383805075749 17.16060700112915 96.18447105012915 17.16082157688883
95.52463702299508 17.162109035446573 95.52509836149807 17.162312882646575
96.31010571677002 17.16165842485094 96.31078162842346 17.161894458382275
96.17946069786841 17.16277421886648 96.18011515501173 17.162967337506807
96.34048988733709 17.163568151851752 96.34100486994308 17.16382564315475
96.33544735404932 17.16379345258339 96.33593015032397 17.163997299783393
96.34102633106212 17.163890011251244 96.34159495777111 17.164136773342253
96.34039332973353 17.164136773994564 96.3410155998932 17.164383536085577
96.3350396608681 17.16421187978309 96.33539371116511 17.164404998423414
96.3340418787259 17.164276250162672 96.33463196255424 17.164555199237327
96.34023239799102 17.164726859127526 96.34087612592235 17.164952164099187
96.30790631350817 17.16479123309482 96.30826036380518 17.164941436191825
96.3082818225553 17.16484487785013 96.30855004241798 17.165059453609803
96.30770246363026 17.16525257225013 96.30832473378993 17.165467148009803
96.35151909734195 17.170016295810917 96.35199116440462 17.170241600782578
96.35119723044089 17.170477638330777 96.35183022981255 17.170702943302437
96.35104702832236 17.170992616044437 96.35162638359101 17.17122864957577
96.35091828104008 17.171464687673286 96.3515834687 17.171668534873284
96.35083245321499 17.171861653187456 96.3514869103583 17.172086958159117
96.34247471303682 17.1746296822485 96.34322573178339 17.17487644433951
95.53416419648526 17.175445069177396 95.53443241634794 17.17557381450274
95.5333917221643 17.175584544367037 95.53362775569563 17.17569183257303
96.34275366504689 17.175048106272474 96.34337593520655 17.175230495700813
96.34239961735912 17.175241221977398 96.34258200678747 17.17536996730274
96.34293605349676 17.176850545393446 96.3436334261834 17.177065121153124
96.34352614156512 17.17745135778146 96.34398748006811 17.177601560878465
96.5376965944741 17.17943618372153 96.53812574664576 17.179586386818535
95.75644431074225 17.180863113228895 95.75660524305124 17.181024045537885
95.75633702318856 17.181109876950686 95.75659451449157 17.181238622276027
95.55740277574033 17.18131372154144 95.55771391114632 17.181453196078767
96.20419079704958 17.187429137953426 96.20469505044359 17.187632985153424
96.20380455911662 17.187911937815795 96.20456630185669 17.188094327244134
95.57696158799999 17.194038079199743 95.5771654352 17.194134638193752
95.54046200265175 17.194971485743878 95.54071949395475 17.195089502509546
96.54966993110274 17.197353279567036 96.54994888017741 17.19746056777303
96.60808845645042 17.20594705066729 96.60839959185641 17.206075795992636
96.5219789005 17.215216870928895 96.52221493403134 17.215377803237885
95.4629569371289 17.216890566441137 95.46332171663788 17.217137328532147
95.95871501024331 17.219079238276585 95.95944456795668 17.21927235691691
95.95873646801498 17.219379647079837 95.95942311018501 17.219572765720162
95.95867209469999 17.2196371364259 95.95934800635342 17.219819525854238
95.95856480584169 17.219894630664296 95.95928363303844 17.220130664195633
95.55703799655748 17.220785118077398 95.55726330152915 17.22091386340274
95.95804982258339 17.220785120686642 95.95877938029675 17.22098896788664
95.95788889092671 17.22099969840325 95.95861844864007 17.22120354560325
95.95778160206841 17.221149897912543 95.95852189029837 17.221332287340882
95.95766358921661 17.22136447660762 95.95842533195668 17.221600510138952
96.51453311455313 17.23671739018009 96.51472623319346 17.237135813139766
96.47595213872616 17.23863784582641 96.47633837535449 17.238830964466736
96.5763955848553 17.240890892607617 96.57686765191798 17.241126926138953
96.5820282059711 17.24318685264906 96.5824788152621 17.243358513517723
96.60768076726892 17.243476533956933 96.60805627533757 17.243583822162925
96.57524760255149 17.24395932664388 96.57539780564849 17.244281190609545
96.52953197391473 17.244903462073843 96.52987529565206 17.24502147883951
96.47377419014606 17.246834643584762 96.47405313922071 17.24697411812209
96.5336411072673 17.24732817168065 96.53397369979264 17.24745691700599
96.53317976778584 17.24734962847384 96.53363037707685 17.24746764523951
96.55522745197466 17.250600592504927 96.55557077371199 17.25075079560193
96.5489832882804 17.25064351294058 96.54929442368639 17.250772258265926
95.91965123774388 17.251340885627226 95.91997310170954 17.251469630952567
96.60287426416511 17.250718614489085 96.6033356026681 17.250901003917424
96.60497710589237 17.250750797558865 96.60535261396105 17.250911729867852
96.60456941312316 17.25081517348309 96.60496637896348 17.251008292123416
96.60226272223895 17.251040475845507 96.60263823030762 17.251201408154497
96.60419390635911 17.25119067894251 96.60458014298744 17.25137306837085
96.6019301261259 17.25134088008258 96.60231636275424 17.25152326951092
96.60418317388557 17.25151254616973 96.60454795339456 17.251705664810057
96.60419390440218 17.251823677335704 96.60455868391116 17.25199533820437
96.55194443802453 17.252038251790758 96.55219120011554 17.2521669971161
96.60651132482452 17.25214554064906 96.60696193411553 17.252317201517727
96.60159753849288 17.252306477060745 96.6021017918869 17.252531782032406
96.60319612910924 17.252703441596445 96.60367892538389 17.25289656023677
95.76543504931361 17.253958706561605 95.7657461847196 17.25410890965861
96.60360382187847 17.253239880343322 96.60406516038145 17.253443727543324
96.60223053362452 17.254259114849873 96.60268114291553 17.2544522334902
96.6018013811267 17.254302034169733 96.6022090755267 17.25449515281006
96.52850200772428 17.25505304750899 96.52893115989595 17.255224708377654
96.59906553668038 17.25620102902316 96.59958051928638 17.256394147663485
96.60095380697383 17.25647997940244 96.60155462001417 17.256662368830778
96.60010622914743 17.25650143782641 96.60064266887277 17.256694556466737
96.60153316126403 17.256512164429154 96.60206960098938 17.256694553857493
96.59960197640574 17.25702714605668 96.60018133167439 17.25723099325668
96.59860420209125 17.25712370537684 96.59915137102858 17.257338281136516
96.59310032597465 17.259333839962114 96.59344364771198 17.259698619471106
96.59393716993706 17.259526956319352 96.59424830534306 17.26000975259401
96.59296085437272 17.259934653980906 96.59345437920706 17.260170687512243
96.59537483313676 17.260084851533264 96.59579325609644 17.26027797017359
96.59447361129318 17.26151178454251 96.5948705771335 17.26169417397085
95.80926219343407 17.26288507181798 95.80959478595942 17.263024546355307
96.58515028280573 17.27482622537684 96.5855257908744 17.274976428473845
96.5823607958872 17.278259441531336 96.58288650705286 17.278398916068667
96.54664441236949 17.278345275227224 96.54693409000382 17.27847402055257
96.58228569564332 17.27844183422123 96.58269339004332 17.27858130875856
95.77441505093107 17.28144589624713 95.7746510844624 17.2815639130128
95.729922509494 17.287303821356122 95.73025510201936 17.287389651790456
96.55500214374145 17.28762568401717 96.55534546547878 17.287743700782837
96.55545275637985 17.287786615673845 96.55560295947684 17.288108479639515
95.40909815231336 17.289878735038396 95.40976333997328 17.290136226341392
96.57313403152641 17.297281745373287 96.57373484456673 17.297485592573285
96.57375629940299 17.297678708278212 96.574056705597 17.297828911375216
96.66073489031336 17.30038237030706 96.66093873751336 17.300500387072727
96.55256671144576 17.304824090554494 96.55274910087411 17.305274699845505
96.55318898225775 17.304963566396445 96.55343574434876 17.30536053223677
96.55169767821661 17.30510303669375 96.55190152541661 17.305210324899747
96.55857483704251 17.306251021692635 96.55875722647086 17.306529970767293
96.55809204092235 17.306390494273032 96.55826370179102 17.30669090046704
96.55873577196076 17.307216614894262 96.55936877133242 17.3074526484256
96.65628244109426 17.31111116824713 96.6565184746256 17.3112291850128
96.65453364248857 17.3285132836839 96.65479113379158 17.328642029009245
95.7920961154425 17.337697271313914 95.79227850487084 17.337815288079582
95.91971561334195 17.338823796635705 95.91998383320461 17.338995457504367
95.86668294317684 17.359122684776587 95.86730521333651 17.359315803416912
95.8667687755681 17.360581801834076 95.86732667306511 17.36071054715942
95.86674731323026 17.360914399904065 95.86736958338994 17.361139704875725
95.86697261950656 17.361815617181463 95.86757343254688 17.361965820278467
95.8646230147098 17.363145985085577 95.86501998055013 17.363306917394567
95.86505216851224 17.36323181617222 95.8656315237809 17.36339274848121
95.86643617945505 17.363553684704065 95.86724083773844 17.363778989675726
95.86746614638365 17.363607325785832 95.868195704097 17.363832630757493
96.01214464209457 17.3790462098098 96.01239140418558 17.379443175650128
95.9481149524101 17.381181236889944 95.94881232509674 17.381374355530266
95.82385357410898 17.38168549680706 95.82408960764032 17.381803513572727
95.86424750794576 17.3836381381324 95.86483759177409 17.38382052756074
95.67091389704225 17.383917081010104 95.67107482935124 17.384324775410104
95.86441916718364 17.384035102015794 95.86473030258963 17.384217491444133
95.86391491052808 17.3844749807902 95.86446207946541 17.384689556549873
95.86348576390107 17.38541911426323 95.86393637319208 17.385612232903554
95.85641548308746 17.387983298081206 95.85704848245912 17.38823006017222
95.85980577978476 17.38875577109756 95.8603529487221 17.38898107606922
95.85920496967984 17.388766501528337 95.85960193552016 17.388938162397004
95.85171626884195 17.388830874191008 95.85198448870462 17.389002535059674
95.8578316843613 17.388884517727526 95.85837885329863 17.389109822699186
95.85855051253651 17.389056179900813 95.85915132557683 17.389281484872473
95.86085720178994 17.39077278467359 95.86125416763026 17.390987360433265
95.85800334164225 17.390826428124274 95.85857196835124 17.391051733095935
95.85684463297602 17.391319957524782 95.85732742925069 17.391470160621786
95.8565120440384 17.391555987142254 95.85697338254138 17.39171691945124
95.85521385341909 17.392103158036516 95.85558936148776 17.39229627667684
95.85480616228065 17.39233919091554 95.85513875480599 17.39250012322453
95.85435555266348 17.3924464830354 95.85477397562316 17.39260741534439
95.85504219581199 17.392661057816607 95.85551426287465 17.39286490501661
95.8538942154651 17.392671786702437 95.8543555539681 17.392854176130776
95.8528535220196 17.3940236117259 95.85315392821362 17.394206001154238
95.85434482247302 17.39504284837821 95.85464522866704 17.395193051475214
95.5030935908098 17.400128300230524 95.50328670945012 17.40024631699619
95.92990796959974 17.40025704946973 95.93041222299375 17.400450168110055
95.93063753098663 17.40086859106973 95.93133490367327 17.401061709710056
95.93659201678908 17.407541901064853 95.93697825341741 17.407692104161857
95.5828087809616 17.41701556948776 95.5829589840586 17.417455450219094
96.52036957732427 17.416661523756932 96.52079872949594 17.416768811962925
96.52055196903571 17.417112130764856 96.52092747710438 17.417262333861856
96.15806747310599 17.41795970524388 96.15830350663732 17.418077722009546
96.52054124243297 17.417723671712544 96.52104549582697 17.417906061140883
96.52060561476948 17.417948976031894 96.52109913960382 17.41820646733489
96.52029448132042 17.41829230005231 96.52061634528609 17.418463960920974
96.5206592565894 17.418313756845503 96.52114205286405 17.418474689154493
96.52080946033871 17.41879655605556 96.52128152740137 17.418968216924227
96.52032666471636 17.418839468663485 96.52083091811036 17.41905404442316
96.5206592572417 17.42413949596648 96.52131371438503 17.424332614606804
96.52101330916949 17.42521237224144 96.52150683400382 17.42535184677877
96.51854568695475 17.431295604279025 96.51869589005176 17.43167111234769
96.52593782740819 17.437582679928898 96.52629187770519 17.437743612237885
96.52598074425613 17.437786531368918 96.52647426909046 17.437958192237584
96.52602365686406 17.43802255935561 96.52656009658939 17.4381834916646
96.52609875808639 17.438333698675468 96.5266030114804 17.438494630984458
95.86543840220517 17.43926710032727 95.86569589350817 17.43938511709294
96.52618458688995 17.438634102912545 96.52658155273028 17.438816492340884
95.82157906686105 17.440157595568106 95.82201894759238 17.44030779866511
96.52638843572073 17.43996447268776 96.52692487544607 17.440200506219096
96.52458599594743 17.440125406627526 96.52512243567278 17.440350711599187
96.52460745404525 17.440490184505737 96.52506879254825 17.4406618453744
95.93208591687521 17.445843860786898 95.9323434081782 17.44595114899289
95.84462453099482 17.451068783588827 95.84497858129183 17.451229715897817
96.36915724443895 17.454158677353682 96.36973659970762 17.454469812759676
95.81716952927141 17.456315164162415 95.81771669820873 17.45648682503108
95.8171588023425 17.456669219025596 95.81754503897085 17.456840879894262
95.82123574936374 17.459083338115793 95.8217614605294 17.459265727544132
95.81714807378283 17.459780705910102 95.81764159861716 17.459984553110104
95.8164828861229 17.459791440666734 95.81697641095724 17.46000601642641
95.81706224073926 17.46019913245749 95.81765232456759 17.46042443742915
95.81632195740163 17.4605531845741 95.81700859957166 17.46077848954576
96.6009108890616 17.481839124392078 96.6012649393586 17.482000056701064
96.57004413686892 17.49363007167821 96.57041964493757 17.493780274775215
95.73639197457221 17.502406372873285 95.73655290688122 17.502814067273285
96.64200240379675 17.503554353649314 96.64278560757003 17.50383330272397
96.6167251424417 17.50371528422453 96.61756198575179 17.50396204631554
96.6266387639477 17.503758197810917 96.62707864467903 17.503983502782578
96.64280706892941 17.503865490359928 96.64330059376374 17.50406933755993
96.57817656229075 17.504047877402183 96.57850915481609 17.504208809711173
96.5845387463384 17.504208807857236 96.58479623764138 17.504326824622904
96.5605918546869 17.52000160672722 96.5609029900929 17.520130352052565
96.66832015560406 17.54396988582423 96.66854546057573 17.544613613755562
96.30178016748938 17.549119704897564 96.30205911656404 17.549345009869224
96.30159777643026 17.553507785367852 96.30201619938994 17.553754547458862
96.57922798764332 17.576800010940325 96.57952839383732 17.57690729914632
96.26475508260324 17.59758183714114 96.26516277700324 17.59803244643215
96.0283665866131 17.613063494408177 96.02866699280712 17.61321369750518
96.24165576103627 17.6129776643 96.2419454386706 17.6135892059
96.07038078096348 17.62074531380056 96.07059535672316 17.620863330566227
96.07226905182341 17.621120825456934 96.07248362758308 17.621228113662927
96.01714426514333 17.62524081955561 96.01784163782997 17.6256055990646
96.22345971946349 17.63037991813733 96.22367429522316 17.63050866346267
96.22297692057958 17.630455019359676 96.22326659821393 17.630551578353682
96.01724082576811 17.63116312017684 96.01779872326512 17.6313884251485
96.01226266049102 17.631313323050687 96.01249869402236 17.63144206837603
96.02403215709508 17.633298151273845 96.02449349559808 17.633587828908176
96.21234468522124 17.633115764214423 96.21248415975856 17.633362526305437
96.21211938057573 17.634081352849872 96.21230177000407 17.6344783186902
96.21221593826512 17.637761332640324 96.2124734295681 17.63786862084632
96.04271099755177 17.642074310583645 96.04296848885475 17.64218159878964
96.0191183618714 17.648479403977653 96.01946168360874 17.64871543750899
96.02693965612728 17.653103519283903 96.02726152009295 17.653232264609244
96.05669062026105 17.657083901440323 96.05692665379239 17.65719118964632
96.06392204542341 17.6590580033869 96.06413662118308 17.659165291592892
96.01211245576323 17.6604849308515 96.01250942160355 17.660645863160486
96.00849684985424 17.66620338077085 96.0087221548259 17.666568160279837
96.00906547852017 17.69454901066267 96.00928005427984 17.694827959737328
