polygon
1
	93.0369179	13.8809883
	93.0368537	13.8811057
	93.0352834	13.8840945
	93.0337644	13.8871085
	93.0322971	13.8901469
	93.030882	13.8932089
	93.0295194	13.8962935
	93.0288513	13.8978413
	93.0280217	13.8998091
	93.0272418	13.9017137
	93.0257221	13.9055381
	93.0249678	13.9074963
	93.0242358	13.9095258
	93.0227894	13.9136768
	93.021436	13.9178578
	93.0201762	13.9220665
	93.0190107	13.9263011
	93.01794	13.9305595
	93.0169646	13.9348397
	93.016085	13.9391397
	93.0156615	13.9413366
	93.0153016	13.9434574
	93.0146148	13.9477907
	93.014025	13.9521377
	93.0135324	13.9564961
	93.0131372	13.9608641
	93.0128396	13.9652394
	93.0126399	13.96962
	93.0125381	13.9740038
	93.0125116	13.9762398
	93.0125342	13.9783887
	93.0126282	13.9827727
	93.0128202	13.9871536
	93.01311	13.9915294
	93.0134975	13.995898
	93.0139277	13.9998249
	93.0136271	14.0042335
	93.0134273	14.0086141
	93.0133255	14.0129979
	93.013299	14.0152341
	93.0133216	14.0173828
	93.0134156	14.0217668
	93.0136076	14.0261477
	93.0138975	14.0305235
	93.014285	14.034892
	93.0147701	14.0392513
	93.0153525	14.0435992
	93.016032	14.0479336
	93.0164036	14.0501397
	93.0168082	14.0522526
	93.0176807	14.056554
	93.0186492	14.0608357
	93.0197131	14.0650959
	93.0208721	14.0693323
	93.0221255	14.0735431
	93.0234727	14.0777261
	93.0249132	14.0818795
	93.0256711	14.0839871
	93.0264462	14.0860012
	93.028071	14.0900892
	93.0297868	14.0941417
	93.0315929	14.0981566
	93.0334884	14.1021322
	93.0354723	14.1060664
	93.0375437	14.1099574
	93.0397017	14.1138033
	93.0408217	14.1157477
	93.0415943	14.1170328
	93.0431989	14.1196569
	93.0448443	14.1222568
	93.0465299	14.124832
	93.0482556	14.1273819
	93.0500208	14.1299059
	93.0518252	14.1324034
	93.0536682	14.1348738
	93.0545994	14.1361022
	93.0600167	14.1431355
	93.0654323	14.1501668
	93.0708479	14.157198
	93.0762628	14.1642283
	93.0816779	14.1712588
	93.087093	14.1782894
	93.0925093	14.1853215
	93.097925	14.1923529
	93.1033391	14.1993822
	93.1087553	14.2064142
	93.1141705	14.2134449
	93.1195863	14.2204764
	93.1250002	14.2275055
	93.1304163	14.2345373
	93.1358307	14.241567
	93.1412464	14.2485984
	93.1466618	14.2556295
	93.1520777	14.262661
	93.1574918	14.2696904
	93.1629076	14.2767219
	93.1683224	14.2837522
	93.1737382	14.2907836
	93.1791527	14.2978136
	93.1845698	14.3048468
	93.1863989	14.3071511
	93.1885133	14.3097364
	93.1895192	14.3110676
	93.1899275	14.3116042
	93.190637	14.3125302
	93.1919994	14.3142685
	93.1927444	14.3151978
	93.1939186	14.3166352
	93.1959202	14.3190402
	93.1964221	14.3196385
	93.197256	14.3206248
	93.1978058	14.3212695
	93.1992721	14.3229372
	93.2013831	14.3252857
	93.2035873	14.3276861
	93.2074485	14.3319548
	93.2113883	14.3358424
	93.2137212	14.3380225
	93.2146343	14.3388758
	93.2179488	14.3418406
	93.2213284	14.3447336
	93.2230569	14.3461805
	93.2247721	14.347554
	93.2282781	14.3503004
	93.2318448	14.3529716
	93.2354705	14.3555662
	93.2391535	14.3580831
	93.242892	14.360521
	93.2466842	14.3628787
	93.2505284	14.3651551
	93.252483	14.366284
	93.2547186	14.367507
	93.2592605	14.3699197
	93.261547	14.3710982
	93.2621028	14.3713761
	93.2635344	14.3720781
	93.2664087	14.3734602
	93.2693046	14.3747986
	93.2722216	14.3760929
	93.2751589	14.3773429
	93.2781158	14.3785481
	93.2810916	14.3797084
	93.2840856	14.3808233
	93.2856017	14.3813747
	93.2877087	14.3820975
	93.2919678	14.3835081
	93.2962575	14.3848277
	93.3005757	14.3860558
	93.3049205	14.3871916
	93.3092897	14.3882347
	93.3136812	14.3891846
	93.318093	14.3900408
	93.3203115	14.3904467
	93.3225229	14.3908028
	93.3269687	14.3914704
	93.3314286	14.3920433
	93.3359001	14.3925211
	93.3403814	14.3929036
	93.3448701	14.3931906
	93.3521072	14.3933785
	93.3543513	14.3935459
	93.3588401	14.3938329
	93.3633342	14.3940243
	93.3678316	14.3941201
	93.3723301	14.3941201
	93.3768274	14.3940243
	93.3790666	14.3938451
	93.3813165	14.3937373
	93.3858066	14.3934741
	93.3902906	14.3931515
	93.3914073	14.3930412
	93.3947539	14.3926205
	93.3969775	14.3923168
	93.3992232	14.3921127
	93.4036691	14.3914451
	93.4058805	14.391089
	93.409693	14.390361
	93.4128538	14.3896358
	93.4136861	14.3894723
	93.4151952	14.3891643
	93.4162036	14.3889508
	93.4188243	14.388361
	93.4216452	14.3876881
	93.423328	14.3872721
	93.4250855	14.3868221
	93.4272528	14.3862426
	93.4285113	14.3858916
	93.4300026	14.3854639
	93.4330265	14.3845723
	93.4366687	14.3834259
	93.4395977	14.3824451
	93.4413847	14.3818287
	93.4427386	14.3813479
	93.4448431	14.3805751
	93.447699	14.3794914
	93.4497844	14.3786745
	93.4511073	14.3781398
	93.4531771	14.3772774
	93.4559836	14.3760724
	93.4580286	14.3751684
	93.4593232	14.3745794
	93.4613541	14.3736289
	93.4641083	14.3723035
	93.4676507	14.370515
	93.4705145	14.369092
	93.4752949	14.3665617
	93.4772495	14.3654329
	93.4810937	14.3631564
	93.4848859	14.3607987
	93.4886244	14.3583609
	93.4923074	14.355844
	93.4959332	14.3532494
	93.4994999	14.3505782
	93.5030059	14.3478318
	93.504721	14.3464582
	93.5064495	14.3450113
	93.5098291	14.3421183
	93.5131431	14.339154
	93.5163899	14.33612
	93.519568	14.3330175
	93.5226757	14.3298481
	93.5257118	14.3266134
	93.5286747	14.3233148
	93.5301152	14.3216758
	93.5315629	14.3199539
	93.5343752	14.3165323
	93.5371103	14.3130518
	93.5397667	14.3095138
	93.5423432	14.3059201
	93.5448387	14.3022725
	93.5472518	14.2985726
	93.5495816	14.2948223
	93.5507058	14.292968
	93.5518268	14.2910232
	93.5539865	14.2871773
	93.5560595	14.2832863
	93.5580449	14.2793522
	93.5599418	14.2753767
	93.5617492	14.2713618
	93.5634663	14.2673093
	93.5650924	14.2632213
	93.5658679	14.2612078
	93.5666265	14.2590997
	93.568068	14.2549464
	93.5694163	14.2507634
	93.5706706	14.2465527
	93.5726568	14.2387254
	93.5734636	14.2349091
	93.573874	14.233027
	93.5745226	14.2299087
	93.5749941	14.22749
	93.5755035	14.2246902
	93.5759179	14.2222235
	93.5762783	14.2198973
	93.5764664	14.2186286
	93.5767515	14.2166149
	93.5770346	14.2144405
	93.5775523	14.2100853
	93.5776835	14.2088652
	93.5784981	14.2029185
	93.5786315	14.2019055
	93.5795968	14.1942666
	93.5804084	14.1878448
	93.5805416	14.1872668
	93.5808903	14.1855673
	93.5820029	14.1818312
	93.5831624	14.1775947
	93.5842269	14.1733347
	93.5851958	14.1690529
	93.5860687	14.1647516
	93.5864734	14.162639
	93.5868453	14.1604327
	93.587525	14.1560982
	93.5881077	14.1517504
	93.588593	14.1473912
	93.5889807	14.1430226
	93.5892707	14.1386469
	93.5894627	14.134266
	93.5895568	14.1298821
	93.5895793	14.1277337
	93.5895529	14.1254972
	93.5894509	14.1211135
	93.589251	14.1167329
	93.5889532	14.1123577
	93.5885577	14.1079898
	93.5880647	14.1036314
	93.5874744	14.0992845
	93.5867872	14.0949512
	93.5864271	14.092831
	93.5855488	14.0885307
	93.5850152	14.0864063
	93.5838034	14.0811575
	93.5829629	14.0778235
	93.5824	14.0756877
	93.5821917	14.0749316
	93.5815882	14.0728328
	93.5805541	14.0693802
	93.5798971	14.0672727
	93.5796526	14.0665183
	93.5789553	14.0644449
	93.5787275	14.0637109
	93.5783439	14.0614421
	93.5780395	14.0598369
	93.5774208	14.0567166
	93.5770988	14.0551589
	93.5762622	14.0512705
	93.5757177	14.0488838
	93.5745683	14.0441201
	93.5733724	14.0396304
	93.5723322	14.0364272
	93.5720551	14.0348661
	93.5719371	14.0320803
	93.5715418	14.0277124
	93.571049	14.0233539
	93.570459	14.019007
	93.569772	14.0146737
	93.569412	14.0125532
	93.5689883	14.0103561
	93.5681084	14.0060561
	93.5671327	14.0017759
	93.5660617	13.9975176
	93.5648958	13.993283
	93.5636356	13.9890743
	93.5622818	13.9848934
	93.5608349	13.9807423
	93.5601027	13.9787131
	93.5592957	13.9766231
	93.5576649	13.9725375
	93.5559433	13.9684877
	93.5541316	13.9644756
	93.5522309	13.9605029
	93.550242	13.9565717
	93.5481657	13.9526838
	93.5460032	13.948841
	93.5449199	13.9469639
	93.5434988	13.9446349
	93.5406334	13.9400799
	93.5391698	13.9378209
	93.538614	13.9369879
	93.5377521	13.9357172
	93.5360086	13.9331886
	93.5342262	13.9306861
	93.5324051	13.9282102
	93.5305458	13.9257617
	93.5286487	13.9233409
	93.5267144	13.9209485
	93.5247431	13.918585
	93.5237703	13.9174362
	93.5222857	13.9157473
	93.5193236	13.9124524
	93.5162888	13.9092214
	93.5131827	13.9060558
	93.5100066	13.902957
	93.5067623	13.8999267
	93.5034511	13.8969661
	93.5000746	13.8940768
	93.4983923	13.8926682
	93.4966346	13.8912601
	93.4931325	13.8885173
	93.4895701	13.8858497
	93.485949	13.8832586
	93.4822711	13.8807453
	93.478538	13.8783109
	93.4747515	13.8759566
	93.4709133	13.8736835
	93.469001	13.8725782
	93.4670255	13.8714926
	93.4630897	13.8693851
	93.4591078	13.8673619
	93.4550818	13.865424
	93.4510136	13.8635723
	93.446905	13.8618076
	93.4427581	13.8601309
	93.4385747	13.8585429
	93.4379652	13.8583189
	93.4327001	13.8554702
	93.4248265	13.8512101
	93.4169529	13.84695
	93.4090793	13.8426899
	93.4012056	13.8384298
	93.393332	13.8341697
	93.3854584	13.8299096
	93.3775848	13.8256495
	93.3697112	13.8213895
	93.3618376	13.8171294
	93.3539639	13.8128693
	93.3495876	13.8105014
	93.3469957	13.8086995
	93.3432638	13.8062651
	93.3394784	13.8039107
	93.3356415	13.8016376
	93.3337296	13.8005323
	93.3320369	13.7995984
	93.3286726	13.7977829
	93.3252743	13.7960292
	93.3218431	13.7943377
	93.3183801	13.7927092
	93.3148867	13.7911442
	93.3113641	13.7896431
	93.3078134	13.7882066
	93.3036373	13.7866203
	93.3003747	13.7855195
	93.2993323	13.7851177
	93.2975603	13.7844556
	93.2950897	13.7835434
	93.2938796	13.7831047
	93.2924377	13.7826038
	93.2881967	13.7811652
	93.2856265	13.7803302
	93.2848552	13.7800906
	93.2824245	13.7793677
	93.278881	13.7783604
	93.2759691	13.7775777
	93.275202	13.7773833
	93.2737785	13.7770331
	93.2701905	13.776177
	93.2672628	13.7755225
	93.2664918	13.7753617
	93.2650379	13.7750691
	93.2614107	13.7743659
	93.2592493	13.7739702
	93.2584731	13.7738395
	93.257701	13.7737124
	93.256219	13.7734794
	93.2525582	13.7729305
	93.2496166	13.7725318
	93.2488464	13.7724384
	93.2473389	13.7722667
	93.2436491	13.7718735
	93.2389618	13.7725864
	93.2270754	13.7779618
	93.1347221	13.8197222
	93.0469937	13.8746866
	93.0369179	13.8809883
END
2
	93.8585582	14.9359223
	93.8585085	14.931751
	93.8584984	14.9303836
	93.8584743	14.9288227
	93.8584091	14.926036
	93.858333	14.9238387
	93.8582595	14.9222389
	93.8581348	14.920056
	93.8579453	14.9172838
	93.8577708	14.9150942
	93.8576251	14.9134917
	93.8574023	14.9113138
	93.8570893	14.9085579
	93.8568172	14.90638
	93.8565991	14.9047813
	93.8562786	14.9026127
	93.8558427	14.8998749
	93.8554784	14.8977393
	93.8551856	14.8961326
	93.8547975	14.8941214
	93.8542499	14.8914355
	93.8537922	14.8893107
	93.853558	14.8882793
	93.8530815	14.886278
	93.8522231	14.882833
	93.8510486	14.8787114
	93.8497422	14.8730826
	93.8475818	14.8648882
	93.8467525	14.8619306
	93.8454432	14.8575268
	93.8452741	14.8567337
	93.8449556	14.8552933
	93.8448332	14.8547589
	93.8443205	14.8526299
	93.8435357	14.8495233
	93.8431864	14.8481804
	93.8428792	14.8470329
	93.8422877	14.844918
	93.8416313	14.8426683
	93.8414074	14.841912
	93.840979	14.8404863
	93.8404808	14.8388783
	93.8403095	14.8383416
	93.8396186	14.8362575
	93.8390574	14.8346258
	93.8388861	14.834132
	93.8383989	14.8326943
	93.8373969	14.828305
	93.8363216	14.8240469
	93.8351512	14.8198127
	93.8338862	14.8156044
	93.8325271	14.8114238
	93.8310747	14.8072731
	93.8303406	14.8052465
	93.8295296	14.8031542
	93.8278926	14.7990691
	93.8261644	14.7950196
	93.8243459	14.7910078
	93.822438	14.7870355
	93.8204415	14.7831047
	93.8183574	14.7792171
	93.8161868	14.7753747
	93.8151007	14.7734998
	93.8139306	14.7715792
	93.8115899	14.7678325
	93.8091659	14.7641364
	93.8066597	14.7604926
	93.8040725	14.7569028
	93.8014054	14.7533687
	93.8008791	14.7527023
	93.7990598	14.7489138
	93.7970637	14.7449829
	93.79498	14.7410953
	93.7928098	14.7372529
	93.7917237	14.7353779
	93.790554	14.7334574
	93.7882137	14.7297107
	93.7857901	14.7260145
	93.7832843	14.7223707
	93.7806975	14.7187809
	93.778031	14.7152468
	93.775286	14.7117702
	93.7724638	14.7083526
	93.771057	14.7066859
	93.7695657	14.7049957
	93.7665932	14.7017011
	93.7635477	14.6984704
	93.7604306	14.6953051
	93.7572433	14.6922067
	93.7539875	14.6891767
	93.7506646	14.6862164
	93.7472763	14.6833274
	93.7455894	14.68192
	93.7438241	14.680511
	93.7403097	14.6777684
	93.7367348	14.6751012
	93.733101	14.6725104
	93.7294102	14.6699973
	93.7256639	14.6675632
	93.7223299	14.6654977
	93.7206116	14.6640223
	93.7138158	14.6581871
	93.707151	14.6524644
	93.7046056	14.6496425
	93.7015608	14.6464118
	93.6984444	14.6432464
	93.6952579	14.640148
	93.6920029	14.6371179
	93.6886808	14.6341577
	93.6852933	14.6312686
	93.6836067	14.6298611
	93.6818419	14.6284522
	93.6783283	14.6257096
	93.6747543	14.6230423
	93.6711214	14.6204515
	93.6674314	14.6179385
	93.6636861	14.6155043
	93.6598872	14.6131502
	93.6560365	14.6108773
	93.654119	14.6097728
	93.652136	14.6086867
	93.6481873	14.6065794
	93.6441925	14.6045564
	93.6401533	14.6026187
	93.6360718	14.6007672
	93.6319499	14.5990027
	93.6277895	14.5973262
	93.6235925	14.5957384
	93.6215004	14.5949721
	93.6193611	14.59424
	93.6150971	14.5928318
	93.6108027	14.5915144
	93.6064798	14.5902885
	93.6021306	14.5891547
	93.597757	14.5881134
	93.5933612	14.5871653
	93.5889452	14.5863106
	93.5867405	14.5859081
	93.5841842	14.5855015
	93.5790782	14.5847531
	93.5739546	14.5841292
	93.5687922	14.583764
	93.5678203	14.5836652
	93.5662336	14.5835078
	93.5653658	14.5834272
	93.5636362	14.5832777
	93.5597133	14.5830238
	93.5557837	14.582897
	93.5538655	14.5828536
	93.5519447	14.5828566
	93.5500247	14.5828683
	93.5493633	14.5828788
	93.5477797	14.5829376
	93.5432708	14.5829122
	93.5387728	14.5831033
	93.5342802	14.5833898
	93.529795	14.5837716
	93.5253194	14.5842485
	93.5208556	14.5848203
	93.5164056	14.5854867
	93.5141762	14.5858449
	93.5119716	14.5862474
	93.5075556	14.5871021
	93.5031598	14.5880502
	93.4987862	14.5890915
	93.4944369	14.5902254
	93.4901141	14.5914512
	93.4858196	14.5927686
	93.4815557	14.5941768
	93.4794164	14.5949089
	93.4773242	14.5956752
	93.4731273	14.597263
	93.4689669	14.5989396
	93.4648449	14.600704
	93.4607634	14.6025555
	93.4567243	14.6044932
	93.4527295	14.6065162
	93.4487808	14.6086235
	93.4467978	14.6097097
	93.4448803	14.6108142
	93.4410296	14.613087
	93.4372307	14.6154411
	93.4334854	14.6178753
	93.4297954	14.6203884
	93.4261625	14.6229792
	93.4225885	14.6256465
	93.4190749	14.628389
	93.4173101	14.6297979
	93.4156235	14.6312054
	93.412236	14.6340945
	93.4089139	14.6370548
	93.4056589	14.6400848
	93.4024724	14.6431833
	93.399356	14.6463486
	93.3963112	14.6495793
	93.3933394	14.6528739
	93.3918486	14.654564
	93.3904421	14.6562308
	93.3876205	14.6596484
	93.3848762	14.6631251
	93.3822103	14.6666592
	93.3796241	14.670249
	93.3771189	14.6738929
	93.3746959	14.677589
	93.3723562	14.6813358
	93.3711868	14.6832561
	93.3703217	14.6847424
	93.3685777	14.687799
	93.3677193	14.6893346
	93.3671519	14.6903709
	93.3663177	14.6919273
	93.3646774	14.6950539
	93.3630933	14.698208
	93.361566	14.7013885
	93.3600961	14.7045945
	93.3586838	14.7078249
	93.3566125	14.7129482
	93.3537961	14.7205607
	93.3518415	14.7263981
	93.350577	14.7306065
	93.3494071	14.7348408
	93.3483323	14.7390988
	93.3473532	14.7433787
	93.3464702	14.7476783
	93.3460447	14.7498776
	93.3456838	14.7519957
	93.3449943	14.7563287
	93.3444021	14.7606753
	93.3439075	14.7650335
	93.3435106	14.7694011
	93.3432118	14.7737761
	93.3430111	14.7781563
	93.3429087	14.7825399
	93.342882	14.7847784
	93.3429449	14.7883318
	93.3430914	14.7912063
	93.3434288	14.7981063
	93.3434794	14.7990894
	93.3435906	14.8010502
	93.3436775	14.8041683
	93.3441314	14.809608
	93.3446179	14.813967
	93.3452022	14.8183146
	93.3458837	14.8226488
	93.3462569	14.8248572
	93.3465778	14.8265474
	93.3472671	14.8300117
	93.3480188	14.8334637
	93.3488327	14.8369024
	93.3497086	14.8403266
	93.3506462	14.8437353
	93.3516452	14.8471275
	93.3527053	14.8505021
	93.3532506	14.8521848
	93.3560606	14.8605981
	93.3588695	14.8690076
	93.3615008	14.8768857
	93.361516	14.8775941
	93.3617085	14.8819747
	93.3619992	14.8863502
	93.362388	14.8907185
	93.3628747	14.8950774
	93.3634591	14.899425
	93.3641409	14.9037592
	93.3645143	14.9059678
	93.3649198	14.9080779
	93.3657954	14.912379
	93.3667674	14.9166605
	93.3678352	14.9209204
	93.3689984	14.9251566
	93.3702564	14.9293671
	93.3716086	14.9335499
	93.3730544	14.937703
	93.373816	14.9398131
	93.3745931	14.9418245
	93.3762239	14.9459123
	93.3779462	14.9499646
	93.379759	14.9539793
	93.3816615	14.9579547
	93.3836529	14.9618887
	93.3857321	14.9657795
	93.3878983	14.9696253
	93.3890237	14.9715717
	93.390001	14.9731839
	93.3920291	14.9764595
	93.3941211	14.9796969
	93.3962761	14.9828951
	93.3984934	14.9860529
	93.4007721	14.989169
	93.4031114	14.9922424
	93.4055106	14.995272
	93.406725	14.9967757
	93.4074144	14.9976128
	93.4081413	14.9984854
	93.4096052	15.0002227
	93.4103658	15.0011147
	93.4118096	15.0027524
	93.4147815	15.0060509
	93.4178268	15.0092855
	93.4209441	15.0124548
	93.4241318	15.0155572
	93.4273886	15.0185912
	93.4307127	15.0215554
	93.4341027	15.0244484
	93.4358376	15.0258961
	93.4375569	15.0272687
	93.4410737	15.0300151
	93.4446514	15.0326862
	93.4482882	15.0352808
	93.4496935	15.0362467
	93.4535106	15.0394339
	93.4599413	15.0448032
	93.4663713	15.050172
	93.4728018	15.0555411
	93.4792319	15.06091
	93.4856612	15.0662782
	93.4920909	15.0716468
	93.4985211	15.0770156
	93.5049516	15.0823848
	93.505367	15.0827298
	93.5088522	15.0856086
	93.5110804	15.087489
	93.512062	15.088313
	93.5131644	15.0892252
	93.5148841	15.0905977
	93.5184019	15.0933441
	93.5219806	15.0960152
	93.5256186	15.0986098
	93.529314	15.1011265
	93.5330651	15.1035643
	93.5368702	15.105922
	93.5407274	15.1081984
	93.5426897	15.1093278
	93.5447479	15.1104526
	93.5487063	15.1125584
	93.5506965	15.1135898
	93.5511537	15.1138206
	93.5522739	15.1143776
	93.55339	15.1149243
	93.5542885	15.115359
	93.5569816	15.1166464
	93.5602181	15.1181264
	93.563418	15.1195246
	93.565017	15.1202075
	93.5657096	15.1204966
	93.5677913	15.1213393
	93.5701088	15.1222488
	93.5716239	15.12283
	93.573505	15.1235349
	93.5754772	15.1242515
	93.5767775	15.1247077
	93.5786156	15.1253332
	93.5817215	15.1263584
	93.5838577	15.1270385
	93.5850288	15.1273976
	93.5871969	15.1280372
	93.5903552	15.1289323
	93.5911863	15.1291642
	93.5923553	15.1294852
	93.5953299	15.1302429
	93.596972	15.1307223
	93.6007924	15.131685
	93.6046479	15.1325053
	93.6090747	15.1333614
	93.6113012	15.1337675
	93.6135197	15.1341235
	93.6179808	15.1347911
	93.6224558	15.1353639
	93.6269426	15.1358417
	93.6314391	15.1362242
	93.6359432	15.1365112
	93.6404526	15.1367027
	93.6449653	15.1367984
	93.649479	15.1367984
	93.6539917	15.1367027
	93.6585011	15.1365112
	93.6630052	15.1362242
	93.6675017	15.1358417
	93.6719886	15.1353639
	93.6764636	15.1347911
	93.6809246	15.1341235
	93.6831432	15.1337675
	93.6853696	15.1333614
	93.6897964	15.1325053
	93.6942029	15.1315554
	93.6985869	15.1305124
	93.7029464	15.1293765
	93.7072793	15.1281485
	93.7115836	15.1268289
	93.7158571	15.1254183
	93.7179705	15.1246958
	93.7200979	15.1239174
	93.724304	15.1223269
	93.7284732	15.1206476
	93.7326037	15.1188802
	93.7366934	15.1170256
	93.7407404	15.1150848
	93.7447428	15.1130586
	93.7486987	15.1109479
	93.7506439	15.1098834
	93.7526065	15.1087537
	93.7537157	15.1081015
	93.7557311	15.1069432
	93.7595882	15.1046668
	93.7633933	15.1023091
	93.7671444	15.0998713
	93.7708398	15.0973545
	93.7744777	15.09476
	93.7780564	15.0920889
	93.7815742	15.0893425
	93.7834375	15.0878524
	93.7842389	15.0871939
	93.785967	15.0857645
	93.7876044	15.0843806
	93.7908489	15.0815798
	93.7940321	15.0787134
	93.7971527	15.0757827
	93.8002092	15.0727889
	93.8032003	15.0697335
	93.8061247	15.0666178
	93.8089811	15.063443
	93.8103684	15.0618686
	93.8118222	15.0601453
	93.8146438	15.0567239
	93.8173879	15.0532434
	93.8200531	15.0497056
	93.8226382	15.0461121
	93.8251419	15.0424646
	93.8275631	15.0387648
	93.8299005	15.0350146
	93.8310273	15.0331622
	93.8321531	15.0312157
	93.8343199	15.02737
	93.8363997	15.0234792
	93.8383916	15.0195452
	93.8402947	15.0155698
	93.842108	15.0115551
	93.8438307	15.0075029
	93.845462	15.003415
	93.8462393	15.0014038
	93.8470011	14.9992936
	93.8484473	14.9951405
	93.8497999	14.9909577
	93.8510582	14.9867472
	93.8522217	14.982511
	93.8532898	14.9782512
	93.854262	14.9739697
	93.8551379	14.9696686
	93.8555435	14.9675587
	93.855917	14.9653499
	93.856599	14.9610158
	93.8571835	14.9566682
	93.8576704	14.9523092
	93.8580593	14.947941
	93.85835	14.9435655
	93.8585121	14.9403041
	93.8585651	14.9370393
	93.8585582	14.9359223
END
3
	95.6179887	17.3483
	95.6191605	17.3604101
	95.618379	17.3725203
	95.6199414	17.3807239
	95.6261914	17.3873651
	95.6355666	17.3889278
	95.6586139	17.3920534
	95.6746298	17.3947882
	95.6851768	17.4014294
	95.6902549	17.4084612
	95.6910359	17.4205714
	95.6898637	17.4420571
	95.697181	17.4458903
	95.7062701	17.4506517
	95.7234578	17.4619808
	95.7300984	17.4694032
	95.7363949	17.4758469
	95.736138	17.4779923
	95.736127	17.4780844
	95.7364569	17.4775529
	95.7415484	17.4767696
	95.7460524	17.4706989
	95.748259	17.4684924
	95.7507518	17.468055
	95.7548647	17.4701115
	95.7603478	17.4667824
	95.764656	17.4654116
	95.767796	17.4661094
	95.7702734	17.4674544
	95.7740557	17.4750071
	95.7803858	17.4674555
	95.7837092	17.4638715
	95.7852021	17.471933
	95.7825149	17.4841745
	95.7828135	17.4898474
	95.7807235	17.494326
	95.7798278	17.4982074
	95.7782837	17.5017586
	95.7793431	17.5028146
	95.7829564	17.5019572
	95.7833535	17.5021152
	95.7871762	17.5037937
	95.7876114	17.5074498
	95.7879885	17.5076885
	95.7882593	17.5078981
	95.7893849	17.5076428
	95.7904336	17.5077115
	95.7913644	17.5089054
	95.7920052	17.50868
	95.7929059	17.5093593
	95.7942292	17.5096797
	95.7944924	17.5105
	95.7945627	17.5117275
	95.8002966	17.5124101
	95.8061714	17.5178933
	95.8065631	17.5251389
	95.8062435	17.5281745
	95.8073748	17.5297985
	95.8091295	17.5306491
	95.8149836	17.5321887
	95.8140045	17.5388468
	95.8144892	17.5429555
	95.814947	17.5441759
	95.8161562	17.5447408
	95.8178881	17.5450498
	95.8178882	17.5462662
	95.819246	17.5461328
	95.8199483	17.5470177
	95.82155	17.5480554
	95.823042	17.548872
	95.8235834	17.549696
	95.8236446	17.5510882
	95.8240757	17.5518664
	95.8256856	17.5536669
	95.8267037	17.5537507
	95.8284128	17.5547885
	95.8286571	17.5560205
	95.8296831	17.556673
	95.8293054	17.5579431
	95.8289467	17.5589196
	95.8294275	17.5594922
	95.8308392	17.5594042
	95.8319187	17.5593852
	95.8323668	17.5596021
	95.8326081	17.5619545
	95.8380913	17.5635211
	95.8436484	17.5633073
	95.8446442	17.5652066
	95.8449421	17.5669229
	95.8462227	17.5680911
	95.8476868	17.5707667
	95.8506878	17.5698289
	95.8512628	17.5704326
	95.8549786	17.5709512
	95.8594364	17.5746832
	95.8666055	17.57435
	95.8672695	17.5764457
	95.8704028	17.5764457
	95.8727527	17.5729208
	95.8752153	17.5719429
	95.8798025	17.5752707
	95.886069	17.5744874
	95.8901653	17.5731978
	95.890459	17.5733814
	95.8906979	17.5739088
	95.8923354	17.5737041
	95.8956645	17.5776206
	95.8964478	17.5815372
	95.8951855	17.58745
	95.8972311	17.5889786
	95.8986019	17.594266
	95.8974269	17.6003366
	95.896252	17.6066031
	95.8978186	17.6105196
	95.8993852	17.6136529
	95.8993852	17.6177652
	95.9013435	17.6193318
	95.9062711	17.6326978
	95.9218964	17.6323074
	95.9406467	17.6385581
	95.9423281	17.6481915
	95.9418797	17.6545808
	95.9456004	17.6583015
	95.9459921	17.6653513
	95.9477545	17.6669179
	95.9534335	17.6665262
	95.9600435	17.6654746
	95.9604241	17.6657388
	95.9610614	17.6672496
	95.961443	17.668642
	95.9607753	17.6701296
	95.9602066	17.6710756
	95.9613091	17.6749474
	95.9633273	17.675432
	95.9641292	17.6752311
	95.9657707	17.6800383
	95.9718413	17.6835632
	95.976737	17.6863048
	95.9777161	17.6892422
	95.9790869	17.6943337
	95.9783036	17.6980544
	95.9780898	17.7014755
	95.9775203	17.7054959
	95.9752242	17.71093
	95.9754849	17.7125262
	95.9741912	17.7168538
	95.9753662	17.7192038
	95.9788911	17.7146997
	95.9837396	17.713049
	95.9852237	17.7105043
	95.9860322	17.7086659
	95.9883785	17.7078837
	95.9899693	17.7086277
	95.9909798	17.7098941
	95.9913235	17.711931
	95.9910713	17.7147958
	95.9919298	17.7174053
	95.9951037	17.7197436
	95.9965341	17.7201516
	95.997036	17.7212468
	95.9960042	17.7235881
	95.9983541	17.7254158
	96.0059697	17.7277336
	96.0059145	17.7278348
	96.0049111	17.7290323
	96.0048466	17.7306576
	96.0056132	17.7315804
	96.0072459	17.732462
	96.0082834	17.732809
	96.0094318	17.7330417
	96.0100001	17.7334193
	96.0098209	17.7344761
	96.0088326	17.735689
	96.007536	17.7385538
	96.0094777	17.7405755
	96.0096761	17.7417811
	96.0097636	17.7433299
	96.0103434	17.7447949
	96.0115033	17.7458705
	96.0124186	17.7461107
	96.0137003	17.7462712
	96.0138604	17.74695
	96.0133877	17.7483311
	96.0137156	17.7487011
	96.0140705	17.7491666
	96.0146579	17.7501161
	96.0150583	17.7506388
	96.0155352	17.7511464
	96.0159166	17.751524
	96.0164851	17.7522374
	96.0170914	17.7534349
	96.0170991	17.7543851
	96.01692	17.7547396
	96.0165575	17.7549762
	96.0155579	17.7553231
	96.014265	17.7555522
	96.0138146	17.7558801
	96.0135136	17.7566128
	96.0145244	17.7573679
	96.0148751	17.7574097
	96.0153941	17.7576809
	96.0157678	17.7585126
	96.015745	17.7594509
	96.0157374	17.760374
	96.0162678	17.7617776
	96.016451	17.7620221
	96.0173586	17.7629105
	96.0180185	17.7635056
	96.0192433	17.7647111
	96.0206393	17.765886
	96.0213299	17.7666262
	96.0219053	17.7671695
	96.0294254	17.776592
	96.0344095	17.7791553
	96.0340707	17.779554
	96.0331974	17.7806149
	96.0331631	17.7817742
	96.0339295	17.7820452
	96.0343721	17.7823046
	96.0345743	17.7830639
	96.0352532	17.7840824
	96.0365619	17.7842347
	96.037611	17.7840481
	96.038496	17.7845095
	96.0388542	17.7851506
	96.0398692	17.7865621
	96.042299	17.7877139
	96.0432603	17.7879543
	96.0442638	17.7881221
	96.046621	17.7878969
	96.0479717	17.7878854
	96.0506074	17.7879655
	96.0519009	17.7883472
	96.0531786	17.7897889
	96.0533962	17.7904148
	96.053007	17.7913265
	96.052694	17.7918297
	96.0523471	17.7923447
	96.0519006	17.793108
	96.0515802	17.7949428
	96.0526257	17.7960606
	96.056319	17.7969581
	96.0618022	17.7888639
	96.0719852	17.7836418
	96.0798183	17.7859918
	96.0839959	17.7914749
	96.0819379	17.7823234
	96.0911763	17.7703691
	96.094332	17.7599161
	96.0967465	17.7519178
	96.0984872	17.7414737
	96.0970555	17.7282884
	96.096731	17.7268695
	96.0959416	17.7257023
	96.0951709	17.7244052
	96.0951252	17.7227039
	96.0961396	17.719473
	96.0963799	17.7185076
	96.0959605	17.7181642
	96.0937325	17.7186451
	96.0921955	17.7186794
	96.0911196	17.7180576
	96.0913941	17.7168596
	96.0928095	17.714483
	96.0926038	17.7135906
	96.0918557	17.7132394
	96.0899445	17.7131328
	96.0885637	17.7125337
	96.0872554	17.7114391
	96.0870492	17.709589
	96.086641	17.7084481
	96.0850049	17.708086
	96.0810071	17.7064492
	96.0806405	17.705553
	96.0829831	17.7025468
	96.0939614	17.684031
	96.0970946	17.6770683
	96.1009241	17.6798534
	96.1047536	17.6742832
	96.108235	17.6645353
	96.1225087	17.6523505
	96.1256419	17.6439952
	96.128103	17.6410214
	96.1339972	17.6338992
	96.1388711	17.6248477
	96.143745	17.618233
	96.1489671	17.6133591
	96.1509837	17.6059436
	96.1517467	17.6045701
	96.1520481	17.6035593
	96.1515407	17.6026323
	96.1494846	17.6006336
	96.1548854	17.592819
	96.1573224	17.5865525
	96.1642851	17.5862044
	96.1667221	17.5764566
	96.1726404	17.5715826
	96.1764699	17.5611385
	96.1813439	17.5538276
	96.1851734	17.5409465
	96.1886548	17.5332875
	96.1938768	17.5277173
	96.2046691	17.5204064
	96.2057135	17.5120511
	96.2040691	17.505369
	96.2051678	17.5027752
	96.2063388	17.50099
	96.2070292	17.4992768
	96.2072121	17.4983348
	96.2071703	17.4980447
	96.2064037	17.4973736
	96.2047289	17.497572
	96.2041605	17.4979038
	96.2026155	17.4979726
	96.2015782	17.4979609
	96.2006508	17.4977623
	96.2003537	17.4974995
	96.20368	17.4866694
	96.2084986	17.4821113
	96.2161576	17.4807188
	96.2217278	17.4828076
	96.2252092	17.4765411
	96.2276461	17.4800225
	96.2290387	17.4824595
	96.237394	17.4748004
	96.2419198	17.4695784
	96.2530602	17.4706228
	96.2603711	17.4699265
	96.2679037	17.4599968
	96.2680301	17.4598305
	96.2691855	17.458396
	96.2781261	17.4472976
	96.2805102	17.4405992
	96.2806146	17.4405079
	96.2812748	17.4390198
	96.2817403	17.4371431
	96.2820606	17.4353925
	96.2820186	17.434309
	96.2819042	17.4334733
	96.281664	17.4323674
	96.2816409	17.4311085
	96.2812326	17.4300898
	96.2809007	17.4289987
	96.2811413	17.4279347
	96.281637	17.4271296
	96.2818316	17.4255541
	96.2819615	17.4241083
	96.2819919	17.422529
	96.2817211	17.4209994
	96.2815685	17.4184054
	96.2816256	17.4169291
	96.2820337	17.4159871
	96.2827584	17.4143541
	96.2826785	17.4134274
	96.2830907	17.4122103
	96.2836931	17.4113904
	96.2837047	17.4103948
	96.2843035	17.4095933
	96.2848184	17.4085217
	96.2844562	17.4074305
	96.2843914	17.4070489
	96.2846393	17.4062937
	96.2847577	17.4058131
	96.2842157	17.4052142
	96.2843759	17.4044857
	96.2851046	17.4038179
	96.2849827	17.4027612
	96.2843073	17.4016017
	96.2838799	17.4006977
	96.2839106	17.3995571
	96.2844295	17.3983285
	96.285032	17.3974056
	96.285673	17.3966161
	96.2864397	17.3957577
	96.2867564	17.3947428
	96.2868479	17.3941441
	96.2871799	17.3936861
	96.2880953	17.3928737
	96.289133	17.3920803
	96.2896595	17.3915841
	96.2897395	17.3904437
	96.2893887	17.3894251
	96.2891598	17.3884676
	96.2891178	17.3878229
	96.2892092	17.3873574
	96.2901326	17.3866633
	96.2909068	17.3860378
	96.2914063	17.3856107
	96.2920167	17.3848666
	96.2926081	17.3832147
	96.292673	17.3824978
	96.2927112	17.3817233
	96.2924862	17.3806629
	96.292444	17.3795373
	96.2924747	17.3789654
	96.2920322	17.3785912
	96.2916695	17.3781261
	96.291952	17.3776646
	96.2920436	17.3771265
	96.2913262	17.3769017
	96.2906091	17.3765621
	96.2903728	17.3757683
	96.2906934	17.3750859
	96.2909256	17.3745213
	96.2912426	17.37393
	96.2918031	17.3728617
	96.2919293	17.3721635
	96.2919062	17.3713433
	96.2918185	17.3707254
	96.2924707	17.3701722
	96.292757	17.3696381
	96.2935237	17.3687494
	96.2939698	17.3685854
	96.2944581	17.3684636
	96.2948819	17.3673191
	96.2951908	17.3660409
	96.2953279	17.3649158
	96.2956027	17.3637523
	96.2960297	17.3626079
	96.296381	17.3619744
	96.2973725	17.3611505
	96.2977656	17.3605897
	96.2977846	17.3594339
	96.2980058	17.3580492
	96.298353	17.3564927
	96.298479	17.3552495
	96.2986315	17.3536739
	96.2985551	17.3526898
	96.2985742	17.3520183
	96.2988415	17.3510303
	96.298914	17.3500653
	96.2991235	17.3486957
	96.2988528	17.3479862
	96.2986469	17.3462695
	96.298956	17.3449306
	96.2996613	17.3440721
	96.3002909	17.3432674
	96.3014619	17.3424625
	96.302122	17.3421
	96.3023049	17.341547
	96.3029039	17.3375225
	96.3026789	17.335924
	96.3024121	17.3346003
	96.3021794	17.333685
	96.3017864	17.3331507
	96.3012178	17.3325938
	96.3014925	17.3318538
	96.3015648	17.3315183
	96.3012408	17.3311747
	96.3009015	17.3307705
	96.3011914	17.3302364
	96.2996651	17.3286913
	96.3002339	17.3277835
	96.3002182	17.326803
	96.3006228	17.3263453
	96.3010653	17.3256243
	96.3009625	17.324976
	96.3005807	17.3241211
	96.3008633	17.3237169
	96.3014315	17.3239802
	96.3020761	17.3236294
	96.3019656	17.3232477
	96.3024425	17.3213559
	96.3030946	17.3208177
	96.3033048	17.3202683
	96.3041056	17.3198184
	96.3046434	17.3189982
	96.3047847	17.3182849
	96.305498	17.3186818
	96.3059899	17.3180066
	96.3062113	17.3175297
	96.3069668	17.3175336
	96.3075348	17.3167894
	96.3078137	17.3164309
	96.3084543	17.3158742
	96.3092592	17.3157364
	96.3103198	17.3155877
	96.3108423	17.3148097
	96.3113228	17.312803
	96.3117237	17.3124599
	96.3116357	17.3119451
	96.3110217	17.3116091
	96.3113881	17.3109757
	96.3121047	17.3102428
	96.3080659	17.3047353
	96.303156	17.2921235
	96.3022888	17.2914673
	96.303192	17.2845433
	96.3101547	17.270966
	96.3089884	17.2579975
	96.3093279	17.2572612
	96.3088434	17.2566776
	96.3091449	17.2551362
	96.3101635	17.2548388
	96.3107737	17.2536256
	96.31056	17.2527408
	96.3105057	17.2518977
	96.3188581	17.2486852
	96.3150158	17.2425936
	96.3158321	17.2413727
	96.3153513	17.239935
	96.3157021	17.2386874
	96.3150499	17.2380959
	96.3142758	17.237955
	96.3143059	17.2367992
	96.3143139	17.2357616
	96.3161141	17.2346817
	96.3149698	17.2335527
	96.3145656	17.232374
	96.3130204	17.231554
	96.3124257	17.2293146
	96.3114796	17.2282124
	96.3111531	17.2277768
	96.3056289	17.2281451
	96.3017994	17.22536
	96.2948367	17.2243156
	96.2957966	17.2210772
	96.2962292	17.2180491
	96.2969416	17.2112027
	96.3052808	17.2103901
	96.3087622	17.2086494
	96.3101547	17.2048199
	96.3082824	17.2017306
	96.3093888	17.20146
	96.309	17.1986789
	96.3096867	17.1975077
	96.3089849	17.1967257
	96.3094884	17.195688
	96.3095685	17.1943875
	96.3104877	17.1938569
	96.3116587	17.1926936
	96.3127803	17.1913431
	96.3127667	17.1912494
	96.3188581	17.1842798
	96.3247765	17.1780133
	96.328606	17.1738356
	96.3334799	17.1686136
	96.3407908	17.1668729
	96.3481017	17.1602583
	96.3554126	17.1588657
	96.3613309	17.1543399
	96.3658567	17.149466
	96.376649	17.134148
	96.384308	17.1247483
	96.3905745	17.1167411
	96.3915158	17.1089724
	96.3932057	17.1069011
	96.3934191	17.1053525
	96.3924348	17.1034104
	96.393522	17.1016332
	96.3950901	17.0994356
	96.3948917	17.0974826
	96.3950633	17.0943317
	96.3959558	17.0925731
	96.3966006	17.0903376
	96.3964631	17.0881366
	96.4001905	17.0805795
	96.4035196	17.0762712
	96.4037154	17.0729422
	96.4025402	17.0707909
	96.4019754	17.0685212
	96.4020665	17.0667042
	96.4010247	17.0673698
	96.3997221	17.0704092
	96.3994327	17.0721461
	96.3979854	17.0722908
	96.3959591	17.0712776
	96.3934987	17.0689619
	96.3946565	17.066212
	96.3969722	17.0649095
	96.3969706	17.0628946
	96.3958723	17.0591015
	96.3960398	17.0586299
	96.395171	17.0564627
	96.3966657	17.0543387
	96.3972531	17.0504221
	96.4003152	17.0483395
	96.3998621	17.0477999
	96.3988806	17.0474354
	96.39625	17.0464583
	96.3968942	17.0454003
	96.3976017	17.0443834
	96.3985079	17.0430812
	96.3974116	17.0418468
	96.3967493	17.0411012
	96.3952236	17.0392052
	96.3935259	17.036871
	96.3924042	17.0350015
	96.3895461	17.0334359
	96.388592	17.0307444
	96.3880747	17.0290623
	96.3869838	17.0267695
	96.3857096	17.0245645
	96.3851896	17.0237547
	96.3844239	17.0225621
	96.3835048	17.0213756
	96.3816628	17.0185282
	96.3798272	17.016387
	96.3784501	17.0146542
	96.377615	17.0127811
	96.3759667	17.0100687
	96.3752574	17.0077382
	96.3753593	17.0059088
	96.3753754	17.0056207
	96.3755055	17.0026416
	96.376924	16.9998995
	96.3790823	16.9981814
	96.3863015	16.9967127
	96.3946353	16.9977043
	96.3989707	16.9977216
	96.4030123	16.9973671
	96.4057457	16.9961551
	96.4073038	16.9936529
	96.4076977	16.9909681
	96.4068961	16.9872298
	96.4059963	16.9848469
	96.4054536	16.9829593
	96.4054731	16.9805315
	96.4129501	16.9783156
	96.4201545	16.9820893
	96.4242713	16.9838047
	96.4259867	16.9817463
	96.4273589	16.9783156
	96.4355926	16.9772864
	96.4403955	16.9724834
	96.4489722	16.9724834
	96.4623519	16.9690527
	96.4719578	16.9659651
	96.4774468	16.9645929
	96.4836545	16.9686666
	96.4836369	16.9693239
	96.4837778	16.9713422
	96.4842201	16.9727382
	96.4851776	16.9739856
	96.486452	16.9746188
	96.4877945	16.9752027
	96.4879508	16.9761903
	96.487997	16.9771176
	96.4884735	16.9780713
	96.4890991	16.9794634
	96.4890496	16.9813633
	96.4887524	16.9831065
	96.4883591	16.9843957
	96.4894351	16.9847241
	96.4910026	16.984335
	96.4916134	16.9836558
	96.492128	16.9823513
	96.4931429	16.9804097
	96.4976878	16.9834616
	96.5019168	16.984083
	96.5010547	16.9852428
	96.5013596	16.9865475
	96.5032023	16.9871082
	96.5045527	16.9867875
	96.5058228	16.9858188
	96.506662	16.9854334
	96.507555	16.9853535
	96.5087946	16.984373
	96.509363	16.9837629
	96.5101146	16.9829537
	96.5115375	16.9831141
	96.5115145	16.9850595
	96.5098932	16.986475
	96.5089889	16.9886151
	96.5093476	16.9903619
	96.5168996	16.9940967
	96.5275347	16.9899799
	96.536085	16.9860553
	96.5382059	16.9874093
	96.5388431	16.9872531
	96.5414752	16.9865205
	96.5429665	16.9861392
	96.5449234	16.9858226
	96.5463809	16.9856471
	96.5475824	16.9852925
	96.5483452	16.9848462
	96.563257	16.9822935
	96.5656152	16.9862061
	96.5721335	16.9875784
	96.5769365	16.9865492
	96.5810533	16.9838047
	96.5858562	16.9848339
	96.5927176	16.9831185
	96.5968344	16.980717
	96.6016373	16.9834616
	96.6074695	16.9865492
	96.6129586	16.9858631
	96.6208491	16.9910091
	96.6294258	16.9923814
	96.6383456	16.9951259
	96.6458931	16.995469
	96.650696	16.9961551
	96.6589296	16.9964982
	96.6637326	16.990666
	96.6729954	16.9865492
	96.6829444	16.9814032
	96.6870612	16.9762572
	96.6908349	16.975228
	96.6908349	16.9711112
	96.6956379	16.9711112
	96.7014178	16.9725895
	96.706273	16.9762572
	96.7121052	16.9676805
	96.7175942	16.9645929
	96.7175942	16.9597899
	96.7175942	16.9567023
	96.7189665	16.9525855
	96.7163369	16.9499834
	96.7220542	16.9443519
	96.7220542	16.9388628
	96.7285725	16.9309722
	96.7378353	16.9285708
	96.7426382	16.9316584
	96.7477843	16.9333737
	96.7529303	16.9371475
	96.7546456	16.9395489
	96.7563609	16.939892
	96.7570471	16.9364613
	96.7591055	16.9313153
	96.7632223	16.9316584
	96.7635654	16.9289138
	96.7645946	16.9268554
	96.7680253	16.9261693
	96.7676822	16.9241109
	96.7660046	16.9217664
	96.7704267	16.9179357
	96.7737333	16.9130307
	96.7742136	16.9138659
	96.7752359	16.9148919
	96.776945	16.9203371
	96.7802937	16.917993
	96.7803757	16.9179357
	96.7820367	16.9157417
	96.7815733	16.9136101
	96.7796496	16.9089219
	96.7790926	16.9089183
	96.7789324	16.9078387
	96.7789933	16.9069651
	96.7790772	16.9055535
	96.7790959	16.9052759
	96.7791383	16.9046495
	96.7790997	16.9045106
	96.7783678	16.9018761
	96.7781617	16.901117
	96.7781009	16.9005334
	96.778074	16.8997744
	96.7780322	16.898813
	96.778387	16.8969781
	96.7785393	16.896597
	96.7800805	16.8952806
	96.7813699	16.8928813
	96.780813	16.8925874
	96.7835842	16.8921591
	96.7858187	16.8885839
	96.7849443	16.8823031
	96.7855815	16.8807618
	96.7863559	16.8793505
	96.7846771	16.878233
	96.7835519	16.8764057
	96.7841089	16.8756352
	96.7856882	16.8761692
	96.7864127	16.8763483
	96.7874164	16.8767031
	96.7892281	16.8753565
	96.7890642	16.8749331
	96.7873363	16.8737278
	96.7866459	16.8734491
	96.7874508	16.8717899
	96.788286	16.8704545
	96.788595	16.8682992
	96.789045	16.868517
	96.7901666	16.8667315
	96.7899417	16.8661478
	96.7895983	16.865446
	96.7891788	16.8647137
	96.7885912	16.8617685
	96.7888659	16.8610552
	96.7905328	16.8610628
	96.7918258	16.8617382
	96.7926691	16.8619631
	96.7939621	16.8621157
	96.7953353	16.8615093
	96.795679	16.8611047
	96.7956408	16.8600369
	96.7949197	16.8594226
	96.7944392	16.8592014
	96.7933403	16.8567484
	96.7936687	16.8566609
	96.7944087	16.8561992
	96.7945305	16.8559243
	96.7946528	16.855356
	96.7944887	16.8547116
	96.7941299	16.8541279
	96.7922264	16.8525025
	96.7922187	16.8504161
	96.7940384	16.8508928
	96.7947747	16.8513199
	96.7963503	16.8521136
	96.7971512	16.8518391
	96.7979678	16.8500804
	96.7979408	16.84963
	96.7957856	16.8467312
	96.7955569	16.846193
	96.7951564	16.8446023
	96.795221	16.8440188
	96.7958697	16.842943
	96.798246	16.8445416
	96.7994821	16.8470133
	96.7999627	16.8479479
	96.8009013	16.8501985
	96.8015612	16.8538723
	96.8023738	16.8544024
	96.80311	16.8542729
	96.8040405	16.8518886
	96.8039222	16.8510723
	96.803442	16.8499622
	96.803041	16.8489246
	96.8056277	16.845396
	96.8065316	16.8447893
	96.8077675	16.8440876
	96.8069093	16.8427144
	96.805971	16.8391285
	96.8179872	16.8355237
	96.8276582	16.8287704
	96.8261575	16.8252662
	96.8243336	16.8220621
	96.8245318	16.8201452
	96.8231963	16.8174407
	96.8215655	16.8148937
	96.8138408	16.8107856
	96.8112659	16.8107035
	96.8089484	16.8121002
	96.806631	16.815551
	96.8052577	16.8195768
	96.7998504	16.8163726
	96.8001937	16.8128397
	96.7998504	16.8084029
	96.7996787	16.804459
	96.7974471	16.7996112
	96.7961597	16.7945167
	96.7955588	16.790819
	96.791954	16.7859709
	96.7890357	16.7812869
	96.7881774	16.7811226
	96.7850875	16.7801365
	96.7820834	16.7805473
	96.7795085	16.7857243
	96.7784785	16.7878608
	96.7748736	16.7925446
	96.7722987	16.7954206
	96.7713546	16.8008437
	96.7721271	16.8050342
	96.7734145	16.8098613
	96.7734145	16.8120181
	96.7705535	16.8140352
	96.7662906	16.817605
	96.7610228	16.8242187
	96.7598963	16.8251224
	96.7591882	16.827926
	96.7577852	16.8281052
	96.7582225	16.8249992
	96.7616987	16.820727
	96.7622995	16.8179747
	96.7616128	16.8164136
	96.7599821	16.813045
	96.7604112	16.8051984
	96.7628145	16.7984608
	96.7633295	16.7892988
	96.7630874	16.7813482
	96.7628084	16.7759419
	96.7628145	16.7723295
	96.7625002	16.7662233
	96.7596782	16.7582196
	96.755967	16.7550239
	96.7562763	16.7522405
	96.7539053	16.7507973
	96.7480293	16.7509004
	96.7481324	16.7441997
	96.7443182	16.741004
	96.7424626	16.7371898
	96.7394979	16.7356168
	96.7309455	16.7246208
	96.7272801	16.7160684
	96.7255697	16.704095
	96.7221487	16.6921216
	96.7197051	16.6806369
	96.722393	16.6725732
	96.729235	16.6654869
	96.7244871	16.6532201
	96.7114332	16.6354741
	96.6899641	16.6090001
	96.6799505	16.5969113
	96.674423	16.5903501
	96.6692427	16.5834417
	96.6633718	16.5761899
	96.652664	16.5627202
	96.6426388	16.5533885
	96.6429937	16.55305
	96.6157072	16.5378522
	96.6012037	16.5306005
	96.5904959	16.5257672
	96.5711554	16.5154027
	96.5531958	16.5071134
	96.5335081	16.5002088
	96.5134771	16.4922628
	96.4855001	16.483283
	96.4526899	16.4805211
	96.4302405	16.4767217
	96.4226416	16.4812116
	96.4046821	16.4805211
	96.3919028	16.4846639
	96.383583	16.4969052
	96.37648	16.5005635
	96.3687781	16.5087461
	96.3601073	16.5161809
	96.3510207	16.5252675
	96.3427619	16.5281552
	96.3402823	16.5318746
	96.3126105	16.5438489
	96.3009578	16.5521582
	96.2917465	16.5567638
	96.2874041	16.5595272
	96.2857894	16.5617704
	96.282463	16.575652
	96.2755475	16.580817
	96.2743911	16.5821485
	96.2699012	16.5921659
	96.2651175	16.5991925
	96.2615144	16.6049887
	96.2602134	16.6078225
	96.259365	16.6144399
	96.2643737	16.6303281
	96.2654113	16.641036
	96.2636818	16.648127
	96.2617835	16.6532964
	96.2576865	16.6578359
	96.2514667	16.6643762
	96.2469481	16.6681584
	96.2428175	16.6726481
	96.2422026	16.6733158
	96.2378106	16.6777078
	96.2354128	16.6829302
	96.2320633	16.6871996
	96.2282599	16.6994313
	96.2264647	16.7059584
	96.2254715	16.7094563
	96.2275352	16.7251499
	96.2262992	16.731345
	96.2250595	16.7396076
	96.221344	16.7453869
	96.2181746	16.7499092
	96.2084378	16.7703826
	96.2020391	16.7665304
	96.1913453	16.7576725
	96.1914367	16.7467755
	96.1910553	16.7452496
	96.1904945	16.7435787
	96.1902694	16.741782
	96.1901245	16.7414501
	96.1902809	16.7406395
	96.1902809	16.7403439
	96.1905632	16.7380322
	96.1908931	16.7363613
	96.1912384	16.7350758
	96.1915016	16.7341526
	96.1915903	16.7338388
	96.1966247	16.7218197
	96.2001469	16.7096429
	96.2023429	16.704089
	96.2039985	16.6983059
	96.2052345	16.6904591
	96.2068863	16.6813763
	96.2104108	16.6752981
	96.2144901	16.671482
	96.2202986	16.6654957
	96.2272542	16.6599021
	96.2351496	16.6570072
	96.2398868	16.6555597
	96.243045	16.6520068
	96.2448195	16.6431112
	96.2440566	16.6326436
	96.2408079	16.6276628
	96.2360707	16.6180568
	96.2333192	16.6086907
	96.2324942	16.6041478
	96.2329062	16.5954732
	96.2378615	16.576476
	96.2443885	16.5573796
	96.2502516	16.5459165
	96.2593382	16.5215482
	96.2655333	16.5112256
	96.274412	16.4990153
	96.2754439	16.4975957
	96.2841147	16.4864454
	96.2915495	16.4810781
	96.303459	16.4740397
	96.309249	16.4707499
	96.3242501	16.4606176
	96.3276715	16.4569331
	96.327803	16.450222
	96.3254344	16.4444321
	96.3256976	16.4408792
	96.3242501	16.435484
	96.3187234	16.4273255
	96.3184602	16.4228514
	96.3128019	16.4191669
	96.311486	16.4136402
	96.3073994	16.4059495
	96.2982759	16.4012708
	96.2879827	16.3874686
	96.2678642	16.3746021
	96.2503189	16.3668822
	96.2311361	16.3622034
	96.205871	16.3577586
	96.1745909	16.3417501
	96.1665686	16.3393201
	96.1560248	16.3333692
	96.1516989	16.3321103
	96.1320532	16.3233671
	96.1231908	16.3223245
	96.1179961	16.321475
	96.1124075	16.3228254
	96.1067313	16.3258008
	96.1013259	16.3292264
	96.0941429	16.3352918
	96.0857353	16.3422002
	96.0805053	16.3464383
	96.0788841	16.3488721
	96.0769004	16.3504934
	96.0717658	16.3536481
	96.0631141	16.3577031
	96.0631141	16.3607663
	96.0625724	16.3632879
	96.0610427	16.3649129
	96.0582465	16.3670759
	96.0529327	16.3698682
	96.0400009	16.3749456
	96.0296249	16.3809041
	96.0177078	16.3877477
	96.0132903	16.3941488
	96.0104217	16.398341
	96.0031394	16.4036396
	95.9950044	16.4069418
	95.9898211	16.4103648
	95.9786721	16.4146679
	95.9712394	16.4146679
	95.9569608	16.4154503
	95.9435625	16.4121252
	95.9304575	16.409778
	95.9202865	16.4089956
	95.9121692	16.4095824
	95.9054211	16.4105604
	95.8984774	16.4114406
	95.8925189	16.4138118
	95.887381	16.4145725
	95.8841671	16.4163255
	95.880121	16.4186319
	95.8781149	16.420056
	95.877192	16.4219662
	95.8771549	16.4246525
	95.8748175	16.428889
	95.8699967	16.4319568
	95.8666367	16.4360472
	95.8640071	16.4408681
	95.8646965	16.4451503
	95.8676593	16.4490489
	95.8689741	16.4562072
	95.8664906	16.462635
	95.8624002	16.4654106
	95.8588941	16.467748
	95.8515897	16.4665793
	95.8485219	16.4690628
	95.8457463	16.4668715
	95.8413637	16.4649724
	95.8362643	16.4652828
	95.8325665	16.4671728
	95.8287044	16.4716924
	95.8267322	16.4762941
	95.8264857	16.482868
	95.8271887	16.4893415
	95.8288322	16.4945184
	95.827424	16.4962804
	95.828814	16.4986291
	95.8300107	16.500122
	95.8313269	16.5011204
	95.8319328	16.5017668
	95.8326997	16.5026695
	95.8342904	16.5037146
	95.8370486	16.5046982
	95.8385369	16.5051784
	95.8403987	16.5064983
	95.8457352	16.5106641
	95.8510224	16.5146237
	95.856134	16.5185337
	95.8600975	16.5217876
	95.8642098	16.5255524
	95.8678987	16.528986
	95.8709502	16.5318051
	95.8743112	16.5346278
	95.8766556	16.5371355
	95.8782529	16.5387018
	95.8788342	16.5390906
	95.8806896	16.5397539
	95.881582	16.5403573
	95.8824406	16.5411815
	95.8827416	16.5431918
	95.8824748	16.5454044
	95.8820396	16.5474758
	95.8807657	16.5493335
	95.8791522	16.553712
	95.8787658	16.5548194
	95.8785581	16.5553875
	95.8784233	16.5558783
	95.8787441	16.5563176
	95.8793888	16.5570156
	95.8756855	16.5681892
	95.8672579	16.5688915
	95.8609372	16.5667846
	95.8556039	16.5570658
	95.853444	16.5564752
	95.8500516	16.5555478
	95.8468072	16.5602987
	95.8402194	16.5699449
	95.8303872	16.5945254
	95.8293337	16.6071668
	95.8240665	16.6148921
	95.8240665	16.6205105
	95.8258037	16.6317575
	95.8363567	16.6436864
	95.8310895	16.6514117
	95.8237154	16.6573812
	95.8240286	16.6609506
	95.8240943	16.6616995
	95.8251972	16.6742687
	95.8264862	16.6782933
	95.8280464	16.6834429
	95.8292865	16.6883219
	95.8319986	16.6941277
	95.8342644	16.7009868
	95.836153	16.7046032
	95.838335	16.7076814
	95.8426938	16.7133831
	95.851442	16.711582
	95.8601902	16.7138977
	95.8687038	16.7196637
	95.8703022	16.721548
	95.8726861	16.7249391
	95.8742961	16.7311116
	95.8757112	16.7354752
	95.8777062	16.7414797
	95.8802597	16.7465749
	95.877944	16.7519783
	95.8758856	16.7558378
	95.8748564	16.7635568
	95.8743418	16.7699893
	95.8745991	16.7759072
	95.8743418	16.7810532
	95.8712542	16.7916026
	95.8708359	16.8020345
	95.8735699	16.8060114
	95.8697909	16.8160307
	95.8658509	16.8240225
	95.8599329	16.8327707
	95.8555588	16.8415189
	95.8506701	16.8482087
	95.850077	16.8503442
	95.8493836	16.8528402
	95.8450095	16.8605592
	95.84115	16.8657052
	95.8375667	16.8697413
	95.8372514	16.8700963
	95.8399752	16.8750018
	95.8415012	16.8801438
	95.843083	16.8827034
	95.8441181	16.8843782
	95.84578	16.8857513
	95.8462636	16.8864603
	95.8466449	16.8867276
	95.8470476	16.8870101
	95.8475781	16.8879683
	95.8486728	16.8894672
	95.846296	16.8945229
	95.8434657	16.90147
	95.8393489	16.9032711
	95.8359162	16.9067208
	95.8378848	16.9075029
	95.8424586	16.9080904
	95.8430422	16.9112492
	95.8462961	16.9130485
	95.8447523	16.9148496
	95.8401209	16.9181946
	95.8380625	16.9223114
	95.8380625	16.9251417
	95.8388563	16.9280524
	95.8398037	16.9283654
	95.841281	16.9297303
	95.8425538	16.9309064
	95.8438409	16.9315079
	95.8461909	16.9326065
	95.8462889	16.9326523
	95.8463726	16.9326915
	95.8492066	16.9327869
	95.8495581	16.9337818
	95.8496798	16.934126
	95.8505343	16.9365443
	95.8530175	16.9376821
	95.852158	16.9416933
	95.8547366	16.9451315
	95.8541636	16.9485697
	95.8527309	16.9522944
	95.8587477	16.9560191
	95.8618994	16.9551595
	95.870495	16.9482831
	95.87995	16.9462775
	95.8865397	16.9491427
	95.8868262	16.9543
	95.882815	16.9585977
	95.8779443	16.9585977
	95.8699218	16.9543
	95.864478	16.9626089
	95.8607534	16.9697718
	95.8671316	16.9797551
	95.8673432	16.9800863
	95.8675039	16.9813186
	95.8682027	16.9866762
	95.8677934	16.98845
	95.8673432	16.9904009
	95.8669299	16.9957747
	95.8668738	16.9965046
	95.8668655	16.9966127
	95.8668637	16.9966363
	95.8668491	16.996826
	95.8667702	16.9978503
	95.8659106	17.002721
	95.8581747	17.0058727
	95.8498658	17.0058727
	95.8447085	17.0127491
	95.8424164	17.0176198
	95.8378321	17.020485
	95.8312423	17.0201985
	95.8257985	17.0196254
	95.8241482	17.0210006
	95.8206413	17.0239232
	95.8209278	17.0302265
	95.8209278	17.0316774
	95.8209278	17.0317133
	95.8209278	17.0353838
	95.8209278	17.0403522
	95.8253077	17.043039
	95.8288632	17.0454958
	95.8321019	17.0485635
	95.8321019	17.0517151
	95.8294516	17.0563531
	95.8309572	17.0597668
	95.8339236	17.0614947
	95.8358266	17.0626027
	95.833248	17.0680464
	95.8275177	17.0757823
	95.8272312	17.0812262
	95.8260851	17.0869565
	95.8256277	17.088185
	95.8246327	17.0908792
	95.8250536	17.0941092
	95.8273746	17.0955375
	95.8313025	17.0935736
	95.8339765	17.0933553
	95.8347832	17.0941105
	95.8392871	17.0996737
	95.8359965	17.1038655
	95.8357957	17.1041173
	95.8319869	17.1079261
	95.8259562	17.1060217
	95.8235529	17.1008585
	95.8236253	17.0975015
	95.8223755	17.0939307
	95.8180482	17.0885753
	95.8160419	17.0862522
	95.814283	17.0838716
	95.8110751	17.0807245
	95.8078517	17.0782643
	95.8054486	17.077749
	95.8031639	17.0846644
	95.8031639	17.0921138
	95.8031639	17.096125
	95.8017313	17.0998497
	95.7982829	17.1041921
	95.8023889	17.1053407
	95.8037549	17.1059166
	95.8054867	17.1088086
	95.8097537	17.1107372
	95.8083212	17.1144619
	95.80431	17.1164676
	95.7977201	17.1221979
	95.7977201	17.1270686
	95.7965741	17.1319394
	95.7934224	17.1322259
	95.7908437	17.1327989
	95.7908437	17.1362371
	95.7922763	17.1408213
	95.7871191	17.1428269
	95.7822483	17.1465516
	95.7767589	17.1501406
	95.7792981	17.1529972
	95.783949	17.1508271
	95.7885516	17.1545741
	95.7882651	17.1585853
	95.7842539	17.1600179
	95.7793749	17.1631031
	95.7801343	17.1647012
	95.7808053	17.1661052
	95.7839086	17.1705319
	95.7808157	17.172911
	95.775945	17.1763492
	95.7756816	17.1763505
	95.7725068	17.1763492
	95.7690686	17.1754897
	95.7659169	17.1766357
	95.7604188	17.181288
	95.7610377	17.1816691
	95.7622697	17.183874
	95.7659169	17.1855177
	95.7659169	17.1883829
	95.7610462	17.1915345
	95.7564619	17.1955457
	95.7535968	17.1966918
	95.7490125	17.1966918
	95.7472934	17.200703
	95.7441418	17.201276
	95.7395575	17.2029951
	95.7378384	17.2064333
	95.7358328	17.2067198
	95.7353262	17.2051348
	95.7346249	17.2029398
	95.7338425	17.203722
	95.7329617	17.2041567
	95.7324237	17.2038629
	95.7321643	17.2014252
	95.7237992	17.2041412
	95.7169228	17.2038547
	95.7117656	17.2032817
	95.70976	17.2024221
	95.7074678	17.2061468
	95.7074678	17.2110176
	95.7011645	17.2133097
	95.6960072	17.2210456
	95.6928556	17.2270624
	95.6902769	17.2316467
	95.6910188	17.236681
	95.6932236	17.2358035
	95.6945664	17.2355479
	95.6952991	17.2365739
	95.6948527	17.2386721
	95.6943146	17.2406251
	95.700305	17.2388095
	95.6985859	17.2425342
	95.6977263	17.2445398
	95.6991589	17.246832
	95.6997356	17.2529886
	95.7008304	17.2544268
	95.7015208	17.255949
	95.7054622	17.2577195
	95.7019135	17.2714443
	95.7024136	17.2727181
	95.703127	17.2731835
	95.7032491	17.2736643
	95.7030964	17.275053
	95.7068948	17.2777756
	95.7089004	17.2817868
	95.7080409	17.2872306
	95.7089004	17.29468
	95.7083274	17.2986912
	95.7040296	17.3049945
	95.6998537	17.3116357
	95.6985859	17.3213259
	95.6974398	17.331927
	95.6924553	17.3348332
	95.6904081	17.3356113
	95.6894508	17.3392234
	95.6884896	17.3437364
	95.6865938	17.3468911
	95.6842365	17.347784
	95.6837632	17.3486876
	95.679529	17.3486689
	95.6781099	17.3504696
	95.6738752	17.3509044
	95.6729221	17.353159
	95.6705679	17.3540549
	95.6682033	17.3563022
	95.6667914	17.3567484
	95.6653727	17.3580986
	95.6648959	17.3594527
	95.6634802	17.3607998
	95.6620653	17.361246
	95.6615885	17.3626001
	95.6587656	17.3625886
	95.6586104	17.3622927
	95.6552749	17.3559275
	95.6525018	17.3511736
	95.6473517	17.3466177
	95.6433901	17.3444388
	95.6394264	17.345073
	95.6390814	17.3466927
	95.6381359	17.3471393
	95.6334318	17.3475704
	95.6301365	17.3475554
	95.6277263	17.3472139
	95.6269068	17.3470982
	95.6268477	17.3470898
	95.6264697	17.3471414
	95.6179887	17.3483
END
END