E46G057095 0.0000053644 -0.0000053644 95.8750006557 17.6666620374
E46G057096 0.0000053644 -0.0000053644 95.9375014901 17.6666620374
E46G058093 0.0000053644 -0.0000053644 95.7500043511 17.6249966025
E46G058094 0.0000053644 -0.0000053644 95.8125051856 17.6249966025
E46G058095 0.0000053644 -0.0000053644 95.8750006557 17.6249966025
E46G058096 0.0000053644 -0.0000053644 95.9375014901 17.6249966025
E46G059092 0.0000053644 -0.0000053644 95.6875035167 17.5833311677
E46G059093 0.0000053644 -0.0000053644 95.7500043511 17.5833311677
E46G059094 0.0000053644 -0.0000053644 95.8125051856 17.5833311677
E46G059095 0.0000053644 -0.0000053644 95.8750006557 17.5833311677
E46G059096 0.0000053644 -0.0000053644 95.9375014901 17.5833311677
E46G060091 0.0000053644 -0.0000053644 95.6250026822 17.5416657329
E46G060092 0.0000053644 -0.0000053644 95.6875035167 17.5416657329
E46G060093 0.0000053644 -0.0000053644 95.7500043511 17.5416657329
E46G060094 0.0000053644 -0.0000053644 95.8125051856 17.5416657329
E46G060095 0.0000053644 -0.0000053644 95.8750006557 17.5416657329
E46G060096 0.0000053644 -0.0000053644 95.9375014901 17.5416657329
E46G061090 0.0000053644 -0.0000053644 95.5625018477 17.4999949336
E46G061091 0.0000053644 -0.0000053644 95.6250026822 17.4999949336
E46G061092 0.0000053644 -0.0000053644 95.6875035167 17.4999949336
E46G061093 0.0000053644 -0.0000053644 95.7500043511 17.4999949336
E46G061094 0.0000053644 -0.0000053644 95.8125051856 17.4999949336
E46G061095 0.0000053644 -0.0000053644 95.8750006557 17.4999949336
E46G061096 0.0000053644 -0.0000053644 95.9375014901 17.4999949336
E46G062089 0.0000053644 -0.0000053644 95.5000010133 17.4583294988
E46G062090 0.0000053644 -0.0000053644 95.5625018477 17.4583294988
E46G062091 0.0000053644 -0.0000053644 95.6250026822 17.4583294988
E46G062092 0.0000053644 -0.0000053644 95.6875035167 17.4583294988
E46G062093 0.0000053644 -0.0000053644 95.7500043511 17.4583294988
E46G062094 0.0000053644 -0.0000053644 95.8125051856 17.4583294988
E46G062095 0.0000053644 -0.0000053644 95.8750006557 17.4583294988
E46G062096 0.0000053644 -0.0000053644 95.9375014901 17.4583294988
E46G063088 0.0000053644 -0.0000053644 95.4375001788 17.4166640639
E46G063089 0.0000053644 -0.0000053644 95.5000010133 17.4166640639
E46G063090 0.0000053644 -0.0000053644 95.5625018477 17.4166640639
E46G063091 0.0000053644 -0.0000053644 95.6250026822 17.4166640639
E46G063092 0.0000053644 -0.0000053644 95.6875035167 17.4166640639
E46G063093 0.0000053644 -0.0000053644 95.7500043511 17.4166640639
E46G063094 0.0000053644 -0.0000053644 95.8125051856 17.4166640639
E46G063095 0.0000053644 -0.0000053644 95.8750006557 17.4166640639
E46G063096 0.0000053644 -0.0000053644 95.9375014901 17.4166640639
E46G064087 0.0000053644 -0.0000053644 95.3750047088 17.3749986291
E46G064088 0.0000053644 -0.0000053644 95.4375001788 17.3749986291
E46G064089 0.0000053644 -0.0000053644 95.5000010133 17.3749986291
E46G064090 0.0000053644 -0.0000053644 95.5625018477 17.3749986291
E46G064091 0.0000053644 -0.0000053644 95.6250026822 17.3749986291
E46G064092 0.0000053644 -0.0000053644 95.6875035167 17.3749986291
E46G064093 0.0000053644 -0.0000053644 95.7500043511 17.3749986291
E46G064094 0.0000053644 -0.0000053644 95.8125051856 17.3749986291
E46G064095 0.0000053644 -0.0000053644 95.8750006557 17.3749986291
E46G064096 0.0000053644 -0.0000053644 95.9375014901 17.3749986291
E46G065087 0.0000053644 -0.0000053644 95.3750047088 17.3333331943
E46G065088 0.0000053644 -0.0000053644 95.4375001788 17.3333331943
E46G065089 0.0000053644 -0.0000053644 95.5000010133 17.3333331943
E46G065090 0.0000053644 -0.0000053644 95.5625018477 17.3333331943
E46G065091 0.0000053644 -0.0000053644 95.6250026822 17.3333331943
E46G065092 0.0000053644 -0.0000053644 95.6875035167 17.3333331943
E46G065093 0.0000053644 -0.0000053644 95.7500043511 17.3333331943
E46G065094 0.0000053644 -0.0000053644 95.8125051856 17.3333331943
E46G065095 0.0000053644 -0.0000053644 95.8750006557 17.3333331943
E46G065096 0.0000053644 -0.0000053644 95.9375014901 17.3333331943
E46G066086 0.0000053644 -0.0000053644 95.3125038743 17.2916623950
E46G066087 0.0000053644 -0.0000053644 95.3750047088 17.2916623950
E46G066088 0.0000053644 -0.0000053644 95.4375001788 17.2916623950
E46G066089 0.0000053644 -0.0000053644 95.5000010133 17.2916623950
E46G066090 0.0000053644 -0.0000053644 95.5625018477 17.2916623950
E46G066091 0.0000053644 -0.0000053644 95.6250026822 17.2916623950
E46G066092 0.0000053644 -0.0000053644 95.6875035167 17.2916623950
E46G066093 0.0000053644 -0.0000053644 95.7500043511 17.2916623950
E46G066094 0.0000053644 -0.0000053644 95.8125051856 17.2916623950
E46G066095 0.0000053644 -0.0000053644 95.8750006557 17.2916623950
E46G066096 0.0000053644 -0.0000053644 95.9375014901 17.2916623950
E46G067086 0.0000053644 -0.0000053644 95.3125038743 17.2499969602
E46G067087 0.0000053644 -0.0000053644 95.3750047088 17.2499969602
E46G067088 0.0000053644 -0.0000053644 95.4375001788 17.2499969602
E46G067089 0.0000053644 -0.0000053644 95.5000010133 17.2499969602
E46G067090 0.0000053644 -0.0000053644 95.5625018477 17.2499969602
E46G067091 0.0000053644 -0.0000053644 95.6250026822 17.2499969602
E46G067092 0.0000053644 -0.0000053644 95.6875035167 17.2499969602
E46G067093 0.0000053644 -0.0000053644 95.7500043511 17.2499969602
E46G067094 0.0000053644 -0.0000053644 95.8125051856 17.2499969602
E46G067095 0.0000053644 -0.0000053644 95.8750006557 17.2499969602
E46G067096 0.0000053644 -0.0000053644 95.9375014901 17.2499969602
E46G068086 0.0000053644 -0.0000053644 95.3125038743 17.2083315253
E46G068087 0.0000053644 -0.0000053644 95.3750047088 17.2083315253
E46G068088 0.0000053644 -0.0000053644 95.4375001788 17.2083315253
E46G068089 0.0000053644 -0.0000053644 95.5000010133 17.2083315253
E46G068090 0.0000053644 -0.0000053644 95.5625018477 17.2083315253
E46G068091 0.0000053644 -0.0000053644 95.6250026822 17.2083315253
E46G068092 0.0000053644 -0.0000053644 95.6875035167 17.2083315253
E46G068093 0.0000053644 -0.0000053644 95.7500043511 17.2083315253
E46G068094 0.0000053644 -0.0000053644 95.8125051856 17.2083315253
E46G068095 0.0000053644 -0.0000053644 95.8750006557 17.2083315253
E46G068096 0.0000053644 -0.0000053644 95.9375014901 17.2083315253
E46G069085 0.0000053644 -0.0000053644 95.2500030398 17.1666660905
E46G069086 0.0000053644 -0.0000053644 95.3125038743 17.1666660905
E46G069087 0.0000053644 -0.0000053644 95.3750047088 17.1666660905
E46G069088 0.0000053644 -0.0000053644 95.4375001788 17.1666660905
E46G069089 0.0000053644 -0.0000053644 95.5000010133 17.1666660905
E46G069090 0.0000053644 -0.0000053644 95.5625018477 17.1666660905
E46G069091 0.0000053644 -0.0000053644 95.6250026822 17.1666660905
E46G069092 0.0000053644 -0.0000053644 95.6875035167 17.1666660905
E46G069093 0.0000053644 -0.0000053644 95.7500043511 17.1666660905
E46G069094 0.0000053644 -0.0000053644 95.8125051856 17.1666660905
E46G069095 0.0000053644 -0.0000053644 95.8750006557 17.1666660905
E46G069096 0.0000053644 -0.0000053644 95.9375014901 17.1666660905
E46G070085 0.0000053644 -0.0000053644 95.2500030398 17.1249952912
E46G070086 0.0000053644 -0.0000053644 95.3125038743 17.1249952912
E46G070087 0.0000053644 -0.0000053644 95.3750047088 17.1249952912
E46G070088 0.0000053644 -0.0000053644 95.4375001788 17.1249952912
E46G070089 0.0000053644 -0.0000053644 95.5000010133 17.1249952912
E46G070090 0.0000053644 -0.0000053644 95.5625018477 17.1249952912
E46G070091 0.0000053644 -0.0000053644 95.6250026822 17.1249952912
E46G070092 0.0000053644 -0.0000053644 95.6875035167 17.1249952912
E46G070093 0.0000053644 -0.0000053644 95.7500043511 17.1249952912
E46G070094 0.0000053644 -0.0000053644 95.8125051856 17.1249952912
E46G070095 0.0000053644 -0.0000053644 95.8750006557 17.1249952912
E46G070096 0.0000053644 -0.0000053644 95.9375014901 17.1249952912
E46G071085 0.0000053644 -0.0000053644 95.2500030398 17.0833298564
E46G071086 0.0000053644 -0.0000053644 95.3125038743 17.0833298564
E46G071087 0.0000053644 -0.0000053644 95.3750047088 17.0833298564
E46G071088 0.0000053644 -0.0000053644 95.4375001788 17.0833298564
E46G071089 0.0000053644 -0.0000053644 95.5000010133 17.0833298564
E46G071090 0.0000053644 -0.0000053644 95.5625018477 17.0833298564
E46G071091 0.0000053644 -0.0000053644 95.6250026822 17.0833298564
E46G071092 0.0000053644 -0.0000053644 95.6875035167 17.0833298564
E46G071093 0.0000053644 -0.0000053644 95.7500043511 17.0833298564
E46G071094 0.0000053644 -0.0000053644 95.8125051856 17.0833298564
E46G071095 0.0000053644 -0.0000053644 95.8750006557 17.0833298564
E46G071096 0.0000053644 -0.0000053644 95.9375014901 17.0833298564
E46G072085 0.0000053644 -0.0000053644 95.2500030398 17.0416644216
E46G072086 0.0000053644 -0.0000053644 95.3125038743 17.0416644216
E46G072087 0.0000053644 -0.0000053644 95.3750047088 17.0416644216
E46G072088 0.0000053644 -0.0000053644 95.4375001788 17.0416644216
E46G072089 0.0000053644 -0.0000053644 95.5000010133 17.0416644216
E46G072090 0.0000053644 -0.0000053644 95.5625018477 17.0416644216
E46G072091 0.0000053644 -0.0000053644 95.6250026822 17.0416644216
E46G072092 0.0000053644 -0.0000053644 95.6875035167 17.0416644216
E46G072093 0.0000053644 -0.0000053644 95.7500043511 17.0416644216
E46G072094 0.0000053644 -0.0000053644 95.8125051856 17.0416644216
E46G072095 0.0000053644 -0.0000053644 95.8750006557 17.0416644216
E46G072096 0.0000053644 -0.0000053644 95.9375014901 17.0416644216
E46G073084 0.0000053644 -0.0000053644 95.1875022054 16.9999989867
E46G073085 0.0000053644 -0.0000053644 95.2500030398 16.9999989867
E46G073086 0.0000053644 -0.0000053644 95.3125038743 16.9999989867
E46G073087 0.0000053644 -0.0000053644 95.3750047088 16.9999989867
E46G073088 0.0000053644 -0.0000053644 95.4375001788 16.9999989867
E46G073089 0.0000053644 -0.0000053644 95.5000010133 16.9999989867
E46G073090 0.0000053644 -0.0000053644 95.5625018477 16.9999989867
E46G073091 0.0000053644 -0.0000053644 95.6250026822 16.9999989867
E46G073092 0.0000053644 -0.0000053644 95.6875035167 16.9999989867
E46G073093 0.0000053644 -0.0000053644 95.7500043511 16.9999989867
E46G073094 0.0000053644 -0.0000053644 95.8125051856 16.9999989867
E46G073095 0.0000053644 -0.0000053644 95.8750006557 16.9999989867
E46G073096 0.0000053644 -0.0000053644 95.9375014901 16.9999989867
E46G074084 0.0000053644 -0.0000053644 95.1875022054 16.9583281875
E46G074085 0.0000053644 -0.0000053644 95.2500030398 16.9583281875
E46G074086 0.0000053644 -0.0000053644 95.3125038743 16.9583281875
E46G074087 0.0000053644 -0.0000053644 95.3750047088 16.9583281875
E46G074088 0.0000053644 -0.0000053644 95.4375001788 16.9583281875
E46G074089 0.0000053644 -0.0000053644 95.5000010133 16.9583281875
E46G074090 0.0000053644 -0.0000053644 95.5625018477 16.9583281875
E46G074091 0.0000053644 -0.0000053644 95.6250026822 16.9583281875
E46G074092 0.0000053644 -0.0000053644 95.6875035167 16.9583281875
E46G074093 0.0000053644 -0.0000053644 95.7500043511 16.9583281875
E46G074094 0.0000053644 -0.0000053644 95.8125051856 16.9583281875
E46G074095 0.0000053644 -0.0000053644 95.8750006557 16.9583281875
E46G074096 0.0000053644 -0.0000053644 95.9375014901 16.9583281875
E46G075084 0.0000053644 -0.0000053644 95.1875022054 16.9166627526
E46G075085 0.0000053644 -0.0000053644 95.2500030398 16.9166627526
E46G075086 0.0000053644 -0.0000053644 95.3125038743 16.9166627526
E46G075087 0.0000053644 -0.0000053644 95.3750047088 16.9166627526
E46G075088 0.0000053644 -0.0000053644 95.4375001788 16.9166627526
E46G075089 0.0000053644 -0.0000053644 95.5000010133 16.9166627526
E46G075090 0.0000053644 -0.0000053644 95.5625018477 16.9166627526
E46G075091 0.0000053644 -0.0000053644 95.6250026822 16.9166627526
E46G075092 0.0000053644 -0.0000053644 95.6875035167 16.9166627526
E46G075093 0.0000053644 -0.0000053644 95.7500043511 16.9166627526
E46G075094 0.0000053644 -0.0000053644 95.8125051856 16.9166627526
E46G075095 0.0000053644 -0.0000053644 95.8750006557 16.9166627526
E46G075096 0.0000053644 -0.0000053644 95.9375014901 16.9166627526
E46G076084 0.0000053644 -0.0000053644 95.1875022054 16.8749973178
E46G076085 0.0000053644 -0.0000053644 95.2500030398 16.8749973178
E46G076086 0.0000053644 -0.0000053644 95.3125038743 16.8749973178
E46G076087 0.0000053644 -0.0000053644 95.3750047088 16.8749973178
E46G076088 0.0000053644 -0.0000053644 95.4375001788 16.8749973178
E46G076089 0.0000053644 -0.0000053644 95.5000010133 16.8749973178
E46G076090 0.0000053644 -0.0000053644 95.5625018477 16.8749973178
E46G076091 0.0000053644 -0.0000053644 95.6250026822 16.8749973178
E46G076092 0.0000053644 -0.0000053644 95.6875035167 16.8749973178
E46G076093 0.0000053644 -0.0000053644 95.7500043511 16.8749973178
E46G076094 0.0000053644 -0.0000053644 95.8125051856 16.8749973178
E46G076095 0.0000053644 -0.0000053644 95.8750006557 16.8749973178
E46G076096 0.0000053644 -0.0000053644 95.9375014901 16.8749973178
E46G077084 0.0000053644 -0.0000053644 95.1875022054 16.8333318830
E46G077085 0.0000053644 -0.0000053644 95.2500030398 16.8333318830
E46G077086 0.0000053644 -0.0000053644 95.3125038743 16.8333318830
E46G077087 0.0000053644 -0.0000053644 95.3750047088 16.8333318830
E46G077088 0.0000053644 -0.0000053644 95.4375001788 16.8333318830
E46G077089 0.0000053644 -0.0000053644 95.5000010133 16.8333318830
E46G077090 0.0000053644 -0.0000053644 95.5625018477 16.8333318830
E46G077091 0.0000053644 -0.0000053644 95.6250026822 16.8333318830
E46G077092 0.0000053644 -0.0000053644 95.6875035167 16.8333318830
E46G077093 0.0000053644 -0.0000053644 95.7500043511 16.8333318830
E46G077094 0.0000053644 -0.0000053644 95.8125051856 16.8333318830
E46G077095 0.0000053644 -0.0000053644 95.8750006557 16.8333318830
E46G077096 0.0000053644 -0.0000053644 95.9375014901 16.8333318830
E46G078084 0.0000053644 -0.0000053644 95.1875022054 16.7916664481
E46G078085 0.0000053644 -0.0000053644 95.2500030398 16.7916664481
E46G078086 0.0000053644 -0.0000053644 95.3125038743 16.7916664481
E46G078087 0.0000053644 -0.0000053644 95.3750047088 16.7916664481
E46G078088 0.0000053644 -0.0000053644 95.4375001788 16.7916664481
E46G078089 0.0000053644 -0.0000053644 95.5000010133 16.7916664481
E46G078090 0.0000053644 -0.0000053644 95.5625018477 16.7916664481
E46G078091 0.0000053644 -0.0000053644 95.6250026822 16.7916664481
E46G078092 0.0000053644 -0.0000053644 95.6875035167 16.7916664481
E46G078093 0.0000053644 -0.0000053644 95.7500043511 16.7916664481
E46G078094 0.0000053644 -0.0000053644 95.8125051856 16.7916664481
E46G078095 0.0000053644 -0.0000053644 95.8750006557 16.7916664481
E46G078096 0.0000053644 -0.0000053644 95.9375014901 16.7916664481
E46G079084 0.0000053644 -0.0000053644 95.1875022054 16.7499956489
E46G079085 0.0000053644 -0.0000053644 95.2500030398 16.7499956489
E46G079086 0.0000053644 -0.0000053644 95.3125038743 16.7499956489
E46G079087 0.0000053644 -0.0000053644 95.3750047088 16.7499956489
E46G079088 0.0000053644 -0.0000053644 95.4375001788 16.7499956489
E46G079089 0.0000053644 -0.0000053644 95.5000010133 16.7499956489
E46G079090 0.0000053644 -0.0000053644 95.5625018477 16.7499956489
E46G079091 0.0000053644 -0.0000053644 95.6250026822 16.7499956489
E46G079092 0.0000053644 -0.0000053644 95.6875035167 16.7499956489
E46G079093 0.0000053644 -0.0000053644 95.7500043511 16.7499956489
E46G079094 0.0000053644 -0.0000053644 95.8125051856 16.7499956489
E46G079095 0.0000053644 -0.0000053644 95.8750006557 16.7499956489
E46G079096 0.0000053644 -0.0000053644 95.9375014901 16.7499956489
E46G080084 0.0000053644 -0.0000053644 95.1875022054 16.7083302140
E46G080085 0.0000053644 -0.0000053644 95.2500030398 16.7083302140
E46G080086 0.0000053644 -0.0000053644 95.3125038743 16.7083302140
E46G080087 0.0000053644 -0.0000053644 95.3750047088 16.7083302140
E46G080088 0.0000053644 -0.0000053644 95.4375001788 16.7083302140
E46G080089 0.0000053644 -0.0000053644 95.5000010133 16.7083302140
E46G080090 0.0000053644 -0.0000053644 95.5625018477 16.7083302140
E46G080091 0.0000053644 -0.0000053644 95.6250026822 16.7083302140
E46G080092 0.0000053644 -0.0000053644 95.6875035167 16.7083302140
E46G080093 0.0000053644 -0.0000053644 95.7500043511 16.7083302140
E46G080094 0.0000053644 -0.0000053644 95.8125051856 16.7083302140
E46G080095 0.0000053644 -0.0000053644 95.8750006557 16.7083302140
E46G080096 0.0000053644 -0.0000053644 95.9375014901 16.7083302140
E46G081084 0.0000053644 -0.0000053644 95.1875022054 16.6666647792
E46G081085 0.0000053644 -0.0000053644 95.2500030398 16.6666647792
E46G081086 0.0000053644 -0.0000053644 95.3125038743 16.6666647792
E46G081087 0.0000053644 -0.0000053644 95.3750047088 16.6666647792
E46G081088 0.0000053644 -0.0000053644 95.4375001788 16.6666647792
E46G081089 0.0000053644 -0.0000053644 95.5000010133 16.6666647792
E46G081090 0.0000053644 -0.0000053644 95.5625018477 16.6666647792
E46G081091 0.0000053644 -0.0000053644 95.6250026822 16.6666647792
E46G081092 0.0000053644 -0.0000053644 95.6875035167 16.6666647792
E46G081093 0.0000053644 -0.0000053644 95.7500043511 16.6666647792
E46G081094 0.0000053644 -0.0000053644 95.8125051856 16.6666647792
E46G081095 0.0000053644 -0.0000053644 95.8750006557 16.6666647792
E46G081096 0.0000053644 -0.0000053644 95.9375014901 16.6666647792
E46G082084 0.0000053644 -0.0000053644 95.1875022054 16.6249993443
E46G082085 0.0000053644 -0.0000053644 95.2500030398 16.6249993443
E46G082086 0.0000053644 -0.0000053644 95.3125038743 16.6249993443
E46G082087 0.0000053644 -0.0000053644 95.3750047088 16.6249993443
E46G082088 0.0000053644 -0.0000053644 95.4375001788 16.6249993443
E46G082089 0.0000053644 -0.0000053644 95.5000010133 16.6249993443
E46G082090 0.0000053644 -0.0000053644 95.5625018477 16.6249993443
E46G082091 0.0000053644 -0.0000053644 95.6250026822 16.6249993443
E46G082092 0.0000053644 -0.0000053644 95.6875035167 16.6249993443
E46G082093 0.0000053644 -0.0000053644 95.7500043511 16.6249993443
E46G082094 0.0000053644 -0.0000053644 95.8125051856 16.6249993443
E46G082095 0.0000053644 -0.0000053644 95.8750006557 16.6249993443
E46G082096 0.0000053644 -0.0000053644 95.9375014901 16.6249993443
E46G083085 0.0000053644 -0.0000053644 95.2500030398 16.5833285451
E46G083086 0.0000053644 -0.0000053644 95.3125038743 16.5833285451
E46G083087 0.0000053644 -0.0000053644 95.3750047088 16.5833285451
E46G083088 0.0000053644 -0.0000053644 95.4375001788 16.5833285451
E46G083089 0.0000053644 -0.0000053644 95.5000010133 16.5833285451
E46G083090 0.0000053644 -0.0000053644 95.5625018477 16.5833285451
E46G083091 0.0000053644 -0.0000053644 95.6250026822 16.5833285451
E46G083092 0.0000053644 -0.0000053644 95.6875035167 16.5833285451
E46G083093 0.0000053644 -0.0000053644 95.7500043511 16.5833285451
E46G083094 0.0000053644 -0.0000053644 95.8125051856 16.5833285451
E46G083095 0.0000053644 -0.0000053644 95.8750006557 16.5833285451
E46G083096 0.0000053644 -0.0000053644 95.9375014901 16.5833285451
E46G084085 0.0000053644 -0.0000053644 95.2500030398 16.5416631103
E46G084086 0.0000053644 -0.0000053644 95.3125038743 16.5416631103
E46G084087 0.0000053644 -0.0000053644 95.3750047088 16.5416631103
E46G084088 0.0000053644 -0.0000053644 95.4375001788 16.5416631103
E46G084089 0.0000053644 -0.0000053644 95.5000010133 16.5416631103
E46G084090 0.0000053644 -0.0000053644 95.5625018477 16.5416631103
E46G084091 0.0000053644 -0.0000053644 95.6250026822 16.5416631103
E46G084092 0.0000053644 -0.0000053644 95.6875035167 16.5416631103
E46G084093 0.0000053644 -0.0000053644 95.7500043511 16.5416631103
E46G084094 0.0000053644 -0.0000053644 95.8125051856 16.5416631103
E46G084095 0.0000053644 -0.0000053644 95.8750006557 16.5416631103
E46G084096 0.0000053644 -0.0000053644 95.9375014901 16.5416631103
E46G085085 0.0000053644 -0.0000053644 95.2500030398 16.4999976754
E46G085086 0.0000053644 -0.0000053644 95.3125038743 16.4999976754
E46G085087 0.0000053644 -0.0000053644 95.3750047088 16.4999976754
E46G085088 0.0000053644 -0.0000053644 95.4375001788 16.4999976754
E46G085089 0.0000053644 -0.0000053644 95.5000010133 16.4999976754
E46G085090 0.0000053644 -0.0000053644 95.5625018477 16.4999976754
E46G085091 0.0000053644 -0.0000053644 95.6250026822 16.4999976754
E46G085092 0.0000053644 -0.0000053644 95.6875035167 16.4999976754
E46G085093 0.0000053644 -0.0000053644 95.7500043511 16.4999976754
E46G085094 0.0000053644 -0.0000053644 95.8125051856 16.4999976754
E46G085095 0.0000053644 -0.0000053644 95.8750006557 16.4999976754
E46G085096 0.0000053644 -0.0000053644 95.9375014901 16.4999976754
E46G086085 0.0000053644 -0.0000053644 95.2500030398 16.4583322406
E46G086086 0.0000053644 -0.0000053644 95.3125038743 16.4583322406
E46G086087 0.0000053644 -0.0000053644 95.3750047088 16.4583322406
E46G086088 0.0000053644 -0.0000053644 95.4375001788 16.4583322406
E46G086089 0.0000053644 -0.0000053644 95.5000010133 16.4583322406
E46G086090 0.0000053644 -0.0000053644 95.5625018477 16.4583322406
E46G086091 0.0000053644 -0.0000053644 95.6250026822 16.4583322406
E46G086092 0.0000053644 -0.0000053644 95.6875035167 16.4583322406
E46G086093 0.0000053644 -0.0000053644 95.7500043511 16.4583322406
E46G086094 0.0000053644 -0.0000053644 95.8125051856 16.4583322406
E46G086095 0.0000053644 -0.0000053644 95.8750006557 16.4583322406
E46G086096 0.0000053644 -0.0000053644 95.9375014901 16.4583322406
E46G087085 0.0000053644 -0.0000053644 95.2500030398 16.4166614413
E46G087086 0.0000053644 -0.0000053644 95.3125038743 16.4166614413
E46G087087 0.0000053644 -0.0000053644 95.3750047088 16.4166614413
E46G087088 0.0000053644 -0.0000053644 95.4375001788 16.4166614413
E46G087089 0.0000053644 -0.0000053644 95.5000010133 16.4166614413
E46G087090 0.0000053644 -0.0000053644 95.5625018477 16.4166614413
E46G087091 0.0000053644 -0.0000053644 95.6250026822 16.4166614413
E46G087092 0.0000053644 -0.0000053644 95.6875035167 16.4166614413
E46G087093 0.0000053644 -0.0000053644 95.7500043511 16.4166614413
E46G087094 0.0000053644 -0.0000053644 95.8125051856 16.4166614413
E46G087095 0.0000053644 -0.0000053644 95.8750006557 16.4166614413
E46G087096 0.0000053644 -0.0000053644 95.9375014901 16.4166614413
E46G088086 0.0000053644 -0.0000053644 95.3125038743 16.3749960065
E46G088087 0.0000053644 -0.0000053644 95.3750047088 16.3749960065
E46G088088 0.0000053644 -0.0000053644 95.4375001788 16.3749960065
E46G088089 0.0000053644 -0.0000053644 95.5000010133 16.3749960065
E46G088090 0.0000053644 -0.0000053644 95.5625018477 16.3749960065
E46G088091 0.0000053644 -0.0000053644 95.6250026822 16.3749960065
E46G088092 0.0000053644 -0.0000053644 95.6875035167 16.3749960065
E46G088093 0.0000053644 -0.0000053644 95.7500043511 16.3749960065
E46G088094 0.0000053644 -0.0000053644 95.8125051856 16.3749960065
E46G088095 0.0000053644 -0.0000053644 95.8750006557 16.3749960065
E46G088096 0.0000053644 -0.0000053644 95.9375014901 16.3749960065
E46G089086 0.0000053644 -0.0000053644 95.3125038743 16.3333305717
E46G089087 0.0000053644 -0.0000053644 95.3750047088 16.3333305717
E46G089088 0.0000053644 -0.0000053644 95.4375001788 16.3333305717
E46G089089 0.0000053644 -0.0000053644 95.5000010133 16.3333305717
E46G089090 0.0000053644 -0.0000053644 95.5625018477 16.3333305717
E46G089091 0.0000053644 -0.0000053644 95.6250026822 16.3333305717
E46G089092 0.0000053644 -0.0000053644 95.6875035167 16.3333305717
E46G089093 0.0000053644 -0.0000053644 95.7500043511 16.3333305717
E46G089094 0.0000053644 -0.0000053644 95.8125051856 16.3333305717
E46G089095 0.0000053644 -0.0000053644 95.8750006557 16.3333305717
E46G089096 0.0000053644 -0.0000053644 95.9375014901 16.3333305717
E46G090087 0.0000053644 -0.0000053644 95.3750047088 16.2916651368
E46G090088 0.0000053644 -0.0000053644 95.4375001788 16.2916651368
E46G090089 0.0000053644 -0.0000053644 95.5000010133 16.2916651368
E46G090090 0.0000053644 -0.0000053644 95.5625018477 16.2916651368
E46G090091 0.0000053644 -0.0000053644 95.6250026822 16.2916651368
E46G090092 0.0000053644 -0.0000053644 95.6875035167 16.2916651368
E46G090093 0.0000053644 -0.0000053644 95.7500043511 16.2916651368
E46G090094 0.0000053644 -0.0000053644 95.8125051856 16.2916651368
E46G090095 0.0000053644 -0.0000053644 95.8750006557 16.2916651368
E46G090096 0.0000053644 -0.0000053644 95.9375014901 16.2916651368
E46G091087 0.0000053644 -0.0000053644 95.3750047088 16.2499997020
E46G091088 0.0000053644 -0.0000053644 95.4375001788 16.2499997020
E46G091089 0.0000053644 -0.0000053644 95.5000010133 16.2499997020
E46G091090 0.0000053644 -0.0000053644 95.5625018477 16.2499997020
E46G091091 0.0000053644 -0.0000053644 95.6250026822 16.2499997020
E46G091092 0.0000053644 -0.0000053644 95.6875035167 16.2499997020
E46G091093 0.0000053644 -0.0000053644 95.7500043511 16.2499997020
E46G091094 0.0000053644 -0.0000053644 95.8125051856 16.2499997020
E46G091095 0.0000053644 -0.0000053644 95.8750006557 16.2499997020
E46G091096 0.0000053644 -0.0000053644 95.9375014901 16.2499997020
E46G092088 0.0000053644 -0.0000053644 95.4375001788 16.2083289027
E46G092089 0.0000053644 -0.0000053644 95.5000010133 16.2083289027
E46G092090 0.0000053644 -0.0000053644 95.5625018477 16.2083289027
E46G092091 0.0000053644 -0.0000053644 95.6250026822 16.2083289027
E46G092092 0.0000053644 -0.0000053644 95.6875035167 16.2083289027
E46G092093 0.0000053644 -0.0000053644 95.7500043511 16.2083289027
E46G092094 0.0000053644 -0.0000053644 95.8125051856 16.2083289027
E46G092095 0.0000053644 -0.0000053644 95.8750006557 16.2083289027
E46G092096 0.0000053644 -0.0000053644 95.9375014901 16.2083289027
E46G093088 0.0000053644 -0.0000053644 95.4375001788 16.1666634679
E46G093089 0.0000053644 -0.0000053644 95.5000010133 16.1666634679
E46G093090 0.0000053644 -0.0000053644 95.5625018477 16.1666634679
E46G093091 0.0000053644 -0.0000053644 95.6250026822 16.1666634679
E46G093092 0.0000053644 -0.0000053644 95.6875035167 16.1666634679
E46G093093 0.0000053644 -0.0000053644 95.7500043511 16.1666634679
E46G093094 0.0000053644 -0.0000053644 95.8125051856 16.1666634679
E46G093095 0.0000053644 -0.0000053644 95.8750006557 16.1666634679
E46G094089 0.0000053644 -0.0000053644 95.5000010133 16.1249980330
E46G094090 0.0000053644 -0.0000053644 95.5625018477 16.1249980330
E46G094091 0.0000053644 -0.0000053644 95.6250026822 16.1249980330
E46G094092 0.0000053644 -0.0000053644 95.6875035167 16.1249980330
E46G094093 0.0000053644 -0.0000053644 95.7500043511 16.1249980330
E46G094094 0.0000053644 -0.0000053644 95.8125051856 16.1249980330
E46G095090 0.0000053644 -0.0000053644 95.5625018477 16.0833325982
E46G095091 0.0000053644 -0.0000053644 95.6250026822 16.0833325982
E46G095092 0.0000053644 -0.0000053644 95.6875035167 16.0833325982
E46G095093 0.0000053644 -0.0000053644 95.7500043511 16.0833325982
E46G096091 0.0000053644 -0.0000053644 95.6250026822 16.0416617990
E46G096092 0.0000053644 -0.0000053644 95.6875035167 16.0416617990
E46G096093 0.0000053644 -0.0000053644 95.7500043511 16.0416617990
E47G057001 0.0000053644 -0.0000053644 96.0000023246 17.6666620374
E47G057002 0.0000053644 -0.0000053644 96.0625031590 17.6666620374
E47G057003 0.0000053644 -0.0000053644 96.1250039935 17.6666620374
E47G057004 0.0000053644 -0.0000053644 96.1875048280 17.6666620374
E47G057005 0.0000053644 -0.0000053644 96.2500002980 17.6666620374
E47G057006 0.0000053644 -0.0000053644 96.3125011325 17.6666620374
E47G057007 0.0000053644 -0.0000053644 96.3750019670 17.6666620374
E47G057008 0.0000053644 -0.0000053644 96.4375028014 17.6666620374
E47G058001 0.0000053644 -0.0000053644 96.0000023246 17.6249966025
E47G058002 0.0000053644 -0.0000053644 96.0625031590 17.6249966025
E47G058003 0.0000053644 -0.0000053644 96.1250039935 17.6249966025
E47G058004 0.0000053644 -0.0000053644 96.1875048280 17.6249966025
E47G058005 0.0000053644 -0.0000053644 96.2500002980 17.6249966025
E47G058006 0.0000053644 -0.0000053644 96.3125011325 17.6249966025
E47G058007 0.0000053644 -0.0000053644 96.3750019670 17.6249966025
E47G058008 0.0000053644 -0.0000053644 96.4375028014 17.6249966025
E47G058009 0.0000053644 -0.0000053644 96.5000036359 17.6249966025
E47G059001 0.0000053644 -0.0000053644 96.0000023246 17.5833311677
E47G059002 0.0000053644 -0.0000053644 96.0625031590 17.5833311677
E47G059003 0.0000053644 -0.0000053644 96.1250039935 17.5833311677
E47G059004 0.0000053644 -0.0000053644 96.1875048280 17.5833311677
E47G059005 0.0000053644 -0.0000053644 96.2500002980 17.5833311677
E47G059006 0.0000053644 -0.0000053644 96.3125011325 17.5833311677
E47G059007 0.0000053644 -0.0000053644 96.3750019670 17.5833311677
E47G059008 0.0000053644 -0.0000053644 96.4375028014 17.5833311677
E47G059009 0.0000053644 -0.0000053644 96.5000036359 17.5833311677
E47G059010 0.0000053644 -0.0000053644 96.5625044703 17.5833311677
E47G059011 0.0000053644 -0.0000053644 96.6250053048 17.5833311677
E47G060001 0.0000053644 -0.0000053644 96.0000023246 17.5416657329
E47G060002 0.0000053644 -0.0000053644 96.0625031590 17.5416657329
E47G060003 0.0000053644 -0.0000053644 96.1250039935 17.5416657329
E47G060004 0.0000053644 -0.0000053644 96.1875048280 17.5416657329
E47G060005 0.0000053644 -0.0000053644 96.2500002980 17.5416657329
E47G060006 0.0000053644 -0.0000053644 96.3125011325 17.5416657329
E47G060007 0.0000053644 -0.0000053644 96.3750019670 17.5416657329
E47G060008 0.0000053644 -0.0000053644 96.4375028014 17.5416657329
E47G060009 0.0000053644 -0.0000053644 96.5000036359 17.5416657329
E47G060010 0.0000053644 -0.0000053644 96.5625044703 17.5416657329
E47G060011 0.0000053644 -0.0000053644 96.6250053048 17.5416657329
E47G060012 0.0000053644 -0.0000053644 96.6875007749 17.5416657329
E47G061001 0.0000053644 -0.0000053644 96.0000023246 17.4999949336
E47G061002 0.0000053644 -0.0000053644 96.0625031590 17.4999949336
E47G061003 0.0000053644 -0.0000053644 96.1250039935 17.4999949336
E47G061004 0.0000053644 -0.0000053644 96.1875048280 17.4999949336
E47G061005 0.0000053644 -0.0000053644 96.2500002980 17.4999949336
E47G061006 0.0000053644 -0.0000053644 96.3125011325 17.4999949336
E47G061007 0.0000053644 -0.0000053644 96.3750019670 17.4999949336
E47G061008 0.0000053644 -0.0000053644 96.4375028014 17.4999949336
E47G061009 0.0000053644 -0.0000053644 96.5000036359 17.4999949336
E47G061010 0.0000053644 -0.0000053644 96.5625044703 17.4999949336
E47G061011 0.0000053644 -0.0000053644 96.6250053048 17.4999949336
E47G061012 0.0000053644 -0.0000053644 96.6875007749 17.4999949336
E47G062001 0.0000053644 -0.0000053644 96.0000023246 17.4583294988
E47G062002 0.0000053644 -0.0000053644 96.0625031590 17.4583294988
E47G062003 0.0000053644 -0.0000053644 96.1250039935 17.4583294988
E47G062004 0.0000053644 -0.0000053644 96.1875048280 17.4583294988
E47G062005 0.0000053644 -0.0000053644 96.2500002980 17.4583294988
E47G062006 0.0000053644 -0.0000053644 96.3125011325 17.4583294988
E47G062007 0.0000053644 -0.0000053644 96.3750019670 17.4583294988
E47G062008 0.0000053644 -0.0000053644 96.4375028014 17.4583294988
E47G062009 0.0000053644 -0.0000053644 96.5000036359 17.4583294988
E47G062010 0.0000053644 -0.0000053644 96.5625044703 17.4583294988
E47G062011 0.0000053644 -0.0000053644 96.6250053048 17.4583294988
E47G062012 0.0000053644 -0.0000053644 96.6875007749 17.4583294988
E47G062013 0.0000053644 -0.0000053644 96.7500016093 17.4583294988
E47G063001 0.0000053644 -0.0000053644 96.0000023246 17.4166640639
E47G063002 0.0000053644 -0.0000053644 96.0625031590 17.4166640639
E47G063003 0.0000053644 -0.0000053644 96.1250039935 17.4166640639
E47G063004 0.0000053644 -0.0000053644 96.1875048280 17.4166640639
E47G063005 0.0000053644 -0.0000053644 96.2500002980 17.4166640639
E47G063006 0.0000053644 -0.0000053644 96.3125011325 17.4166640639
E47G063007 0.0000053644 -0.0000053644 96.3750019670 17.4166640639
E47G063008 0.0000053644 -0.0000053644 96.4375028014 17.4166640639
E47G063009 0.0000053644 -0.0000053644 96.5000036359 17.4166640639
E47G063010 0.0000053644 -0.0000053644 96.5625044703 17.4166640639
E47G063011 0.0000053644 -0.0000053644 96.6250053048 17.4166640639
E47G063012 0.0000053644 -0.0000053644 96.6875007749 17.4166640639
E47G063013 0.0000053644 -0.0000053644 96.7500016093 17.4166640639
E47G063014 0.0000053644 -0.0000053644 96.8125024438 17.4166640639
E47G064001 0.0000053644 -0.0000053644 96.0000023246 17.3749986291
E47G064002 0.0000053644 -0.0000053644 96.0625031590 17.3749986291
E47G064003 0.0000053644 -0.0000053644 96.1250039935 17.3749986291
E47G064004 0.0000053644 -0.0000053644 96.1875048280 17.3749986291
E47G064005 0.0000053644 -0.0000053644 96.2500002980 17.3749986291
E47G064006 0.0000053644 -0.0000053644 96.3125011325 17.3749986291
E47G064007 0.0000053644 -0.0000053644 96.3750019670 17.3749986291
E47G064008 0.0000053644 -0.0000053644 96.4375028014 17.3749986291
E47G064009 0.0000053644 -0.0000053644 96.5000036359 17.3749986291
E47G064010 0.0000053644 -0.0000053644 96.5625044703 17.3749986291
E47G064011 0.0000053644 -0.0000053644 96.6250053048 17.3749986291
E47G064012 0.0000053644 -0.0000053644 96.6875007749 17.3749986291
E47G064013 0.0000053644 -0.0000053644 96.7500016093 17.3749986291
E47G064014 0.0000053644 -0.0000053644 96.8125024438 17.3749986291
E47G065001 0.0000053644 -0.0000053644 96.0000023246 17.3333331943
E47G065002 0.0000053644 -0.0000053644 96.0625031590 17.3333331943
E47G065003 0.0000053644 -0.0000053644 96.1250039935 17.3333331943
E47G065004 0.0000053644 -0.0000053644 96.1875048280 17.3333331943
E47G065005 0.0000053644 -0.0000053644 96.2500002980 17.3333331943
E47G065006 0.0000053644 -0.0000053644 96.3125011325 17.3333331943
E47G065007 0.0000053644 -0.0000053644 96.3750019670 17.3333331943
E47G065008 0.0000053644 -0.0000053644 96.4375028014 17.3333331943
E47G065009 0.0000053644 -0.0000053644 96.5000036359 17.3333331943
E47G065010 0.0000053644 -0.0000053644 96.5625044703 17.3333331943
E47G065011 0.0000053644 -0.0000053644 96.6250053048 17.3333331943
E47G065012 0.0000053644 -0.0000053644 96.6875007749 17.3333331943
E47G065013 0.0000053644 -0.0000053644 96.7500016093 17.3333331943
E47G065014 0.0000053644 -0.0000053644 96.8125024438 17.3333331943
E47G066001 0.0000053644 -0.0000053644 96.0000023246 17.2916623950
E47G066002 0.0000053644 -0.0000053644 96.0625031590 17.2916623950
E47G066003 0.0000053644 -0.0000053644 96.1250039935 17.2916623950
E47G066004 0.0000053644 -0.0000053644 96.1875048280 17.2916623950
E47G066005 0.0000053644 -0.0000053644 96.2500002980 17.2916623950
E47G066006 0.0000053644 -0.0000053644 96.3125011325 17.2916623950
E47G066007 0.0000053644 -0.0000053644 96.3750019670 17.2916623950
E47G066008 0.0000053644 -0.0000053644 96.4375028014 17.2916623950
E47G066009 0.0000053644 -0.0000053644 96.5000036359 17.2916623950
E47G066010 0.0000053644 -0.0000053644 96.5625044703 17.2916623950
E47G066011 0.0000053644 -0.0000053644 96.6250053048 17.2916623950
E47G066012 0.0000053644 -0.0000053644 96.6875007749 17.2916623950
E47G066013 0.0000053644 -0.0000053644 96.7500016093 17.2916623950
E47G066014 0.0000053644 -0.0000053644 96.8125024438 17.2916623950
E47G067001 0.0000053644 -0.0000053644 96.0000023246 17.2499969602
E47G067002 0.0000053644 -0.0000053644 96.0625031590 17.2499969602
E47G067003 0.0000053644 -0.0000053644 96.1250039935 17.2499969602
E47G067004 0.0000053644 -0.0000053644 96.1875048280 17.2499969602
E47G067005 0.0000053644 -0.0000053644 96.2500002980 17.2499969602
E47G067006 0.0000053644 -0.0000053644 96.3125011325 17.2499969602
E47G067007 0.0000053644 -0.0000053644 96.3750019670 17.2499969602
E47G067008 0.0000053644 -0.0000053644 96.4375028014 17.2499969602
E47G067009 0.0000053644 -0.0000053644 96.5000036359 17.2499969602
E47G067010 0.0000053644 -0.0000053644 96.5625044703 17.2499969602
E47G067011 0.0000053644 -0.0000053644 96.6250053048 17.2499969602
E47G067012 0.0000053644 -0.0000053644 96.6875007749 17.2499969602
E47G067013 0.0000053644 -0.0000053644 96.7500016093 17.2499969602
E47G067014 0.0000053644 -0.0000053644 96.8125024438 17.2499969602
E47G068001 0.0000053644 -0.0000053644 96.0000023246 17.2083315253
E47G068002 0.0000053644 -0.0000053644 96.0625031590 17.2083315253
E47G068003 0.0000053644 -0.0000053644 96.1250039935 17.2083315253
E47G068004 0.0000053644 -0.0000053644 96.1875048280 17.2083315253
E47G068005 0.0000053644 -0.0000053644 96.2500002980 17.2083315253
E47G068006 0.0000053644 -0.0000053644 96.3125011325 17.2083315253
E47G068007 0.0000053644 -0.0000053644 96.3750019670 17.2083315253
E47G068008 0.0000053644 -0.0000053644 96.4375028014 17.2083315253
E47G068009 0.0000053644 -0.0000053644 96.5000036359 17.2083315253
E47G068010 0.0000053644 -0.0000053644 96.5625044703 17.2083315253
E47G068011 0.0000053644 -0.0000053644 96.6250053048 17.2083315253
E47G068012 0.0000053644 -0.0000053644 96.6875007749 17.2083315253
E47G068013 0.0000053644 -0.0000053644 96.7500016093 17.2083315253
E47G068014 0.0000053644 -0.0000053644 96.8125024438 17.2083315253
E47G069001 0.0000053644 -0.0000053644 96.0000023246 17.1666660905
E47G069002 0.0000053644 -0.0000053644 96.0625031590 17.1666660905
E47G069003 0.0000053644 -0.0000053644 96.1250039935 17.1666660905
E47G069004 0.0000053644 -0.0000053644 96.1875048280 17.1666660905
E47G069005 0.0000053644 -0.0000053644 96.2500002980 17.1666660905
E47G069006 0.0000053644 -0.0000053644 96.3125011325 17.1666660905
E47G069007 0.0000053644 -0.0000053644 96.3750019670 17.1666660905
E47G069008 0.0000053644 -0.0000053644 96.4375028014 17.1666660905
E47G069009 0.0000053644 -0.0000053644 96.5000036359 17.1666660905
E47G069010 0.0000053644 -0.0000053644 96.5625044703 17.1666660905
E47G069011 0.0000053644 -0.0000053644 96.6250053048 17.1666660905
E47G069012 0.0000053644 -0.0000053644 96.6875007749 17.1666660905
E47G069013 0.0000053644 -0.0000053644 96.7500016093 17.1666660905
E47G069014 0.0000053644 -0.0000053644 96.8125024438 17.1666660905
E47G070001 0.0000053644 -0.0000053644 96.0000023246 17.1249952912
E47G070002 0.0000053644 -0.0000053644 96.0625031590 17.1249952912
E47G070003 0.0000053644 -0.0000053644 96.1250039935 17.1249952912
E47G070004 0.0000053644 -0.0000053644 96.1875048280 17.1249952912
E47G070005 0.0000053644 -0.0000053644 96.2500002980 17.1249952912
E47G070006 0.0000053644 -0.0000053644 96.3125011325 17.1249952912
E47G070007 0.0000053644 -0.0000053644 96.3750019670 17.1249952912
E47G070008 0.0000053644 -0.0000053644 96.4375028014 17.1249952912
E47G070009 0.0000053644 -0.0000053644 96.5000036359 17.1249952912
E47G070010 0.0000053644 -0.0000053644 96.5625044703 17.1249952912
E47G070011 0.0000053644 -0.0000053644 96.6250053048 17.1249952912
E47G070012 0.0000053644 -0.0000053644 96.6875007749 17.1249952912
E47G070013 0.0000053644 -0.0000053644 96.7500016093 17.1249952912
E47G070014 0.0000053644 -0.0000053644 96.8125024438 17.1249952912
E47G071001 0.0000053644 -0.0000053644 96.0000023246 17.0833298564
E47G071002 0.0000053644 -0.0000053644 96.0625031590 17.0833298564
E47G071003 0.0000053644 -0.0000053644 96.1250039935 17.0833298564
E47G071004 0.0000053644 -0.0000053644 96.1875048280 17.0833298564
E47G071005 0.0000053644 -0.0000053644 96.2500002980 17.0833298564
E47G071006 0.0000053644 -0.0000053644 96.3125011325 17.0833298564
E47G071007 0.0000053644 -0.0000053644 96.3750019670 17.0833298564
E47G071008 0.0000053644 -0.0000053644 96.4375028014 17.0833298564
E47G071009 0.0000053644 -0.0000053644 96.5000036359 17.0833298564
E47G071010 0.0000053644 -0.0000053644 96.5625044703 17.0833298564
E47G071011 0.0000053644 -0.0000053644 96.6250053048 17.0833298564
E47G071012 0.0000053644 -0.0000053644 96.6875007749 17.0833298564
E47G071013 0.0000053644 -0.0000053644 96.7500016093 17.0833298564
E47G071014 0.0000053644 -0.0000053644 96.8125024438 17.0833298564
E47G072001 0.0000053644 -0.0000053644 96.0000023246 17.0416644216
E47G072002 0.0000053644 -0.0000053644 96.0625031590 17.0416644216
E47G072003 0.0000053644 -0.0000053644 96.1250039935 17.0416644216
E47G072004 0.0000053644 -0.0000053644 96.1875048280 17.0416644216
E47G072005 0.0000053644 -0.0000053644 96.2500002980 17.0416644216
E47G072006 0.0000053644 -0.0000053644 96.3125011325 17.0416644216
E47G072007 0.0000053644 -0.0000053644 96.3750019670 17.0416644216
E47G072008 0.0000053644 -0.0000053644 96.4375028014 17.0416644216
E47G072009 0.0000053644 -0.0000053644 96.5000036359 17.0416644216
E47G072010 0.0000053644 -0.0000053644 96.5625044703 17.0416644216
E47G072011 0.0000053644 -0.0000053644 96.6250053048 17.0416644216
E47G072012 0.0000053644 -0.0000053644 96.6875007749 17.0416644216
E47G072013 0.0000053644 -0.0000053644 96.7500016093 17.0416644216
E47G072014 0.0000053644 -0.0000053644 96.8125024438 17.0416644216
E47G072015 0.0000053644 -0.0000053644 96.8750032783 17.0416644216
E47G073001 0.0000053644 -0.0000053644 96.0000023246 16.9999989867
E47G073002 0.0000053644 -0.0000053644 96.0625031590 16.9999989867
E47G073003 0.0000053644 -0.0000053644 96.1250039935 16.9999989867
E47G073004 0.0000053644 -0.0000053644 96.1875048280 16.9999989867
E47G073005 0.0000053644 -0.0000053644 96.2500002980 16.9999989867
E47G073006 0.0000053644 -0.0000053644 96.3125011325 16.9999989867
E47G073007 0.0000053644 -0.0000053644 96.3750019670 16.9999989867
E47G073008 0.0000053644 -0.0000053644 96.4375028014 16.9999989867
E47G073009 0.0000053644 -0.0000053644 96.5000036359 16.9999989867
E47G073010 0.0000053644 -0.0000053644 96.5625044703 16.9999989867
E47G073011 0.0000053644 -0.0000053644 96.6250053048 16.9999989867
E47G073012 0.0000053644 -0.0000053644 96.6875007749 16.9999989867
E47G073013 0.0000053644 -0.0000053644 96.7500016093 16.9999989867
E47G073014 0.0000053644 -0.0000053644 96.8125024438 16.9999989867
E47G073015 0.0000053644 -0.0000053644 96.8750032783 16.9999989867
E47G074001 0.0000053644 -0.0000053644 96.0000023246 16.9583281875
E47G074002 0.0000053644 -0.0000053644 96.0625031590 16.9583281875
E47G074003 0.0000053644 -0.0000053644 96.1250039935 16.9583281875
E47G074004 0.0000053644 -0.0000053644 96.1875048280 16.9583281875
E47G074005 0.0000053644 -0.0000053644 96.2500002980 16.9583281875
E47G074006 0.0000053644 -0.0000053644 96.3125011325 16.9583281875
E47G074007 0.0000053644 -0.0000053644 96.3750019670 16.9583281875
E47G074008 0.0000053644 -0.0000053644 96.4375028014 16.9583281875
E47G074009 0.0000053644 -0.0000053644 96.5000036359 16.9583281875
E47G074010 0.0000053644 -0.0000053644 96.5625044703 16.9583281875
E47G074011 0.0000053644 -0.0000053644 96.6250053048 16.9583281875
E47G074012 0.0000053644 -0.0000053644 96.6875007749 16.9583281875
E47G074013 0.0000053644 -0.0000053644 96.7500016093 16.9583281875
E47G074014 0.0000053644 -0.0000053644 96.8125024438 16.9583281875
E47G074015 0.0000053644 -0.0000053644 96.8750032783 16.9583281875
E47G075001 0.0000053644 -0.0000053644 96.0000023246 16.9166627526
E47G075002 0.0000053644 -0.0000053644 96.0625031590 16.9166627526
E47G075003 0.0000053644 -0.0000053644 96.1250039935 16.9166627526
E47G075004 0.0000053644 -0.0000053644 96.1875048280 16.9166627526
E47G075005 0.0000053644 -0.0000053644 96.2500002980 16.9166627526
E47G075006 0.0000053644 -0.0000053644 96.3125011325 16.9166627526
E47G075007 0.0000053644 -0.0000053644 96.3750019670 16.9166627526
E47G075008 0.0000053644 -0.0000053644 96.4375028014 16.9166627526
E47G075009 0.0000053644 -0.0000053644 96.5000036359 16.9166627526
E47G075010 0.0000053644 -0.0000053644 96.5625044703 16.9166627526
E47G075011 0.0000053644 -0.0000053644 96.6250053048 16.9166627526
E47G075012 0.0000053644 -0.0000053644 96.6875007749 16.9166627526
E47G075013 0.0000053644 -0.0000053644 96.7500016093 16.9166627526
E47G075014 0.0000053644 -0.0000053644 96.8125024438 16.9166627526
E47G075015 0.0000053644 -0.0000053644 96.8750032783 16.9166627526
E47G076001 0.0000053644 -0.0000053644 96.0000023246 16.8749973178
E47G076002 0.0000053644 -0.0000053644 96.0625031590 16.8749973178
E47G076003 0.0000053644 -0.0000053644 96.1250039935 16.8749973178
E47G076004 0.0000053644 -0.0000053644 96.1875048280 16.8749973178
E47G076005 0.0000053644 -0.0000053644 96.2500002980 16.8749973178
E47G076006 0.0000053644 -0.0000053644 96.3125011325 16.8749973178
E47G076007 0.0000053644 -0.0000053644 96.3750019670 16.8749973178
E47G076008 0.0000053644 -0.0000053644 96.4375028014 16.8749973178
E47G076009 0.0000053644 -0.0000053644 96.5000036359 16.8749973178
E47G076010 0.0000053644 -0.0000053644 96.5625044703 16.8749973178
E47G076011 0.0000053644 -0.0000053644 96.6250053048 16.8749973178
E47G076012 0.0000053644 -0.0000053644 96.6875007749 16.8749973178
E47G076013 0.0000053644 -0.0000053644 96.7500016093 16.8749973178
E47G076014 0.0000053644 -0.0000053644 96.8125024438 16.8749973178
E47G076015 0.0000053644 -0.0000053644 96.8750032783 16.8749973178
E47G077001 0.0000053644 -0.0000053644 96.0000023246 16.8333318830
E47G077002 0.0000053644 -0.0000053644 96.0625031590 16.8333318830
E47G077003 0.0000053644 -0.0000053644 96.1250039935 16.8333318830
E47G077004 0.0000053644 -0.0000053644 96.1875048280 16.8333318830
E47G077005 0.0000053644 -0.0000053644 96.2500002980 16.8333318830
E47G077006 0.0000053644 -0.0000053644 96.3125011325 16.8333318830
E47G077007 0.0000053644 -0.0000053644 96.3750019670 16.8333318830
E47G077008 0.0000053644 -0.0000053644 96.4375028014 16.8333318830
E47G077009 0.0000053644 -0.0000053644 96.5000036359 16.8333318830
E47G077010 0.0000053644 -0.0000053644 96.5625044703 16.8333318830
E47G077011 0.0000053644 -0.0000053644 96.6250053048 16.8333318830
E47G077012 0.0000053644 -0.0000053644 96.6875007749 16.8333318830
E47G077013 0.0000053644 -0.0000053644 96.7500016093 16.8333318830
E47G077014 0.0000053644 -0.0000053644 96.8125024438 16.8333318830
E47G077015 0.0000053644 -0.0000053644 96.8750032783 16.8333318830
E47G078001 0.0000053644 -0.0000053644 96.0000023246 16.7916664481
E47G078002 0.0000053644 -0.0000053644 96.0625031590 16.7916664481
E47G078003 0.0000053644 -0.0000053644 96.1250039935 16.7916664481
E47G078004 0.0000053644 -0.0000053644 96.1875048280 16.7916664481
E47G078005 0.0000053644 -0.0000053644 96.2500002980 16.7916664481
E47G078006 0.0000053644 -0.0000053644 96.3125011325 16.7916664481
E47G078007 0.0000053644 -0.0000053644 96.3750019670 16.7916664481
E47G078008 0.0000053644 -0.0000053644 96.4375028014 16.7916664481
E47G078009 0.0000053644 -0.0000053644 96.5000036359 16.7916664481
E47G078010 0.0000053644 -0.0000053644 96.5625044703 16.7916664481
E47G078011 0.0000053644 -0.0000053644 96.6250053048 16.7916664481
E47G078012 0.0000053644 -0.0000053644 96.6875007749 16.7916664481
E47G078013 0.0000053644 -0.0000053644 96.7500016093 16.7916664481
E47G078014 0.0000053644 -0.0000053644 96.8125024438 16.7916664481
E47G078015 0.0000053644 -0.0000053644 96.8750032783 16.7916664481
E47G079001 0.0000053644 -0.0000053644 96.0000023246 16.7499956489
E47G079002 0.0000053644 -0.0000053644 96.0625031590 16.7499956489
E47G079003 0.0000053644 -0.0000053644 96.1250039935 16.7499956489
E47G079004 0.0000053644 -0.0000053644 96.1875048280 16.7499956489
E47G079005 0.0000053644 -0.0000053644 96.2500002980 16.7499956489
E47G079006 0.0000053644 -0.0000053644 96.3125011325 16.7499956489
E47G079007 0.0000053644 -0.0000053644 96.3750019670 16.7499956489
E47G079008 0.0000053644 -0.0000053644 96.4375028014 16.7499956489
E47G079009 0.0000053644 -0.0000053644 96.5000036359 16.7499956489
E47G079010 0.0000053644 -0.0000053644 96.5625044703 16.7499956489
E47G079011 0.0000053644 -0.0000053644 96.6250053048 16.7499956489
E47G079012 0.0000053644 -0.0000053644 96.6875007749 16.7499956489
E47G079013 0.0000053644 -0.0000053644 96.7500016093 16.7499956489
E47G079014 0.0000053644 -0.0000053644 96.8125024438 16.7499956489
E47G079015 0.0000053644 -0.0000053644 96.8750032783 16.7499956489
E47G080001 0.0000053644 -0.0000053644 96.0000023246 16.7083302140
E47G080002 0.0000053644 -0.0000053644 96.0625031590 16.7083302140
E47G080003 0.0000053644 -0.0000053644 96.1250039935 16.7083302140
E47G080004 0.0000053644 -0.0000053644 96.1875048280 16.7083302140
E47G080005 0.0000053644 -0.0000053644 96.2500002980 16.7083302140
E47G080006 0.0000053644 -0.0000053644 96.3125011325 16.7083302140
E47G080007 0.0000053644 -0.0000053644 96.3750019670 16.7083302140
E47G080008 0.0000053644 -0.0000053644 96.4375028014 16.7083302140
E47G080009 0.0000053644 -0.0000053644 96.5000036359 16.7083302140
E47G080010 0.0000053644 -0.0000053644 96.5625044703 16.7083302140
E47G080011 0.0000053644 -0.0000053644 96.6250053048 16.7083302140
E47G080012 0.0000053644 -0.0000053644 96.6875007749 16.7083302140
E47G081001 0.0000053644 -0.0000053644 96.0000023246 16.6666647792
E47G081002 0.0000053644 -0.0000053644 96.0625031590 16.6666647792
E47G081003 0.0000053644 -0.0000053644 96.1250039935 16.6666647792
E47G081004 0.0000053644 -0.0000053644 96.1875048280 16.6666647792
E47G081005 0.0000053644 -0.0000053644 96.2500002980 16.6666647792
E47G081006 0.0000053644 -0.0000053644 96.3125011325 16.6666647792
E47G081007 0.0000053644 -0.0000053644 96.3750019670 16.6666647792
E47G081008 0.0000053644 -0.0000053644 96.4375028014 16.6666647792
E47G081009 0.0000053644 -0.0000053644 96.5000036359 16.6666647792
E47G081010 0.0000053644 -0.0000053644 96.5625044703 16.6666647792
E47G081011 0.0000053644 -0.0000053644 96.6250053048 16.6666647792
E47G081012 0.0000053644 -0.0000053644 96.6875007749 16.6666647792
E47G082001 0.0000053644 -0.0000053644 96.0000023246 16.6249993443
E47G082002 0.0000053644 -0.0000053644 96.0625031590 16.6249993443
E47G082003 0.0000053644 -0.0000053644 96.1250039935 16.6249993443
E47G082004 0.0000053644 -0.0000053644 96.1875048280 16.6249993443
E47G082005 0.0000053644 -0.0000053644 96.2500002980 16.6249993443
E47G082006 0.0000053644 -0.0000053644 96.3125011325 16.6249993443
E47G082007 0.0000053644 -0.0000053644 96.3750019670 16.6249993443
E47G082008 0.0000053644 -0.0000053644 96.4375028014 16.6249993443
E47G082009 0.0000053644 -0.0000053644 96.5000036359 16.6249993443
E47G082010 0.0000053644 -0.0000053644 96.5625044703 16.6249993443
E47G082011 0.0000053644 -0.0000053644 96.6250053048 16.6249993443
E47G083001 0.0000053644 -0.0000053644 96.0000023246 16.5833285451
E47G083002 0.0000053644 -0.0000053644 96.0625031590 16.5833285451
E47G083003 0.0000053644 -0.0000053644 96.1250039935 16.5833285451
E47G083004 0.0000053644 -0.0000053644 96.1875048280 16.5833285451
E47G083005 0.0000053644 -0.0000053644 96.2500002980 16.5833285451
E47G083006 0.0000053644 -0.0000053644 96.3125011325 16.5833285451
E47G083007 0.0000053644 -0.0000053644 96.3750019670 16.5833285451
E47G083008 0.0000053644 -0.0000053644 96.4375028014 16.5833285451
E47G083009 0.0000053644 -0.0000053644 96.5000036359 16.5833285451
E47G083010 0.0000053644 -0.0000053644 96.5625044703 16.5833285451
E47G083011 0.0000053644 -0.0000053644 96.6250053048 16.5833285451
E47G084001 0.0000053644 -0.0000053644 96.0000023246 16.5416631103
E47G084002 0.0000053644 -0.0000053644 96.0625031590 16.5416631103
E47G084003 0.0000053644 -0.0000053644 96.1250039935 16.5416631103
E47G084004 0.0000053644 -0.0000053644 96.1875048280 16.5416631103
E47G084005 0.0000053644 -0.0000053644 96.2500002980 16.5416631103
E47G084006 0.0000053644 -0.0000053644 96.3125011325 16.5416631103
E47G084007 0.0000053644 -0.0000053644 96.3750019670 16.5416631103
E47G084008 0.0000053644 -0.0000053644 96.4375028014 16.5416631103
E47G084009 0.0000053644 -0.0000053644 96.5000036359 16.5416631103
E47G085001 0.0000053644 -0.0000053644 96.0000023246 16.4999976754
E47G085002 0.0000053644 -0.0000053644 96.0625031590 16.4999976754
E47G085003 0.0000053644 -0.0000053644 96.1250039935 16.4999976754
E47G085004 0.0000053644 -0.0000053644 96.1875048280 16.4999976754
E47G085005 0.0000053644 -0.0000053644 96.2500002980 16.4999976754
E47G085006 0.0000053644 -0.0000053644 96.3125011325 16.4999976754
E47G085007 0.0000053644 -0.0000053644 96.3750019670 16.4999976754
E47G085008 0.0000053644 -0.0000053644 96.4375028014 16.4999976754
E47G086001 0.0000053644 -0.0000053644 96.0000023246 16.4583322406
E47G086002 0.0000053644 -0.0000053644 96.0625031590 16.4583322406
E47G086003 0.0000053644 -0.0000053644 96.1250039935 16.4583322406
E47G086004 0.0000053644 -0.0000053644 96.1875048280 16.4583322406
E47G086005 0.0000053644 -0.0000053644 96.2500002980 16.4583322406
E47G086006 0.0000053644 -0.0000053644 96.3125011325 16.4583322406
E47G086007 0.0000053644 -0.0000053644 96.3750019670 16.4583322406
E47G087001 0.0000053644 -0.0000053644 96.0000023246 16.4166614413
E47G087002 0.0000053644 -0.0000053644 96.0625031590 16.4166614413
E47G087003 0.0000053644 -0.0000053644 96.1250039935 16.4166614413
E47G087004 0.0000053644 -0.0000053644 96.1875048280 16.4166614413
E47G087005 0.0000053644 -0.0000053644 96.2500002980 16.4166614413
E47G088001 0.0000053644 -0.0000053644 96.0000023246 16.3749960065
E47G088002 0.0000053644 -0.0000053644 96.0625031590 16.3749960065
E47G088003 0.0000053644 -0.0000053644 96.1250039935 16.3749960065
E47G088004 0.0000053644 -0.0000053644 96.1875048280 16.3749960065
E47G089001 0.0000053644 -0.0000053644 96.0000023246 16.3333305717
E47G089002 0.0000053644 -0.0000053644 96.0625031590 16.3333305717
E47G089003 0.0000053644 -0.0000053644 96.1250039935 16.3333305717
E47G090001 0.0000053644 -0.0000053644 96.0000023246 16.2916651368
E47G090002 0.0000053644 -0.0000053644 96.0625031590 16.2916651368
E47G091001 0.0000053644 -0.0000053644 96.0000023246 16.2499997020
