E46G055095 1.1943285670 -1.1943285670 10672757.1485382770 2008307.0783290048
E46G055096 1.1943285670 -1.1943285670 10679714.1124407950 2008307.0783290048
E46G056093 1.1943285670 -1.1943285670 10658842.0264046730 2003436.6064329587
E46G056094 1.1943285670 -1.1943285670 10665798.9903071910 2003436.6064329587
E46G056095 1.1943285670 -1.1943285670 10672757.1485382770 2003436.6064329587
E46G056096 1.1943285670 -1.1943285670 10679714.1124407950 2003436.6064329587
E46G057092 1.1943285670 -1.1943285670 10651883.8681735880 1998568.5231940465
E46G057093 1.1943285670 -1.1943285670 10658842.0264046730 1998568.5231940465
E46G057094 1.1943285670 -1.1943285670 10665798.9903071910 1998568.5231940465
E46G057095 1.1943285670 -1.1943285670 10672757.1485382770 1998568.5231940465
E46G057096 1.1943285670 -1.1943285670 10679714.1124407950 1998568.5231940465
E46G058091 1.1943285670 -1.1943285670 10644926.9042710700 1993701.6342837012
E46G058092 1.1943285670 -1.1943285670 10651883.8681735880 1993701.6342837012
E46G058093 1.1943285670 -1.1943285670 10658842.0264046730 1993701.6342837012
E46G058094 1.1943285670 -1.1943285670 10665798.9903071910 1993701.6342837012
E46G058095 1.1943285670 -1.1943285670 10672757.1485382770 1993701.6342837012
E46G058096 1.1943285670 -1.1943285670 10679714.1124407950 1993701.6342837012
E46G059090 1.1943285670 -1.1943285670 10637969.9403685520 1988834.7453733562
E46G059091 1.1943285670 -1.1943285670 10644926.9042710700 1988834.7453733562
E46G059092 1.1943285670 -1.1943285670 10651883.8681735880 1988834.7453733562
E46G059093 1.1943285670 -1.1943285670 10658842.0264046730 1988834.7453733562
E46G059094 1.1943285670 -1.1943285670 10665798.9903071910 1988834.7453733562
E46G059095 1.1943285670 -1.1943285670 10672757.1485382770 1988834.7453733562
E46G059096 1.1943285670 -1.1943285670 10679714.1124407950 1988834.7453733562
E46G060089 1.1943285670 -1.1943285670 10631011.7821374670 1983970.2451201447
E46G060090 1.1943285670 -1.1943285670 10637969.9403685520 1983970.2451201447
E46G060091 1.1943285670 -1.1943285670 10644926.9042710700 1983970.2451201447
E46G060092 1.1943285670 -1.1943285670 10651883.8681735880 1983970.2451201447
E46G060093 1.1943285670 -1.1943285670 10658842.0264046730 1983970.2451201447
E46G060094 1.1943285670 -1.1943285670 10665798.9903071910 1983970.2451201447
E46G060095 1.1943285670 -1.1943285670 10672757.1485382770 1983970.2451201447
E46G060096 1.1943285670 -1.1943285670 10679714.1124407950 1983970.2451201447
E46G061089 1.1943285670 -1.1943285670 10631011.7821374670 1979105.7448669334
E46G061090 1.1943285670 -1.1943285670 10637969.9403685520 1979105.7448669334
E46G061091 1.1943285670 -1.1943285670 10644926.9042710700 1979105.7448669334
E46G061092 1.1943285670 -1.1943285670 10651883.8681735880 1979105.7448669334
E46G061093 1.1943285670 -1.1943285670 10658842.0264046730 1979105.7448669334
E46G061094 1.1943285670 -1.1943285670 10665798.9903071910 1979105.7448669334
E46G061095 1.1943285670 -1.1943285670 10672757.1485382770 1979105.7448669334
E46G061096 1.1943285670 -1.1943285670 10679714.1124407950 1979105.7448669334
E46G062088 1.1943285670 -1.1943285670 10624054.8182349500 1974243.6332708560
E46G062089 1.1943285670 -1.1943285670 10631011.7821374670 1974243.6332708560
E46G062090 1.1943285670 -1.1943285670 10637969.9403685520 1974243.6332708560
E46G062091 1.1943285670 -1.1943285670 10644926.9042710700 1974243.6332708560
E46G062092 1.1943285670 -1.1943285670 10651883.8681735880 1974243.6332708560
E46G062093 1.1943285670 -1.1943285670 10658842.0264046730 1974243.6332708560
E46G062094 1.1943285670 -1.1943285670 10665798.9903071910 1974243.6332708560
E46G062095 1.1943285670 -1.1943285670 10672757.1485382770 1974243.6332708560
E46G062096 1.1943285670 -1.1943285670 10679714.1124407950 1974243.6332708560
E46G063088 1.1943285670 -1.1943285670 10624054.8182349500 1969381.5216747788
E46G063089 1.1943285670 -1.1943285670 10631011.7821374670 1969381.5216747788
E46G063090 1.1943285670 -1.1943285670 10637969.9403685520 1969381.5216747788
E46G063091 1.1943285670 -1.1943285670 10644926.9042710700 1969381.5216747788
E46G063092 1.1943285670 -1.1943285670 10651883.8681735880 1969381.5216747788
E46G063093 1.1943285670 -1.1943285670 10658842.0264046730 1969381.5216747788
E46G063094 1.1943285670 -1.1943285670 10665798.9903071910 1969381.5216747788
E46G063095 1.1943285670 -1.1943285670 10672757.1485382770 1969381.5216747788
E46G063096 1.1943285670 -1.1943285670 10679714.1124407950 1969381.5216747788
E46G064087 1.1943285670 -1.1943285670 10617096.6600038650 1964520.6044072683
E46G064088 1.1943285670 -1.1943285670 10624054.8182349500 1964520.6044072683
E46G064089 1.1943285670 -1.1943285670 10631011.7821374670 1964520.6044072683
E46G064090 1.1943285670 -1.1943285670 10637969.9403685520 1964520.6044072683
E46G064091 1.1943285670 -1.1943285670 10644926.9042710700 1964520.6044072683
E46G064092 1.1943285670 -1.1943285670 10651883.8681735880 1964520.6044072683
E46G064093 1.1943285670 -1.1943285670 10658842.0264046730 1964520.6044072683
E46G064094 1.1943285670 -1.1943285670 10665798.9903071910 1964520.6044072683
E46G064095 1.1943285670 -1.1943285670 10672757.1485382770 1964520.6044072683
E46G064096 1.1943285670 -1.1943285670 10679714.1124407950 1964520.6044072683
E46G065087 1.1943285670 -1.1943285670 10617096.6600038650 1959660.8814683247
E46G065088 1.1943285670 -1.1943285670 10624054.8182349500 1959660.8814683247
E46G065089 1.1943285670 -1.1943285670 10631011.7821374670 1959660.8814683247
E46G065090 1.1943285670 -1.1943285670 10637969.9403685520 1959660.8814683247
E46G065091 1.1943285670 -1.1943285670 10644926.9042710700 1959660.8814683247
E46G065092 1.1943285670 -1.1943285670 10651883.8681735880 1959660.8814683247
E46G065093 1.1943285670 -1.1943285670 10658842.0264046730 1959660.8814683247
E46G065094 1.1943285670 -1.1943285670 10665798.9903071910 1959660.8814683247
E46G065095 1.1943285670 -1.1943285670 10672757.1485382770 1959660.8814683247
E46G065096 1.1943285670 -1.1943285670 10679714.1124407950 1959660.8814683247
E46G066086 1.1943285670 -1.1943285670 10610139.6961013470 1954802.3528579483
E46G066087 1.1943285670 -1.1943285670 10617096.6600038650 1954802.3528579483
E46G066088 1.1943285670 -1.1943285670 10624054.8182349500 1954802.3528579483
E46G066089 1.1943285670 -1.1943285670 10631011.7821374670 1954802.3528579483
E46G066090 1.1943285670 -1.1943285670 10637969.9403685520 1954802.3528579483
E46G066091 1.1943285670 -1.1943285670 10644926.9042710700 1954802.3528579483
E46G066092 1.1943285670 -1.1943285670 10651883.8681735880 1954802.3528579483
E46G066093 1.1943285670 -1.1943285670 10658842.0264046730 1954802.3528579483
E46G066094 1.1943285670 -1.1943285670 10665798.9903071910 1954802.3528579483
E46G066095 1.1943285670 -1.1943285670 10672757.1485382770 1954802.3528579483
E46G066096 1.1943285670 -1.1943285670 10679714.1124407950 1954802.3528579483
E46G067086 1.1943285670 -1.1943285670 10610139.6961013470 1949945.0185761387
E46G067087 1.1943285670 -1.1943285670 10617096.6600038650 1949945.0185761387
E46G067088 1.1943285670 -1.1943285670 10624054.8182349500 1949945.0185761387
E46G067089 1.1943285670 -1.1943285670 10631011.7821374670 1949945.0185761387
E46G067090 1.1943285670 -1.1943285670 10637969.9403685520 1949945.0185761387
E46G067091 1.1943285670 -1.1943285670 10644926.9042710700 1949945.0185761387
E46G067092 1.1943285670 -1.1943285670 10651883.8681735880 1949945.0185761387
E46G067093 1.1943285670 -1.1943285670 10658842.0264046730 1949945.0185761387
E46G067094 1.1943285670 -1.1943285670 10665798.9903071910 1949945.0185761387
E46G067095 1.1943285670 -1.1943285670 10672757.1485382770 1949945.0185761387
E46G067096 1.1943285670 -1.1943285670 10679714.1124407950 1949945.0185761387
E46G068086 1.1943285670 -1.1943285670 10610139.6961013470 1945088.8786228960
E46G068087 1.1943285670 -1.1943285670 10617096.6600038650 1945088.8786228960
E46G068088 1.1943285670 -1.1943285670 10624054.8182349500 1945088.8786228960
E46G068089 1.1943285670 -1.1943285670 10631011.7821374670 1945088.8786228960
E46G068090 1.1943285670 -1.1943285670 10637969.9403685520 1945088.8786228960
E46G068091 1.1943285670 -1.1943285670 10644926.9042710700 1945088.8786228960
E46G068092 1.1943285670 -1.1943285670 10651883.8681735880 1945088.8786228960
E46G068093 1.1943285670 -1.1943285670 10658842.0264046730 1945088.8786228960
E46G068094 1.1943285670 -1.1943285670 10665798.9903071910 1945088.8786228960
E46G068095 1.1943285670 -1.1943285670 10672757.1485382770 1945088.8786228960
E46G068096 1.1943285670 -1.1943285670 10679714.1124407950 1945088.8786228960
E46G069085 1.1943285670 -1.1943285670 10603181.5378702620 1940233.9329982204
E46G069086 1.1943285670 -1.1943285670 10610139.6961013470 1940233.9329982204
E46G069087 1.1943285670 -1.1943285670 10617096.6600038650 1940233.9329982204
E46G069088 1.1943285670 -1.1943285670 10624054.8182349500 1940233.9329982204
E46G069089 1.1943285670 -1.1943285670 10631011.7821374670 1940233.9329982204
E46G069090 1.1943285670 -1.1943285670 10637969.9403685520 1940233.9329982204
E46G069091 1.1943285670 -1.1943285670 10644926.9042710700 1940233.9329982204
E46G069092 1.1943285670 -1.1943285670 10651883.8681735880 1940233.9329982204
E46G069093 1.1943285670 -1.1943285670 10658842.0264046730 1940233.9329982204
E46G069094 1.1943285670 -1.1943285670 10665798.9903071910 1940233.9329982204
E46G069095 1.1943285670 -1.1943285670 10672757.1485382770 1940233.9329982204
E46G069096 1.1943285670 -1.1943285670 10679714.1124407950 1940233.9329982204
E46G070085 1.1943285670 -1.1943285670 10603181.5378702620 1935380.1817021118
E46G070086 1.1943285670 -1.1943285670 10610139.6961013470 1935380.1817021118
E46G070087 1.1943285670 -1.1943285670 10617096.6600038650 1935380.1817021118
E46G070088 1.1943285670 -1.1943285670 10624054.8182349500 1935380.1817021118
E46G070089 1.1943285670 -1.1943285670 10631011.7821374670 1935380.1817021118
E46G070090 1.1943285670 -1.1943285670 10637969.9403685520 1935380.1817021118
E46G070091 1.1943285670 -1.1943285670 10644926.9042710700 1935380.1817021118
E46G070092 1.1943285670 -1.1943285670 10651883.8681735880 1935380.1817021118
E46G070093 1.1943285670 -1.1943285670 10658842.0264046730 1935380.1817021118
E46G070094 1.1943285670 -1.1943285670 10665798.9903071910 1935380.1817021118
E46G070095 1.1943285670 -1.1943285670 10672757.1485382770 1935380.1817021118
E46G070096 1.1943285670 -1.1943285670 10679714.1124407950 1935380.1817021118
E46G071085 1.1943285670 -1.1943285670 10603181.5378702620 1930527.6247345700
E46G071086 1.1943285670 -1.1943285670 10610139.6961013470 1930527.6247345700
E46G071087 1.1943285670 -1.1943285670 10617096.6600038650 1930527.6247345700
E46G071088 1.1943285670 -1.1943285670 10624054.8182349500 1930527.6247345700
E46G071089 1.1943285670 -1.1943285670 10631011.7821374670 1930527.6247345700
E46G071090 1.1943285670 -1.1943285670 10637969.9403685520 1930527.6247345700
E46G071091 1.1943285670 -1.1943285670 10644926.9042710700 1930527.6247345700
E46G071092 1.1943285670 -1.1943285670 10651883.8681735880 1930527.6247345700
E46G071093 1.1943285670 -1.1943285670 10658842.0264046730 1930527.6247345700
E46G071094 1.1943285670 -1.1943285670 10665798.9903071910 1930527.6247345700
E46G071095 1.1943285670 -1.1943285670 10672757.1485382770 1930527.6247345700
E46G071096 1.1943285670 -1.1943285670 10679714.1124407950 1930527.6247345700
E46G072085 1.1943285670 -1.1943285670 10603181.5378702620 1925675.0677670282
E46G072086 1.1943285670 -1.1943285670 10610139.6961013470 1925675.0677670282
E46G072087 1.1943285670 -1.1943285670 10617096.6600038650 1925675.0677670282
E46G072088 1.1943285670 -1.1943285670 10624054.8182349500 1925675.0677670282
E46G072089 1.1943285670 -1.1943285670 10631011.7821374670 1925675.0677670282
E46G072090 1.1943285670 -1.1943285670 10637969.9403685520 1925675.0677670282
E46G072091 1.1943285670 -1.1943285670 10644926.9042710700 1925675.0677670282
E46G072092 1.1943285670 -1.1943285670 10651883.8681735880 1925675.0677670282
E46G072093 1.1943285670 -1.1943285670 10658842.0264046730 1925675.0677670282
E46G072094 1.1943285670 -1.1943285670 10665798.9903071910 1925675.0677670282
E46G072095 1.1943285670 -1.1943285670 10672757.1485382770 1925675.0677670282
E46G072096 1.1943285670 -1.1943285670 10679714.1124407950 1925675.0677670282
E46G073085 1.1943285670 -1.1943285670 10603181.5378702620 1920824.8994566204
E46G073086 1.1943285670 -1.1943285670 10610139.6961013470 1920824.8994566204
E46G073087 1.1943285670 -1.1943285670 10617096.6600038650 1920824.8994566204
E46G073088 1.1943285670 -1.1943285670 10624054.8182349500 1920824.8994566204
E46G073089 1.1943285670 -1.1943285670 10631011.7821374670 1920824.8994566204
E46G073090 1.1943285670 -1.1943285670 10637969.9403685520 1920824.8994566204
E46G073091 1.1943285670 -1.1943285670 10644926.9042710700 1920824.8994566204
E46G073092 1.1943285670 -1.1943285670 10651883.8681735880 1920824.8994566204
E46G073093 1.1943285670 -1.1943285670 10658842.0264046730 1920824.8994566204
E46G073094 1.1943285670 -1.1943285670 10665798.9903071910 1920824.8994566204
E46G073095 1.1943285670 -1.1943285670 10672757.1485382770 1920824.8994566204
E46G073096 1.1943285670 -1.1943285670 10679714.1124407950 1920824.8994566204
E46G074085 1.1943285670 -1.1943285670 10603181.5378702620 1915974.7311462127
E46G074086 1.1943285670 -1.1943285670 10610139.6961013470 1915974.7311462127
E46G074087 1.1943285670 -1.1943285670 10617096.6600038650 1915974.7311462127
E46G074088 1.1943285670 -1.1943285670 10624054.8182349500 1915974.7311462127
E46G074089 1.1943285670 -1.1943285670 10631011.7821374670 1915974.7311462127
E46G074090 1.1943285670 -1.1943285670 10637969.9403685520 1915974.7311462127
E46G074091 1.1943285670 -1.1943285670 10644926.9042710700 1915974.7311462127
E46G074092 1.1943285670 -1.1943285670 10651883.8681735880 1915974.7311462127
E46G074093 1.1943285670 -1.1943285670 10658842.0264046730 1915974.7311462127
E46G074094 1.1943285670 -1.1943285670 10665798.9903071910 1915974.7311462127
E46G074095 1.1943285670 -1.1943285670 10672757.1485382770 1915974.7311462127
E46G074096 1.1943285670 -1.1943285670 10679714.1124407950 1915974.7311462127
E46G075085 1.1943285670 -1.1943285670 10603181.5378702620 1911125.7571643719
E46G075086 1.1943285670 -1.1943285670 10610139.6961013470 1911125.7571643719
E46G075087 1.1943285670 -1.1943285670 10617096.6600038650 1911125.7571643719
E46G075088 1.1943285670 -1.1943285670 10624054.8182349500 1911125.7571643719
E46G075089 1.1943285670 -1.1943285670 10631011.7821374670 1911125.7571643719
E46G075090 1.1943285670 -1.1943285670 10637969.9403685520 1911125.7571643719
E46G075091 1.1943285670 -1.1943285670 10644926.9042710700 1911125.7571643719
E46G075092 1.1943285670 -1.1943285670 10651883.8681735880 1911125.7571643719
E46G075093 1.1943285670 -1.1943285670 10658842.0264046730 1911125.7571643719
E46G075094 1.1943285670 -1.1943285670 10665798.9903071910 1911125.7571643719
E46G075095 1.1943285670 -1.1943285670 10672757.1485382770 1911125.7571643719
E46G075096 1.1943285670 -1.1943285670 10679714.1124407950 1911125.7571643719
E46G076085 1.1943285670 -1.1943285670 10603181.5378702620 1906277.9775110979
E46G076086 1.1943285670 -1.1943285670 10610139.6961013470 1906277.9775110979
E46G076087 1.1943285670 -1.1943285670 10617096.6600038650 1906277.9775110979
E46G076088 1.1943285670 -1.1943285670 10624054.8182349500 1906277.9775110979
E46G076089 1.1943285670 -1.1943285670 10631011.7821374670 1906277.9775110979
E46G076090 1.1943285670 -1.1943285670 10637969.9403685520 1906277.9775110979
E46G076091 1.1943285670 -1.1943285670 10644926.9042710700 1906277.9775110979
E46G076092 1.1943285670 -1.1943285670 10651883.8681735880 1906277.9775110979
E46G076093 1.1943285670 -1.1943285670 10658842.0264046730 1906277.9775110979
E46G076094 1.1943285670 -1.1943285670 10665798.9903071910 1906277.9775110979
E46G076095 1.1943285670 -1.1943285670 10672757.1485382770 1906277.9775110979
E46G076096 1.1943285670 -1.1943285670 10679714.1124407950 1906277.9775110979
E46G077085 1.1943285670 -1.1943285670 10603181.5378702620 1901432.5865149579
E46G077086 1.1943285670 -1.1943285670 10610139.6961013470 1901432.5865149579
E46G077087 1.1943285670 -1.1943285670 10617096.6600038650 1901432.5865149579
E46G077088 1.1943285670 -1.1943285670 10624054.8182349500 1901432.5865149579
E46G077089 1.1943285670 -1.1943285670 10631011.7821374670 1901432.5865149579
E46G077090 1.1943285670 -1.1943285670 10637969.9403685520 1901432.5865149579
E46G077091 1.1943285670 -1.1943285670 10644926.9042710700 1901432.5865149579
E46G077092 1.1943285670 -1.1943285670 10651883.8681735880 1901432.5865149579
E46G077093 1.1943285670 -1.1943285670 10658842.0264046730 1901432.5865149579
E46G077094 1.1943285670 -1.1943285670 10665798.9903071910 1901432.5865149579
E46G077095 1.1943285670 -1.1943285670 10672757.1485382770 1901432.5865149579
E46G077096 1.1943285670 -1.1943285670 10679714.1124407950 1901432.5865149579
E46G078085 1.1943285670 -1.1943285670 10603181.5378702620 1896587.1955188178
E46G078086 1.1943285670 -1.1943285670 10610139.6961013470 1896587.1955188178
E46G078087 1.1943285670 -1.1943285670 10617096.6600038650 1896587.1955188178
E46G078088 1.1943285670 -1.1943285670 10624054.8182349500 1896587.1955188178
E46G078089 1.1943285670 -1.1943285670 10631011.7821374670 1896587.1955188178
E46G078090 1.1943285670 -1.1943285670 10637969.9403685520 1896587.1955188178
E46G078091 1.1943285670 -1.1943285670 10644926.9042710700 1896587.1955188178
E46G078092 1.1943285670 -1.1943285670 10651883.8681735880 1896587.1955188178
E46G078093 1.1943285670 -1.1943285670 10658842.0264046730 1896587.1955188178
E46G078094 1.1943285670 -1.1943285670 10665798.9903071910 1896587.1955188178
E46G078095 1.1943285670 -1.1943285670 10672757.1485382770 1896587.1955188178
E46G078096 1.1943285670 -1.1943285670 10679714.1124407950 1896587.1955188178
E46G079085 1.1943285670 -1.1943285670 10603181.5378702620 1891741.8045226778
E46G079086 1.1943285670 -1.1943285670 10610139.6961013470 1891741.8045226778
E46G079087 1.1943285670 -1.1943285670 10617096.6600038650 1891741.8045226778
E46G079088 1.1943285670 -1.1943285670 10624054.8182349500 1891741.8045226778
E46G079089 1.1943285670 -1.1943285670 10631011.7821374670 1891741.8045226778
E46G079090 1.1943285670 -1.1943285670 10637969.9403685520 1891741.8045226778
E46G079091 1.1943285670 -1.1943285670 10644926.9042710700 1891741.8045226778
E46G079092 1.1943285670 -1.1943285670 10651883.8681735880 1891741.8045226778
E46G079093 1.1943285670 -1.1943285670 10658842.0264046730 1891741.8045226778
E46G079094 1.1943285670 -1.1943285670 10665798.9903071910 1891741.8045226778
E46G079095 1.1943285670 -1.1943285670 10672757.1485382770 1891741.8045226778
E46G079096 1.1943285670 -1.1943285670 10679714.1124407950 1891741.8045226778
E46G080085 1.1943285670 -1.1943285670 10603181.5378702620 1886898.8021836719
E46G080086 1.1943285670 -1.1943285670 10610139.6961013470 1886898.8021836719
E46G080087 1.1943285670 -1.1943285670 10617096.6600038650 1886898.8021836719
E46G080088 1.1943285670 -1.1943285670 10624054.8182349500 1886898.8021836719
E46G080089 1.1943285670 -1.1943285670 10631011.7821374670 1886898.8021836719
E46G080090 1.1943285670 -1.1943285670 10637969.9403685520 1886898.8021836719
E46G080091 1.1943285670 -1.1943285670 10644926.9042710700 1886898.8021836719
E46G080092 1.1943285670 -1.1943285670 10651883.8681735880 1886898.8021836719
E46G080093 1.1943285670 -1.1943285670 10658842.0264046730 1886898.8021836719
E46G080094 1.1943285670 -1.1943285670 10665798.9903071910 1886898.8021836719
E46G080095 1.1943285670 -1.1943285670 10672757.1485382770 1886898.8021836719
E46G080096 1.1943285670 -1.1943285670 10679714.1124407950 1886898.8021836719
E46G081085 1.1943285670 -1.1943285670 10603181.5378702620 1882056.9941732327
E46G081086 1.1943285670 -1.1943285670 10610139.6961013470 1882056.9941732327
E46G081087 1.1943285670 -1.1943285670 10617096.6600038650 1882056.9941732327
E46G081088 1.1943285670 -1.1943285670 10624054.8182349500 1882056.9941732327
E46G081089 1.1943285670 -1.1943285670 10631011.7821374670 1882056.9941732327
E46G081090 1.1943285670 -1.1943285670 10637969.9403685520 1882056.9941732327
E46G081091 1.1943285670 -1.1943285670 10644926.9042710700 1882056.9941732327
E46G081092 1.1943285670 -1.1943285670 10651883.8681735880 1882056.9941732327
E46G081093 1.1943285670 -1.1943285670 10658842.0264046730 1882056.9941732327
E46G081094 1.1943285670 -1.1943285670 10665798.9903071910 1882056.9941732327
E46G081095 1.1943285670 -1.1943285670 10672757.1485382770 1882056.9941732327
E46G081096 1.1943285670 -1.1943285670 10679714.1124407950 1882056.9941732327
E46G082085 1.1943285670 -1.1943285670 10603181.5378702620 1877215.1861627935
E46G082086 1.1943285670 -1.1943285670 10610139.6961013470 1877215.1861627935
E46G082087 1.1943285670 -1.1943285670 10617096.6600038650 1877215.1861627935
E46G082088 1.1943285670 -1.1943285670 10624054.8182349500 1877215.1861627935
E46G082089 1.1943285670 -1.1943285670 10631011.7821374670 1877215.1861627935
E46G082090 1.1943285670 -1.1943285670 10637969.9403685520 1877215.1861627935
E46G082091 1.1943285670 -1.1943285670 10644926.9042710700 1877215.1861627935
E46G082092 1.1943285670 -1.1943285670 10651883.8681735880 1877215.1861627935
E46G082093 1.1943285670 -1.1943285670 10658842.0264046730 1877215.1861627935
E46G082094 1.1943285670 -1.1943285670 10665798.9903071910 1877215.1861627935
E46G082095 1.1943285670 -1.1943285670 10672757.1485382770 1877215.1861627935
E46G082096 1.1943285670 -1.1943285670 10679714.1124407950 1877215.1861627935
E46G083085 1.1943285670 -1.1943285670 10603181.5378702620 1872375.7668094882
E46G083086 1.1943285670 -1.1943285670 10610139.6961013470 1872375.7668094882
E46G083087 1.1943285670 -1.1943285670 10617096.6600038650 1872375.7668094882
E46G083088 1.1943285670 -1.1943285670 10624054.8182349500 1872375.7668094882
E46G083089 1.1943285670 -1.1943285670 10631011.7821374670 1872375.7668094882
E46G083090 1.1943285670 -1.1943285670 10637969.9403685520 1872375.7668094882
E46G083091 1.1943285670 -1.1943285670 10644926.9042710700 1872375.7668094882
E46G083092 1.1943285670 -1.1943285670 10651883.8681735880 1872375.7668094882
E46G083093 1.1943285670 -1.1943285670 10658842.0264046730 1872375.7668094882
E46G083094 1.1943285670 -1.1943285670 10665798.9903071910 1872375.7668094882
E46G083095 1.1943285670 -1.1943285670 10672757.1485382770 1872375.7668094882
E46G083096 1.1943285670 -1.1943285670 10679714.1124407950 1872375.7668094882
E46G084086 1.1943285670 -1.1943285670 10610139.6961013470 1867536.3474561831
E46G084087 1.1943285670 -1.1943285670 10617096.6600038650 1867536.3474561831
E46G084088 1.1943285670 -1.1943285670 10624054.8182349500 1867536.3474561831
E46G084089 1.1943285670 -1.1943285670 10631011.7821374670 1867536.3474561831
E46G084090 1.1943285670 -1.1943285670 10637969.9403685520 1867536.3474561831
E46G084091 1.1943285670 -1.1943285670 10644926.9042710700 1867536.3474561831
E46G084092 1.1943285670 -1.1943285670 10651883.8681735880 1867536.3474561831
E46G084093 1.1943285670 -1.1943285670 10658842.0264046730 1867536.3474561831
E46G084094 1.1943285670 -1.1943285670 10665798.9903071910 1867536.3474561831
E46G084095 1.1943285670 -1.1943285670 10672757.1485382770 1867536.3474561831
E46G084096 1.1943285670 -1.1943285670 10679714.1124407950 1867536.3474561831
E46G085086 1.1943285670 -1.1943285670 10610139.6961013470 1862698.1224314447
E46G085087 1.1943285670 -1.1943285670 10617096.6600038650 1862698.1224314447
E46G085088 1.1943285670 -1.1943285670 10624054.8182349500 1862698.1224314447
E46G085089 1.1943285670 -1.1943285670 10631011.7821374670 1862698.1224314447
E46G085090 1.1943285670 -1.1943285670 10637969.9403685520 1862698.1224314447
E46G085091 1.1943285670 -1.1943285670 10644926.9042710700 1862698.1224314447
E46G085092 1.1943285670 -1.1943285670 10651883.8681735880 1862698.1224314447
E46G085093 1.1943285670 -1.1943285670 10658842.0264046730 1862698.1224314447
E46G085094 1.1943285670 -1.1943285670 10665798.9903071910 1862698.1224314447
E46G085095 1.1943285670 -1.1943285670 10672757.1485382770 1862698.1224314447
E46G085096 1.1943285670 -1.1943285670 10679714.1124407950 1862698.1224314447
E46G086086 1.1943285670 -1.1943285670 10610139.6961013470 1857861.0917352736
E46G086087 1.1943285670 -1.1943285670 10617096.6600038650 1857861.0917352736
E46G086088 1.1943285670 -1.1943285670 10624054.8182349500 1857861.0917352736
E46G086089 1.1943285670 -1.1943285670 10631011.7821374670 1857861.0917352736
E46G086090 1.1943285670 -1.1943285670 10637969.9403685520 1857861.0917352736
E46G086091 1.1943285670 -1.1943285670 10644926.9042710700 1857861.0917352736
E46G086092 1.1943285670 -1.1943285670 10651883.8681735880 1857861.0917352736
E46G086093 1.1943285670 -1.1943285670 10658842.0264046730 1857861.0917352736
E46G086094 1.1943285670 -1.1943285670 10665798.9903071910 1857861.0917352736
E46G086095 1.1943285670 -1.1943285670 10672757.1485382770 1857861.0917352736
E46G086096 1.1943285670 -1.1943285670 10679714.1124407950 1857861.0917352736
E46G087087 1.1943285670 -1.1943285670 10617096.6600038650 1853025.2553676690
E46G087088 1.1943285670 -1.1943285670 10624054.8182349500 1853025.2553676690
E46G087089 1.1943285670 -1.1943285670 10631011.7821374670 1853025.2553676690
E46G087090 1.1943285670 -1.1943285670 10637969.9403685520 1853025.2553676690
E46G087091 1.1943285670 -1.1943285670 10644926.9042710700 1853025.2553676690
E46G087092 1.1943285670 -1.1943285670 10651883.8681735880 1853025.2553676690
E46G087093 1.1943285670 -1.1943285670 10658842.0264046730 1853025.2553676690
E46G087094 1.1943285670 -1.1943285670 10665798.9903071910 1853025.2553676690
E46G087095 1.1943285670 -1.1943285670 10672757.1485382770 1853025.2553676690
E46G087096 1.1943285670 -1.1943285670 10679714.1124407950 1853025.2553676690
E46G088087 1.1943285670 -1.1943285670 10617096.6600038650 1848190.6133286317
E46G088088 1.1943285670 -1.1943285670 10624054.8182349500 1848190.6133286317
E46G088089 1.1943285670 -1.1943285670 10631011.7821374670 1848190.6133286317
E46G088090 1.1943285670 -1.1943285670 10637969.9403685520 1848190.6133286317
E46G088091 1.1943285670 -1.1943285670 10644926.9042710700 1848190.6133286317
E46G088092 1.1943285670 -1.1943285670 10651883.8681735880 1848190.6133286317
E46G088093 1.1943285670 -1.1943285670 10658842.0264046730 1848190.6133286317
E46G088094 1.1943285670 -1.1943285670 10665798.9903071910 1848190.6133286317
E46G088095 1.1943285670 -1.1943285670 10672757.1485382770 1848190.6133286317
E46G088096 1.1943285670 -1.1943285670 10679714.1124407950 1848190.6133286317
E46G089088 1.1943285670 -1.1943285670 10624054.8182349500 1843355.9712895944
E46G089089 1.1943285670 -1.1943285670 10631011.7821374670 1843355.9712895944
E46G089090 1.1943285670 -1.1943285670 10637969.9403685520 1843355.9712895944
E46G089091 1.1943285670 -1.1943285670 10644926.9042710700 1843355.9712895944
E46G089092 1.1943285670 -1.1943285670 10651883.8681735880 1843355.9712895944
E46G089093 1.1943285670 -1.1943285670 10658842.0264046730 1843355.9712895944
E46G089094 1.1943285670 -1.1943285670 10665798.9903071910 1843355.9712895944
E46G089095 1.1943285670 -1.1943285670 10672757.1485382770 1843355.9712895944
E46G089096 1.1943285670 -1.1943285670 10679714.1124407950 1843355.9712895944
E46G090088 1.1943285670 -1.1943285670 10624054.8182349500 1838523.7179076909
E46G090089 1.1943285670 -1.1943285670 10631011.7821374670 1838523.7179076909
E46G090090 1.1943285670 -1.1943285670 10637969.9403685520 1838523.7179076909
E46G090091 1.1943285670 -1.1943285670 10644926.9042710700 1838523.7179076909
E46G090092 1.1943285670 -1.1943285670 10651883.8681735880 1838523.7179076909
E46G090093 1.1943285670 -1.1943285670 10658842.0264046730 1838523.7179076909
E46G090094 1.1943285670 -1.1943285670 10665798.9903071910 1838523.7179076909
E46G090095 1.1943285670 -1.1943285670 10672757.1485382770 1838523.7179076909
E46G090096 1.1943285670 -1.1943285670 10679714.1124407950 1838523.7179076909
E46G091089 1.1943285670 -1.1943285670 10631011.7821374670 1833691.4645257874
E46G091090 1.1943285670 -1.1943285670 10637969.9403685520 1833691.4645257874
E46G091091 1.1943285670 -1.1943285670 10644926.9042710700 1833691.4645257874
E46G091092 1.1943285670 -1.1943285670 10651883.8681735880 1833691.4645257874
E46G091093 1.1943285670 -1.1943285670 10658842.0264046730 1833691.4645257874
E46G091094 1.1943285670 -1.1943285670 10665798.9903071910 1833691.4645257874
E46G091095 1.1943285670 -1.1943285670 10672757.1485382770 1833691.4645257874
E46G091096 1.1943285670 -1.1943285670 10679714.1124407950 1833691.4645257874
E46G092090 1.1943285670 -1.1943285670 10637969.9403685520 1828860.4054724509
E46G092091 1.1943285670 -1.1943285670 10644926.9042710700 1828860.4054724509
E46G092092 1.1943285670 -1.1943285670 10651883.8681735880 1828860.4054724509
E46G092093 1.1943285670 -1.1943285670 10658842.0264046730 1828860.4054724509
E46G092094 1.1943285670 -1.1943285670 10665798.9903071910 1828860.4054724509
E46G092095 1.1943285670 -1.1943285670 10672757.1485382770 1828860.4054724509
E46G093091 1.1943285670 -1.1943285670 10644926.9042710700 1824031.7350762482
E46G093092 1.1943285670 -1.1943285670 10651883.8681735880 1824031.7350762482
E46G093093 1.1943285670 -1.1943285670 10658842.0264046730 1824031.7350762482
E46G093094 1.1943285670 -1.1943285670 10665798.9903071910 1824031.7350762482
E46G094092 1.1943285670 -1.1943285670 10651883.8681735880 1819201.8703514787
E46G094093 1.1943285670 -1.1943285670 10658842.0264046730 1819201.8703514787
E47G054002 1.1943285670 -1.1943285670 10693629.2345743980 2013177.5502250509
E47G054003 1.1943285670 -1.1943285670 10700586.1984769140 2013177.5502250509
E47G054004 1.1943285670 -1.1943285670 10707544.3567079990 2013177.5502250509
E47G054005 1.1943285670 -1.1943285670 10714501.3206105180 2013177.5502250509
E47G054006 1.1943285670 -1.1943285670 10721459.4788416030 2013177.5502250509
E47G055001 1.1943285670 -1.1943285670 10686672.2706718800 2008307.0783290048
E47G055002 1.1943285670 -1.1943285670 10693629.2345743980 2008307.0783290048
E47G055003 1.1943285670 -1.1943285670 10700586.1984769140 2008307.0783290048
E47G055004 1.1943285670 -1.1943285670 10707544.3567079990 2008307.0783290048
E47G055005 1.1943285670 -1.1943285670 10714501.3206105180 2008307.0783290048
E47G055006 1.1943285670 -1.1943285670 10721459.4788416030 2008307.0783290048
E47G055007 1.1943285670 -1.1943285670 10728416.4427441210 2008307.0783290048
E47G055008 1.1943285670 -1.1943285670 10735373.4066466390 2008307.0783290048
E47G056001 1.1943285670 -1.1943285670 10686672.2706718800 2003436.6064329587
E47G056002 1.1943285670 -1.1943285670 10693629.2345743980 2003436.6064329587
E47G056003 1.1943285670 -1.1943285670 10700586.1984769140 2003436.6064329587
E47G056004 1.1943285670 -1.1943285670 10707544.3567079990 2003436.6064329587
E47G056005 1.1943285670 -1.1943285670 10714501.3206105180 2003436.6064329587
E47G056006 1.1943285670 -1.1943285670 10721459.4788416030 2003436.6064329587
E47G056007 1.1943285670 -1.1943285670 10728416.4427441210 2003436.6064329587
E47G056008 1.1943285670 -1.1943285670 10735373.4066466390 2003436.6064329587
E47G056009 1.1943285670 -1.1943285670 10742331.5648777240 2003436.6064329587
E47G056010 1.1943285670 -1.1943285670 10749288.5287802420 2003436.6064329587
E47G057001 1.1943285670 -1.1943285670 10686672.2706718800 1998568.5231940465
E47G057002 1.1943285670 -1.1943285670 10693629.2345743980 1998568.5231940465
E47G057003 1.1943285670 -1.1943285670 10700586.1984769140 1998568.5231940465
E47G057004 1.1943285670 -1.1943285670 10707544.3567079990 1998568.5231940465
E47G057005 1.1943285670 -1.1943285670 10714501.3206105180 1998568.5231940465
E47G057006 1.1943285670 -1.1943285670 10721459.4788416030 1998568.5231940465
E47G057007 1.1943285670 -1.1943285670 10728416.4427441210 1998568.5231940465
E47G057008 1.1943285670 -1.1943285670 10735373.4066466390 1998568.5231940465
E47G057009 1.1943285670 -1.1943285670 10742331.5648777240 1998568.5231940465
E47G057010 1.1943285670 -1.1943285670 10749288.5287802420 1998568.5231940465
E47G057011 1.1943285670 -1.1943285670 10756246.6870113280 1998568.5231940465
E47G058001 1.1943285670 -1.1943285670 10686672.2706718800 1993701.6342837012
E47G058002 1.1943285670 -1.1943285670 10693629.2345743980 1993701.6342837012
E47G058003 1.1943285670 -1.1943285670 10700586.1984769140 1993701.6342837012
E47G058004 1.1943285670 -1.1943285670 10707544.3567079990 1993701.6342837012
E47G058005 1.1943285670 -1.1943285670 10714501.3206105180 1993701.6342837012
E47G058006 1.1943285670 -1.1943285670 10721459.4788416030 1993701.6342837012
E47G058007 1.1943285670 -1.1943285670 10728416.4427441210 1993701.6342837012
E47G058008 1.1943285670 -1.1943285670 10735373.4066466390 1993701.6342837012
E47G058009 1.1943285670 -1.1943285670 10742331.5648777240 1993701.6342837012
E47G058010 1.1943285670 -1.1943285670 10749288.5287802420 1993701.6342837012
E47G058011 1.1943285670 -1.1943285670 10756246.6870113280 1993701.6342837012
E47G058012 1.1943285670 -1.1943285670 10763203.6509138460 1993701.6342837012
E47G059001 1.1943285670 -1.1943285670 10686672.2706718800 1988834.7453733562
E47G059002 1.1943285670 -1.1943285670 10693629.2345743980 1988834.7453733562
E47G059003 1.1943285670 -1.1943285670 10700586.1984769140 1988834.7453733562
E47G059004 1.1943285670 -1.1943285670 10707544.3567079990 1988834.7453733562
E47G059005 1.1943285670 -1.1943285670 10714501.3206105180 1988834.7453733562
E47G059006 1.1943285670 -1.1943285670 10721459.4788416030 1988834.7453733562
E47G059007 1.1943285670 -1.1943285670 10728416.4427441210 1988834.7453733562
E47G059008 1.1943285670 -1.1943285670 10735373.4066466390 1988834.7453733562
E47G059009 1.1943285670 -1.1943285670 10742331.5648777240 1988834.7453733562
E47G059010 1.1943285670 -1.1943285670 10749288.5287802420 1988834.7453733562
E47G059011 1.1943285670 -1.1943285670 10756246.6870113280 1988834.7453733562
E47G059012 1.1943285670 -1.1943285670 10763203.6509138460 1988834.7453733562
E47G059013 1.1943285670 -1.1943285670 10770161.8091449290 1988834.7453733562
E47G060001 1.1943285670 -1.1943285670 10686672.2706718800 1983970.2451201447
E47G060002 1.1943285670 -1.1943285670 10693629.2345743980 1983970.2451201447
E47G060003 1.1943285670 -1.1943285670 10700586.1984769140 1983970.2451201447
E47G060004 1.1943285670 -1.1943285670 10707544.3567079990 1983970.2451201447
E47G060005 1.1943285670 -1.1943285670 10714501.3206105180 1983970.2451201447
E47G060006 1.1943285670 -1.1943285670 10721459.4788416030 1983970.2451201447
E47G060007 1.1943285670 -1.1943285670 10728416.4427441210 1983970.2451201447
E47G060008 1.1943285670 -1.1943285670 10735373.4066466390 1983970.2451201447
E47G060009 1.1943285670 -1.1943285670 10742331.5648777240 1983970.2451201447
E47G060010 1.1943285670 -1.1943285670 10749288.5287802420 1983970.2451201447
E47G060011 1.1943285670 -1.1943285670 10756246.6870113280 1983970.2451201447
E47G060012 1.1943285670 -1.1943285670 10763203.6509138460 1983970.2451201447
E47G060013 1.1943285670 -1.1943285670 10770161.8091449290 1983970.2451201447
E47G060014 1.1943285670 -1.1943285670 10777118.7730474470 1983970.2451201447
E47G061001 1.1943285670 -1.1943285670 10686672.2706718800 1979105.7448669334
E47G061002 1.1943285670 -1.1943285670 10693629.2345743980 1979105.7448669334
E47G061003 1.1943285670 -1.1943285670 10700586.1984769140 1979105.7448669334
E47G061004 1.1943285670 -1.1943285670 10707544.3567079990 1979105.7448669334
E47G061005 1.1943285670 -1.1943285670 10714501.3206105180 1979105.7448669334
E47G061006 1.1943285670 -1.1943285670 10721459.4788416030 1979105.7448669334
E47G061007 1.1943285670 -1.1943285670 10728416.4427441210 1979105.7448669334
E47G061008 1.1943285670 -1.1943285670 10735373.4066466390 1979105.7448669334
E47G061009 1.1943285670 -1.1943285670 10742331.5648777240 1979105.7448669334
E47G061010 1.1943285670 -1.1943285670 10749288.5287802420 1979105.7448669334
E47G061011 1.1943285670 -1.1943285670 10756246.6870113280 1979105.7448669334
E47G061012 1.1943285670 -1.1943285670 10763203.6509138460 1979105.7448669334
E47G061013 1.1943285670 -1.1943285670 10770161.8091449290 1979105.7448669334
E47G061014 1.1943285670 -1.1943285670 10777118.7730474470 1979105.7448669334
E47G061015 1.1943285670 -1.1943285670 10784075.7369499650 1979105.7448669334
E47G062001 1.1943285670 -1.1943285670 10686672.2706718800 1974243.6332708560
E47G062002 1.1943285670 -1.1943285670 10693629.2345743980 1974243.6332708560
E47G062003 1.1943285670 -1.1943285670 10700586.1984769140 1974243.6332708560
E47G062004 1.1943285670 -1.1943285670 10707544.3567079990 1974243.6332708560
E47G062005 1.1943285670 -1.1943285670 10714501.3206105180 1974243.6332708560
E47G062006 1.1943285670 -1.1943285670 10721459.4788416030 1974243.6332708560
E47G062007 1.1943285670 -1.1943285670 10728416.4427441210 1974243.6332708560
E47G062008 1.1943285670 -1.1943285670 10735373.4066466390 1974243.6332708560
E47G062009 1.1943285670 -1.1943285670 10742331.5648777240 1974243.6332708560
E47G062010 1.1943285670 -1.1943285670 10749288.5287802420 1974243.6332708560
E47G062011 1.1943285670 -1.1943285670 10756246.6870113280 1974243.6332708560
E47G062012 1.1943285670 -1.1943285670 10763203.6509138460 1974243.6332708560
E47G062013 1.1943285670 -1.1943285670 10770161.8091449290 1974243.6332708560
E47G062014 1.1943285670 -1.1943285670 10777118.7730474470 1974243.6332708560
E47G062015 1.1943285670 -1.1943285670 10784075.7369499650 1974243.6332708560
E47G063001 1.1943285670 -1.1943285670 10686672.2706718800 1969381.5216747788
E47G063002 1.1943285670 -1.1943285670 10693629.2345743980 1969381.5216747788
E47G063003 1.1943285670 -1.1943285670 10700586.1984769140 1969381.5216747788
E47G063004 1.1943285670 -1.1943285670 10707544.3567079990 1969381.5216747788
E47G063005 1.1943285670 -1.1943285670 10714501.3206105180 1969381.5216747788
E47G063006 1.1943285670 -1.1943285670 10721459.4788416030 1969381.5216747788
E47G063007 1.1943285670 -1.1943285670 10728416.4427441210 1969381.5216747788
E47G063008 1.1943285670 -1.1943285670 10735373.4066466390 1969381.5216747788
E47G063009 1.1943285670 -1.1943285670 10742331.5648777240 1969381.5216747788
E47G063010 1.1943285670 -1.1943285670 10749288.5287802420 1969381.5216747788
E47G063011 1.1943285670 -1.1943285670 10756246.6870113280 1969381.5216747788
E47G063012 1.1943285670 -1.1943285670 10763203.6509138460 1969381.5216747788
E47G063013 1.1943285670 -1.1943285670 10770161.8091449290 1969381.5216747788
E47G063014 1.1943285670 -1.1943285670 10777118.7730474470 1969381.5216747788
E47G063015 1.1943285670 -1.1943285670 10784075.7369499650 1969381.5216747788
E47G063016 1.1943285670 -1.1943285670 10791033.8951810510 1969381.5216747788
E47G064001 1.1943285670 -1.1943285670 10686672.2706718800 1964520.6044072683
E47G064002 1.1943285670 -1.1943285670 10693629.2345743980 1964520.6044072683
E47G064003 1.1943285670 -1.1943285670 10700586.1984769140 1964520.6044072683
E47G064004 1.1943285670 -1.1943285670 10707544.3567079990 1964520.6044072683
E47G064005 1.1943285670 -1.1943285670 10714501.3206105180 1964520.6044072683
E47G064006 1.1943285670 -1.1943285670 10721459.4788416030 1964520.6044072683
E47G064007 1.1943285670 -1.1943285670 10728416.4427441210 1964520.6044072683
E47G064008 1.1943285670 -1.1943285670 10735373.4066466390 1964520.6044072683
E47G064009 1.1943285670 -1.1943285670 10742331.5648777240 1964520.6044072683
E47G064010 1.1943285670 -1.1943285670 10749288.5287802420 1964520.6044072683
E47G064011 1.1943285670 -1.1943285670 10756246.6870113280 1964520.6044072683
E47G064012 1.1943285670 -1.1943285670 10763203.6509138460 1964520.6044072683
E47G064013 1.1943285670 -1.1943285670 10770161.8091449290 1964520.6044072683
E47G064014 1.1943285670 -1.1943285670 10777118.7730474470 1964520.6044072683
E47G064015 1.1943285670 -1.1943285670 10784075.7369499650 1964520.6044072683
E47G064016 1.1943285670 -1.1943285670 10791033.8951810510 1964520.6044072683
E47G065001 1.1943285670 -1.1943285670 10686672.2706718800 1959660.8814683247
E47G065002 1.1943285670 -1.1943285670 10693629.2345743980 1959660.8814683247
E47G065003 1.1943285670 -1.1943285670 10700586.1984769140 1959660.8814683247
E47G065004 1.1943285670 -1.1943285670 10707544.3567079990 1959660.8814683247
E47G065005 1.1943285670 -1.1943285670 10714501.3206105180 1959660.8814683247
E47G065006 1.1943285670 -1.1943285670 10721459.4788416030 1959660.8814683247
E47G065007 1.1943285670 -1.1943285670 10728416.4427441210 1959660.8814683247
E47G065008 1.1943285670 -1.1943285670 10735373.4066466390 1959660.8814683247
E47G065009 1.1943285670 -1.1943285670 10742331.5648777240 1959660.8814683247
E47G065010 1.1943285670 -1.1943285670 10749288.5287802420 1959660.8814683247
E47G065011 1.1943285670 -1.1943285670 10756246.6870113280 1959660.8814683247
E47G065012 1.1943285670 -1.1943285670 10763203.6509138460 1959660.8814683247
E47G065013 1.1943285670 -1.1943285670 10770161.8091449290 1959660.8814683247
E47G065014 1.1943285670 -1.1943285670 10777118.7730474470 1959660.8814683247
E47G065015 1.1943285670 -1.1943285670 10784075.7369499650 1959660.8814683247
E47G065016 1.1943285670 -1.1943285670 10791033.8951810510 1959660.8814683247
E47G065017 1.1943285670 -1.1943285670 10797990.8590835690 1959660.8814683247
E47G066001 1.1943285670 -1.1943285670 10686672.2706718800 1954802.3528579483
E47G066002 1.1943285670 -1.1943285670 10693629.2345743980 1954802.3528579483
E47G066003 1.1943285670 -1.1943285670 10700586.1984769140 1954802.3528579483
E47G066004 1.1943285670 -1.1943285670 10707544.3567079990 1954802.3528579483
E47G066005 1.1943285670 -1.1943285670 10714501.3206105180 1954802.3528579483
E47G066006 1.1943285670 -1.1943285670 10721459.4788416030 1954802.3528579483
E47G066007 1.1943285670 -1.1943285670 10728416.4427441210 1954802.3528579483
E47G066008 1.1943285670 -1.1943285670 10735373.4066466390 1954802.3528579483
E47G066009 1.1943285670 -1.1943285670 10742331.5648777240 1954802.3528579483
E47G066010 1.1943285670 -1.1943285670 10749288.5287802420 1954802.3528579483
E47G066011 1.1943285670 -1.1943285670 10756246.6870113280 1954802.3528579483
E47G066012 1.1943285670 -1.1943285670 10763203.6509138460 1954802.3528579483
E47G066013 1.1943285670 -1.1943285670 10770161.8091449290 1954802.3528579483
E47G066014 1.1943285670 -1.1943285670 10777118.7730474470 1954802.3528579483
E47G066015 1.1943285670 -1.1943285670 10784075.7369499650 1954802.3528579483
E47G066016 1.1943285670 -1.1943285670 10791033.8951810510 1954802.3528579483
E47G066017 1.1943285670 -1.1943285670 10797990.8590835690 1954802.3528579483
E47G067001 1.1943285670 -1.1943285670 10686672.2706718800 1949945.0185761387
E47G067002 1.1943285670 -1.1943285670 10693629.2345743980 1949945.0185761387
E47G067003 1.1943285670 -1.1943285670 10700586.1984769140 1949945.0185761387
E47G067004 1.1943285670 -1.1943285670 10707544.3567079990 1949945.0185761387
E47G067005 1.1943285670 -1.1943285670 10714501.3206105180 1949945.0185761387
E47G067006 1.1943285670 -1.1943285670 10721459.4788416030 1949945.0185761387
E47G067007 1.1943285670 -1.1943285670 10728416.4427441210 1949945.0185761387
E47G067008 1.1943285670 -1.1943285670 10735373.4066466390 1949945.0185761387
E47G067009 1.1943285670 -1.1943285670 10742331.5648777240 1949945.0185761387
E47G067010 1.1943285670 -1.1943285670 10749288.5287802420 1949945.0185761387
E47G067011 1.1943285670 -1.1943285670 10756246.6870113280 1949945.0185761387
E47G067012 1.1943285670 -1.1943285670 10763203.6509138460 1949945.0185761387
E47G067013 1.1943285670 -1.1943285670 10770161.8091449290 1949945.0185761387
E47G067014 1.1943285670 -1.1943285670 10777118.7730474470 1949945.0185761387
E47G067015 1.1943285670 -1.1943285670 10784075.7369499650 1949945.0185761387
E47G067016 1.1943285670 -1.1943285670 10791033.8951810510 1949945.0185761387
E47G067017 1.1943285670 -1.1943285670 10797990.8590835690 1949945.0185761387
E47G068001 1.1943285670 -1.1943285670 10686672.2706718800 1945088.8786228960
E47G068002 1.1943285670 -1.1943285670 10693629.2345743980 1945088.8786228960
E47G068003 1.1943285670 -1.1943285670 10700586.1984769140 1945088.8786228960
E47G068004 1.1943285670 -1.1943285670 10707544.3567079990 1945088.8786228960
E47G068005 1.1943285670 -1.1943285670 10714501.3206105180 1945088.8786228960
E47G068006 1.1943285670 -1.1943285670 10721459.4788416030 1945088.8786228960
E47G068007 1.1943285670 -1.1943285670 10728416.4427441210 1945088.8786228960
E47G068008 1.1943285670 -1.1943285670 10735373.4066466390 1945088.8786228960
E47G068009 1.1943285670 -1.1943285670 10742331.5648777240 1945088.8786228960
E47G068010 1.1943285670 -1.1943285670 10749288.5287802420 1945088.8786228960
E47G068011 1.1943285670 -1.1943285670 10756246.6870113280 1945088.8786228960
E47G068012 1.1943285670 -1.1943285670 10763203.6509138460 1945088.8786228960
E47G068013 1.1943285670 -1.1943285670 10770161.8091449290 1945088.8786228960
E47G068014 1.1943285670 -1.1943285670 10777118.7730474470 1945088.8786228960
E47G068015 1.1943285670 -1.1943285670 10784075.7369499650 1945088.8786228960
E47G068016 1.1943285670 -1.1943285670 10791033.8951810510 1945088.8786228960
E47G068017 1.1943285670 -1.1943285670 10797990.8590835690 1945088.8786228960
E47G068018 1.1943285670 -1.1943285670 10804949.0173146540 1945088.8786228960
E47G069001 1.1943285670 -1.1943285670 10686672.2706718800 1940233.9329982204
E47G069002 1.1943285670 -1.1943285670 10693629.2345743980 1940233.9329982204
E47G069003 1.1943285670 -1.1943285670 10700586.1984769140 1940233.9329982204
E47G069004 1.1943285670 -1.1943285670 10707544.3567079990 1940233.9329982204
E47G069005 1.1943285670 -1.1943285670 10714501.3206105180 1940233.9329982204
E47G069006 1.1943285670 -1.1943285670 10721459.4788416030 1940233.9329982204
E47G069007 1.1943285670 -1.1943285670 10728416.4427441210 1940233.9329982204
E47G069008 1.1943285670 -1.1943285670 10735373.4066466390 1940233.9329982204
E47G069009 1.1943285670 -1.1943285670 10742331.5648777240 1940233.9329982204
E47G069010 1.1943285670 -1.1943285670 10749288.5287802420 1940233.9329982204
E47G069011 1.1943285670 -1.1943285670 10756246.6870113280 1940233.9329982204
E47G069012 1.1943285670 -1.1943285670 10763203.6509138460 1940233.9329982204
E47G069013 1.1943285670 -1.1943285670 10770161.8091449290 1940233.9329982204
E47G069014 1.1943285670 -1.1943285670 10777118.7730474470 1940233.9329982204
E47G069015 1.1943285670 -1.1943285670 10784075.7369499650 1940233.9329982204
E47G069016 1.1943285670 -1.1943285670 10791033.8951810510 1940233.9329982204
E47G069017 1.1943285670 -1.1943285670 10797990.8590835690 1940233.9329982204
E47G069018 1.1943285670 -1.1943285670 10804949.0173146540 1940233.9329982204
E47G070001 1.1943285670 -1.1943285670 10686672.2706718800 1935380.1817021118
E47G070002 1.1943285670 -1.1943285670 10693629.2345743980 1935380.1817021118
E47G070003 1.1943285670 -1.1943285670 10700586.1984769140 1935380.1817021118
E47G070004 1.1943285670 -1.1943285670 10707544.3567079990 1935380.1817021118
E47G070005 1.1943285670 -1.1943285670 10714501.3206105180 1935380.1817021118
E47G070006 1.1943285670 -1.1943285670 10721459.4788416030 1935380.1817021118
E47G070007 1.1943285670 -1.1943285670 10728416.4427441210 1935380.1817021118
E47G070008 1.1943285670 -1.1943285670 10735373.4066466390 1935380.1817021118
E47G070009 1.1943285670 -1.1943285670 10742331.5648777240 1935380.1817021118
E47G070010 1.1943285670 -1.1943285670 10749288.5287802420 1935380.1817021118
E47G070011 1.1943285670 -1.1943285670 10756246.6870113280 1935380.1817021118
E47G070012 1.1943285670 -1.1943285670 10763203.6509138460 1935380.1817021118
E47G070013 1.1943285670 -1.1943285670 10770161.8091449290 1935380.1817021118
E47G070014 1.1943285670 -1.1943285670 10777118.7730474470 1935380.1817021118
E47G070015 1.1943285670 -1.1943285670 10784075.7369499650 1935380.1817021118
E47G070016 1.1943285670 -1.1943285670 10791033.8951810510 1935380.1817021118
E47G070017 1.1943285670 -1.1943285670 10797990.8590835690 1935380.1817021118
E47G070018 1.1943285670 -1.1943285670 10804949.0173146540 1935380.1817021118
E47G071001 1.1943285670 -1.1943285670 10686672.2706718800 1930527.6247345700
E47G071002 1.1943285670 -1.1943285670 10693629.2345743980 1930527.6247345700
E47G071003 1.1943285670 -1.1943285670 10700586.1984769140 1930527.6247345700
E47G071004 1.1943285670 -1.1943285670 10707544.3567079990 1930527.6247345700
E47G071005 1.1943285670 -1.1943285670 10714501.3206105180 1930527.6247345700
E47G071006 1.1943285670 -1.1943285670 10721459.4788416030 1930527.6247345700
E47G071007 1.1943285670 -1.1943285670 10728416.4427441210 1930527.6247345700
E47G071008 1.1943285670 -1.1943285670 10735373.4066466390 1930527.6247345700
E47G071009 1.1943285670 -1.1943285670 10742331.5648777240 1930527.6247345700
E47G071010 1.1943285670 -1.1943285670 10749288.5287802420 1930527.6247345700
E47G071011 1.1943285670 -1.1943285670 10756246.6870113280 1930527.6247345700
E47G071012 1.1943285670 -1.1943285670 10763203.6509138460 1930527.6247345700
E47G071013 1.1943285670 -1.1943285670 10770161.8091449290 1930527.6247345700
E47G071014 1.1943285670 -1.1943285670 10777118.7730474470 1930527.6247345700
E47G071015 1.1943285670 -1.1943285670 10784075.7369499650 1930527.6247345700
E47G071016 1.1943285670 -1.1943285670 10791033.8951810510 1930527.6247345700
E47G071017 1.1943285670 -1.1943285670 10797990.8590835690 1930527.6247345700
E47G071018 1.1943285670 -1.1943285670 10804949.0173146540 1930527.6247345700
E47G072001 1.1943285670 -1.1943285670 10686672.2706718800 1925675.0677670282
E47G072002 1.1943285670 -1.1943285670 10693629.2345743980 1925675.0677670282
E47G072003 1.1943285670 -1.1943285670 10700586.1984769140 1925675.0677670282
E47G072004 1.1943285670 -1.1943285670 10707544.3567079990 1925675.0677670282
E47G072005 1.1943285670 -1.1943285670 10714501.3206105180 1925675.0677670282
E47G072006 1.1943285670 -1.1943285670 10721459.4788416030 1925675.0677670282
E47G072007 1.1943285670 -1.1943285670 10728416.4427441210 1925675.0677670282
E47G072008 1.1943285670 -1.1943285670 10735373.4066466390 1925675.0677670282
E47G072009 1.1943285670 -1.1943285670 10742331.5648777240 1925675.0677670282
E47G072010 1.1943285670 -1.1943285670 10749288.5287802420 1925675.0677670282
E47G072011 1.1943285670 -1.1943285670 10756246.6870113280 1925675.0677670282
E47G072012 1.1943285670 -1.1943285670 10763203.6509138460 1925675.0677670282
E47G072013 1.1943285670 -1.1943285670 10770161.8091449290 1925675.0677670282
E47G072014 1.1943285670 -1.1943285670 10777118.7730474470 1925675.0677670282
E47G072015 1.1943285670 -1.1943285670 10784075.7369499650 1925675.0677670282
E47G072016 1.1943285670 -1.1943285670 10791033.8951810510 1925675.0677670282
E47G072017 1.1943285670 -1.1943285670 10797990.8590835690 1925675.0677670282
E47G072018 1.1943285670 -1.1943285670 10804949.0173146540 1925675.0677670282
E47G073001 1.1943285670 -1.1943285670 10686672.2706718800 1920824.8994566204
E47G073002 1.1943285670 -1.1943285670 10693629.2345743980 1920824.8994566204
E47G073003 1.1943285670 -1.1943285670 10700586.1984769140 1920824.8994566204
E47G073004 1.1943285670 -1.1943285670 10707544.3567079990 1920824.8994566204
E47G073005 1.1943285670 -1.1943285670 10714501.3206105180 1920824.8994566204
E47G073006 1.1943285670 -1.1943285670 10721459.4788416030 1920824.8994566204
E47G073007 1.1943285670 -1.1943285670 10728416.4427441210 1920824.8994566204
E47G073008 1.1943285670 -1.1943285670 10735373.4066466390 1920824.8994566204
E47G073009 1.1943285670 -1.1943285670 10742331.5648777240 1920824.8994566204
E47G073010 1.1943285670 -1.1943285670 10749288.5287802420 1920824.8994566204
E47G073011 1.1943285670 -1.1943285670 10756246.6870113280 1920824.8994566204
E47G073012 1.1943285670 -1.1943285670 10763203.6509138460 1920824.8994566204
E47G073013 1.1943285670 -1.1943285670 10770161.8091449290 1920824.8994566204
E47G073014 1.1943285670 -1.1943285670 10777118.7730474470 1920824.8994566204
E47G073015 1.1943285670 -1.1943285670 10784075.7369499650 1920824.8994566204
E47G073016 1.1943285670 -1.1943285670 10791033.8951810510 1920824.8994566204
E47G073017 1.1943285670 -1.1943285670 10797990.8590835690 1920824.8994566204
E47G073018 1.1943285670 -1.1943285670 10804949.0173146540 1920824.8994566204
E47G074001 1.1943285670 -1.1943285670 10686672.2706718800 1915974.7311462127
E47G074002 1.1943285670 -1.1943285670 10693629.2345743980 1915974.7311462127
E47G074003 1.1943285670 -1.1943285670 10700586.1984769140 1915974.7311462127
E47G074004 1.1943285670 -1.1943285670 10707544.3567079990 1915974.7311462127
E47G074005 1.1943285670 -1.1943285670 10714501.3206105180 1915974.7311462127
E47G074006 1.1943285670 -1.1943285670 10721459.4788416030 1915974.7311462127
E47G074007 1.1943285670 -1.1943285670 10728416.4427441210 1915974.7311462127
E47G074008 1.1943285670 -1.1943285670 10735373.4066466390 1915974.7311462127
E47G074009 1.1943285670 -1.1943285670 10742331.5648777240 1915974.7311462127
E47G074010 1.1943285670 -1.1943285670 10749288.5287802420 1915974.7311462127
E47G074011 1.1943285670 -1.1943285670 10756246.6870113280 1915974.7311462127
E47G074012 1.1943285670 -1.1943285670 10763203.6509138460 1915974.7311462127
E47G074013 1.1943285670 -1.1943285670 10770161.8091449290 1915974.7311462127
E47G074014 1.1943285670 -1.1943285670 10777118.7730474470 1915974.7311462127
E47G074015 1.1943285670 -1.1943285670 10784075.7369499650 1915974.7311462127
E47G075001 1.1943285670 -1.1943285670 10686672.2706718800 1911125.7571643719
E47G075002 1.1943285670 -1.1943285670 10693629.2345743980 1911125.7571643719
E47G075003 1.1943285670 -1.1943285670 10700586.1984769140 1911125.7571643719
E47G075004 1.1943285670 -1.1943285670 10707544.3567079990 1911125.7571643719
E47G075005 1.1943285670 -1.1943285670 10714501.3206105180 1911125.7571643719
E47G075006 1.1943285670 -1.1943285670 10721459.4788416030 1911125.7571643719
E47G075007 1.1943285670 -1.1943285670 10728416.4427441210 1911125.7571643719
E47G075008 1.1943285670 -1.1943285670 10735373.4066466390 1911125.7571643719
E47G075009 1.1943285670 -1.1943285670 10742331.5648777240 1911125.7571643719
E47G075010 1.1943285670 -1.1943285670 10749288.5287802420 1911125.7571643719
E47G075011 1.1943285670 -1.1943285670 10756246.6870113280 1911125.7571643719
E47G075012 1.1943285670 -1.1943285670 10763203.6509138460 1911125.7571643719
E47G075013 1.1943285670 -1.1943285670 10770161.8091449290 1911125.7571643719
E47G075014 1.1943285670 -1.1943285670 10777118.7730474470 1911125.7571643719
E47G075015 1.1943285670 -1.1943285670 10784075.7369499650 1911125.7571643719
E47G076001 1.1943285670 -1.1943285670 10686672.2706718800 1906277.9775110979
E47G076002 1.1943285670 -1.1943285670 10693629.2345743980 1906277.9775110979
E47G076003 1.1943285670 -1.1943285670 10700586.1984769140 1906277.9775110979
E47G076004 1.1943285670 -1.1943285670 10707544.3567079990 1906277.9775110979
E47G076005 1.1943285670 -1.1943285670 10714501.3206105180 1906277.9775110979
E47G076006 1.1943285670 -1.1943285670 10721459.4788416030 1906277.9775110979
E47G076007 1.1943285670 -1.1943285670 10728416.4427441210 1906277.9775110979
E47G076008 1.1943285670 -1.1943285670 10735373.4066466390 1906277.9775110979
E47G076009 1.1943285670 -1.1943285670 10742331.5648777240 1906277.9775110979
E47G076010 1.1943285670 -1.1943285670 10749288.5287802420 1906277.9775110979
E47G076011 1.1943285670 -1.1943285670 10756246.6870113280 1906277.9775110979
E47G076012 1.1943285670 -1.1943285670 10763203.6509138460 1906277.9775110979
E47G076013 1.1943285670 -1.1943285670 10770161.8091449290 1906277.9775110979
E47G076014 1.1943285670 -1.1943285670 10777118.7730474470 1906277.9775110979
E47G076015 1.1943285670 -1.1943285670 10784075.7369499650 1906277.9775110979
E47G077001 1.1943285670 -1.1943285670 10686672.2706718800 1901432.5865149579
E47G077002 1.1943285670 -1.1943285670 10693629.2345743980 1901432.5865149579
E47G077003 1.1943285670 -1.1943285670 10700586.1984769140 1901432.5865149579
E47G077004 1.1943285670 -1.1943285670 10707544.3567079990 1901432.5865149579
E47G077005 1.1943285670 -1.1943285670 10714501.3206105180 1901432.5865149579
E47G077006 1.1943285670 -1.1943285670 10721459.4788416030 1901432.5865149579
E47G077007 1.1943285670 -1.1943285670 10728416.4427441210 1901432.5865149579
E47G077008 1.1943285670 -1.1943285670 10735373.4066466390 1901432.5865149579
E47G077009 1.1943285670 -1.1943285670 10742331.5648777240 1901432.5865149579
E47G077010 1.1943285670 -1.1943285670 10749288.5287802420 1901432.5865149579
E47G077011 1.1943285670 -1.1943285670 10756246.6870113280 1901432.5865149579
E47G077012 1.1943285670 -1.1943285670 10763203.6509138460 1901432.5865149579
E47G077013 1.1943285670 -1.1943285670 10770161.8091449290 1901432.5865149579
E47G077014 1.1943285670 -1.1943285670 10777118.7730474470 1901432.5865149579
E47G077015 1.1943285670 -1.1943285670 10784075.7369499650 1901432.5865149579
E47G078001 1.1943285670 -1.1943285670 10686672.2706718800 1896587.1955188178
E47G078002 1.1943285670 -1.1943285670 10693629.2345743980 1896587.1955188178
E47G078003 1.1943285670 -1.1943285670 10700586.1984769140 1896587.1955188178
E47G078004 1.1943285670 -1.1943285670 10707544.3567079990 1896587.1955188178
E47G078005 1.1943285670 -1.1943285670 10714501.3206105180 1896587.1955188178
E47G078006 1.1943285670 -1.1943285670 10721459.4788416030 1896587.1955188178
E47G078007 1.1943285670 -1.1943285670 10728416.4427441210 1896587.1955188178
E47G078008 1.1943285670 -1.1943285670 10735373.4066466390 1896587.1955188178
E47G078009 1.1943285670 -1.1943285670 10742331.5648777240 1896587.1955188178
E47G078010 1.1943285670 -1.1943285670 10749288.5287802420 1896587.1955188178
E47G078011 1.1943285670 -1.1943285670 10756246.6870113280 1896587.1955188178
E47G078012 1.1943285670 -1.1943285670 10763203.6509138460 1896587.1955188178
E47G078013 1.1943285670 -1.1943285670 10770161.8091449290 1896587.1955188178
E47G078014 1.1943285670 -1.1943285670 10777118.7730474470 1896587.1955188178
E47G078015 1.1943285670 -1.1943285670 10784075.7369499650 1896587.1955188178
E47G079001 1.1943285670 -1.1943285670 10686672.2706718800 1891741.8045226778
E47G079002 1.1943285670 -1.1943285670 10693629.2345743980 1891741.8045226778
E47G079003 1.1943285670 -1.1943285670 10700586.1984769140 1891741.8045226778
E47G079004 1.1943285670 -1.1943285670 10707544.3567079990 1891741.8045226778
E47G079005 1.1943285670 -1.1943285670 10714501.3206105180 1891741.8045226778
E47G079006 1.1943285670 -1.1943285670 10721459.4788416030 1891741.8045226778
E47G079007 1.1943285670 -1.1943285670 10728416.4427441210 1891741.8045226778
E47G079008 1.1943285670 -1.1943285670 10735373.4066466390 1891741.8045226778
E47G079009 1.1943285670 -1.1943285670 10742331.5648777240 1891741.8045226778
E47G079010 1.1943285670 -1.1943285670 10749288.5287802420 1891741.8045226778
E47G079011 1.1943285670 -1.1943285670 10756246.6870113280 1891741.8045226778
E47G079012 1.1943285670 -1.1943285670 10763203.6509138460 1891741.8045226778
E47G080001 1.1943285670 -1.1943285670 10686672.2706718800 1886898.8021836719
E47G080002 1.1943285670 -1.1943285670 10693629.2345743980 1886898.8021836719
E47G080003 1.1943285670 -1.1943285670 10700586.1984769140 1886898.8021836719
E47G080004 1.1943285670 -1.1943285670 10707544.3567079990 1886898.8021836719
E47G080005 1.1943285670 -1.1943285670 10714501.3206105180 1886898.8021836719
E47G080006 1.1943285670 -1.1943285670 10721459.4788416030 1886898.8021836719
E47G080007 1.1943285670 -1.1943285670 10728416.4427441210 1886898.8021836719
E47G080008 1.1943285670 -1.1943285670 10735373.4066466390 1886898.8021836719
E47G080009 1.1943285670 -1.1943285670 10742331.5648777240 1886898.8021836719
E47G080010 1.1943285670 -1.1943285670 10749288.5287802420 1886898.8021836719
E47G080011 1.1943285670 -1.1943285670 10756246.6870113280 1886898.8021836719
E47G080012 1.1943285670 -1.1943285670 10763203.6509138460 1886898.8021836719
E47G081001 1.1943285670 -1.1943285670 10686672.2706718800 1882056.9941732327
E47G081002 1.1943285670 -1.1943285670 10693629.2345743980 1882056.9941732327
E47G081003 1.1943285670 -1.1943285670 10700586.1984769140 1882056.9941732327
E47G081004 1.1943285670 -1.1943285670 10707544.3567079990 1882056.9941732327
E47G081005 1.1943285670 -1.1943285670 10714501.3206105180 1882056.9941732327
E47G081006 1.1943285670 -1.1943285670 10721459.4788416030 1882056.9941732327
E47G081007 1.1943285670 -1.1943285670 10728416.4427441210 1882056.9941732327
E47G081008 1.1943285670 -1.1943285670 10735373.4066466390 1882056.9941732327
E47G081009 1.1943285670 -1.1943285670 10742331.5648777240 1882056.9941732327
E47G081010 1.1943285670 -1.1943285670 10749288.5287802420 1882056.9941732327
E47G081011 1.1943285670 -1.1943285670 10756246.6870113280 1882056.9941732327
E47G081012 1.1943285670 -1.1943285670 10763203.6509138460 1882056.9941732327
E47G082001 1.1943285670 -1.1943285670 10686672.2706718800 1877215.1861627935
E47G082002 1.1943285670 -1.1943285670 10693629.2345743980 1877215.1861627935
E47G082003 1.1943285670 -1.1943285670 10700586.1984769140 1877215.1861627935
E47G082004 1.1943285670 -1.1943285670 10707544.3567079990 1877215.1861627935
E47G082005 1.1943285670 -1.1943285670 10714501.3206105180 1877215.1861627935
E47G082006 1.1943285670 -1.1943285670 10721459.4788416030 1877215.1861627935
E47G082007 1.1943285670 -1.1943285670 10728416.4427441210 1877215.1861627935
E47G082008 1.1943285670 -1.1943285670 10735373.4066466390 1877215.1861627935
E47G082009 1.1943285670 -1.1943285670 10742331.5648777240 1877215.1861627935
E47G082010 1.1943285670 -1.1943285670 10749288.5287802420 1877215.1861627935
E47G082011 1.1943285670 -1.1943285670 10756246.6870113280 1877215.1861627935
E47G083001 1.1943285670 -1.1943285670 10686672.2706718800 1872375.7668094882
E47G083002 1.1943285670 -1.1943285670 10693629.2345743980 1872375.7668094882
E47G083003 1.1943285670 -1.1943285670 10700586.1984769140 1872375.7668094882
E47G083004 1.1943285670 -1.1943285670 10707544.3567079990 1872375.7668094882
E47G083005 1.1943285670 -1.1943285670 10714501.3206105180 1872375.7668094882
E47G083006 1.1943285670 -1.1943285670 10721459.4788416030 1872375.7668094882
E47G083007 1.1943285670 -1.1943285670 10728416.4427441210 1872375.7668094882
E47G083008 1.1943285670 -1.1943285670 10735373.4066466390 1872375.7668094882
E47G083009 1.1943285670 -1.1943285670 10742331.5648777240 1872375.7668094882
E47G083010 1.1943285670 -1.1943285670 10749288.5287802420 1872375.7668094882
E47G083011 1.1943285670 -1.1943285670 10756246.6870113280 1872375.7668094882
E47G084001 1.1943285670 -1.1943285670 10686672.2706718800 1867536.3474561831
E47G084002 1.1943285670 -1.1943285670 10693629.2345743980 1867536.3474561831
E47G084003 1.1943285670 -1.1943285670 10700586.1984769140 1867536.3474561831
E47G084004 1.1943285670 -1.1943285670 10707544.3567079990 1867536.3474561831
E47G084005 1.1943285670 -1.1943285670 10714501.3206105180 1867536.3474561831
E47G084006 1.1943285670 -1.1943285670 10721459.4788416030 1867536.3474561831
E47G084007 1.1943285670 -1.1943285670 10728416.4427441210 1867536.3474561831
E47G084008 1.1943285670 -1.1943285670 10735373.4066466390 1867536.3474561831
E47G084009 1.1943285670 -1.1943285670 10742331.5648777240 1867536.3474561831
E47G084010 1.1943285670 -1.1943285670 10749288.5287802420 1867536.3474561831
E47G085001 1.1943285670 -1.1943285670 10686672.2706718800 1862698.1224314447
E47G085002 1.1943285670 -1.1943285670 10693629.2345743980 1862698.1224314447
E47G085003 1.1943285670 -1.1943285670 10700586.1984769140 1862698.1224314447
E47G085004 1.1943285670 -1.1943285670 10707544.3567079990 1862698.1224314447
E47G085005 1.1943285670 -1.1943285670 10714501.3206105180 1862698.1224314447
E47G085006 1.1943285670 -1.1943285670 10721459.4788416030 1862698.1224314447
E47G085007 1.1943285670 -1.1943285670 10728416.4427441210 1862698.1224314447
E47G085008 1.1943285670 -1.1943285670 10735373.4066466390 1862698.1224314447
E47G085009 1.1943285670 -1.1943285670 10742331.5648777240 1862698.1224314447
E47G086001 1.1943285670 -1.1943285670 10686672.2706718800 1857861.0917352736
E47G086002 1.1943285670 -1.1943285670 10693629.2345743980 1857861.0917352736
E47G086003 1.1943285670 -1.1943285670 10700586.1984769140 1857861.0917352736
E47G086004 1.1943285670 -1.1943285670 10707544.3567079990 1857861.0917352736
E47G086005 1.1943285670 -1.1943285670 10714501.3206105180 1857861.0917352736
E47G087001 1.1943285670 -1.1943285670 10686672.2706718800 1853025.2553676690
E47G087002 1.1943285670 -1.1943285670 10693629.2345743980 1853025.2553676690
E47G087003 1.1943285670 -1.1943285670 10700586.1984769140 1853025.2553676690
E47G087004 1.1943285670 -1.1943285670 10707544.3567079990 1853025.2553676690
E47G088001 1.1943285670 -1.1943285670 10686672.2706718800 1848190.6133286317
E47G088002 1.1943285670 -1.1943285670 10693629.2345743980 1848190.6133286317
E47G088003 1.1943285670 -1.1943285670 10700586.1984769140 1848190.6133286317
E47G088004 1.1943285670 -1.1943285670 10707544.3567079990 1848190.6133286317
E47G089001 1.1943285670 -1.1943285670 10686672.2706718800 1843355.9712895944
E47G089002 1.1943285670 -1.1943285670 10693629.2345743980 1843355.9712895944
E47G089003 1.1943285670 -1.1943285670 10700586.1984769140 1843355.9712895944
E47G090001 1.1943285670 -1.1943285670 10686672.2706718800 1838523.7179076909
