E46G057094 0.0000107288 -0.0000107288 95.8125025034 17.6666647196
E46G057095 0.0000107288 -0.0000107288 95.8750087023 17.6666647196
E46G057096 0.0000107288 -0.0000107288 95.9375041723 17.6666647196
E46G058092 0.0000107288 -0.0000107288 95.6875008345 17.6249939203
E46G058093 0.0000107288 -0.0000107288 95.7500070333 17.6249939203
E46G058094 0.0000107288 -0.0000107288 95.8125025034 17.6249939203
E46G058095 0.0000107288 -0.0000107288 95.8750087023 17.6249939203
E46G058096 0.0000107288 -0.0000107288 95.9375041723 17.6249939203
E46G059091 0.0000107288 -0.0000107288 95.6250053644 17.5833231211
E46G059092 0.0000107288 -0.0000107288 95.6875008345 17.5833231211
E46G059093 0.0000107288 -0.0000107288 95.7500070333 17.5833231211
E46G059094 0.0000107288 -0.0000107288 95.8125025034 17.5833231211
E46G059095 0.0000107288 -0.0000107288 95.8750087023 17.5833231211
E46G059096 0.0000107288 -0.0000107288 95.9375041723 17.5833231211
E46G060090 0.0000107288 -0.0000107288 95.5625098944 17.5416630507
E46G060091 0.0000107288 -0.0000107288 95.6250053644 17.5416630507
E46G060092 0.0000107288 -0.0000107288 95.6875008345 17.5416630507
E46G060093 0.0000107288 -0.0000107288 95.7500070333 17.5416630507
E46G060094 0.0000107288 -0.0000107288 95.8125025034 17.5416630507
E46G060095 0.0000107288 -0.0000107288 95.8750087023 17.5416630507
E46G060096 0.0000107288 -0.0000107288 95.9375041723 17.5416630507
E46G061089 0.0000107288 -0.0000107288 95.5000036955 17.4999922514
E46G061090 0.0000107288 -0.0000107288 95.5625098944 17.4999922514
E46G061091 0.0000107288 -0.0000107288 95.6250053644 17.4999922514
E46G061092 0.0000107288 -0.0000107288 95.6875008345 17.4999922514
E46G061093 0.0000107288 -0.0000107288 95.7500070333 17.4999922514
E46G061094 0.0000107288 -0.0000107288 95.8125025034 17.4999922514
E46G061095 0.0000107288 -0.0000107288 95.8750087023 17.4999922514
E46G061096 0.0000107288 -0.0000107288 95.9375041723 17.4999922514
E46G062089 0.0000107288 -0.0000107288 95.5000036955 17.4583321810
E46G062090 0.0000107288 -0.0000107288 95.5625098944 17.4583321810
E46G062091 0.0000107288 -0.0000107288 95.6250053644 17.4583321810
E46G062092 0.0000107288 -0.0000107288 95.6875008345 17.4583321810
E46G062093 0.0000107288 -0.0000107288 95.7500070333 17.4583321810
E46G062094 0.0000107288 -0.0000107288 95.8125025034 17.4583321810
E46G062095 0.0000107288 -0.0000107288 95.8750087023 17.4583321810
E46G062096 0.0000107288 -0.0000107288 95.9375041723 17.4583321810
E46G063088 0.0000107288 -0.0000107288 95.4375082254 17.4166613817
E46G063089 0.0000107288 -0.0000107288 95.5000036955 17.4166613817
E46G063090 0.0000107288 -0.0000107288 95.5625098944 17.4166613817
E46G063091 0.0000107288 -0.0000107288 95.6250053644 17.4166613817
E46G063092 0.0000107288 -0.0000107288 95.6875008345 17.4166613817
E46G063093 0.0000107288 -0.0000107288 95.7500070333 17.4166613817
E46G063094 0.0000107288 -0.0000107288 95.8125025034 17.4166613817
E46G063095 0.0000107288 -0.0000107288 95.8750087023 17.4166613817
E46G063096 0.0000107288 -0.0000107288 95.9375041723 17.4166613817
E46G064087 0.0000107288 -0.0000107288 95.3750020266 17.3749905825
E46G064088 0.0000107288 -0.0000107288 95.4375082254 17.3749905825
E46G064089 0.0000107288 -0.0000107288 95.5000036955 17.3749905825
E46G064090 0.0000107288 -0.0000107288 95.5625098944 17.3749905825
E46G064091 0.0000107288 -0.0000107288 95.6250053644 17.3749905825
E46G064092 0.0000107288 -0.0000107288 95.6875008345 17.3749905825
E46G064093 0.0000107288 -0.0000107288 95.7500070333 17.3749905825
E46G064094 0.0000107288 -0.0000107288 95.8125025034 17.3749905825
E46G064095 0.0000107288 -0.0000107288 95.8750087023 17.3749905825
E46G064096 0.0000107288 -0.0000107288 95.9375041723 17.3749905825
E46G065087 0.0000107288 -0.0000107288 95.3750020266 17.3333305120
E46G065088 0.0000107288 -0.0000107288 95.4375082254 17.3333305120
E46G065089 0.0000107288 -0.0000107288 95.5000036955 17.3333305120
E46G065090 0.0000107288 -0.0000107288 95.5625098944 17.3333305120
E46G065091 0.0000107288 -0.0000107288 95.6250053644 17.3333305120
E46G065092 0.0000107288 -0.0000107288 95.6875008345 17.3333305120
E46G065093 0.0000107288 -0.0000107288 95.7500070333 17.3333305120
E46G065094 0.0000107288 -0.0000107288 95.8125025034 17.3333305120
E46G065095 0.0000107288 -0.0000107288 95.8750087023 17.3333305120
E46G065096 0.0000107288 -0.0000107288 95.9375041723 17.3333305120
E46G066086 0.0000107288 -0.0000107288 95.3125065565 17.2916597128
E46G066087 0.0000107288 -0.0000107288 95.3750020266 17.2916597128
E46G066088 0.0000107288 -0.0000107288 95.4375082254 17.2916597128
E46G066089 0.0000107288 -0.0000107288 95.5000036955 17.2916597128
E46G066090 0.0000107288 -0.0000107288 95.5625098944 17.2916597128
E46G066091 0.0000107288 -0.0000107288 95.6250053644 17.2916597128
E46G066092 0.0000107288 -0.0000107288 95.6875008345 17.2916597128
E46G066093 0.0000107288 -0.0000107288 95.7500070333 17.2916597128
E46G066094 0.0000107288 -0.0000107288 95.8125025034 17.2916597128
E46G066095 0.0000107288 -0.0000107288 95.8750087023 17.2916597128
E46G066096 0.0000107288 -0.0000107288 95.9375041723 17.2916597128
E46G067086 0.0000107288 -0.0000107288 95.3125065565 17.2499996424
E46G067087 0.0000107288 -0.0000107288 95.3750020266 17.2499996424
E46G067088 0.0000107288 -0.0000107288 95.4375082254 17.2499996424
E46G067089 0.0000107288 -0.0000107288 95.5000036955 17.2499996424
E46G067090 0.0000107288 -0.0000107288 95.5625098944 17.2499996424
E46G067091 0.0000107288 -0.0000107288 95.6250053644 17.2499996424
E46G067092 0.0000107288 -0.0000107288 95.6875008345 17.2499996424
E46G067093 0.0000107288 -0.0000107288 95.7500070333 17.2499996424
E46G067094 0.0000107288 -0.0000107288 95.8125025034 17.2499996424
E46G067095 0.0000107288 -0.0000107288 95.8750087023 17.2499996424
E46G067096 0.0000107288 -0.0000107288 95.9375041723 17.2499996424
E46G068086 0.0000107288 -0.0000107288 95.3125065565 17.2083288431
E46G068087 0.0000107288 -0.0000107288 95.3750020266 17.2083288431
E46G068088 0.0000107288 -0.0000107288 95.4375082254 17.2083288431
E46G068089 0.0000107288 -0.0000107288 95.5000036955 17.2083288431
E46G068090 0.0000107288 -0.0000107288 95.5625098944 17.2083288431
E46G068091 0.0000107288 -0.0000107288 95.6250053644 17.2083288431
E46G068092 0.0000107288 -0.0000107288 95.6875008345 17.2083288431
E46G068093 0.0000107288 -0.0000107288 95.7500070333 17.2083288431
E46G068094 0.0000107288 -0.0000107288 95.8125025034 17.2083288431
E46G068095 0.0000107288 -0.0000107288 95.8750087023 17.2083288431
E46G068096 0.0000107288 -0.0000107288 95.9375041723 17.2083288431
E46G069085 0.0000107288 -0.0000107288 95.2500003576 17.1666580439
E46G069086 0.0000107288 -0.0000107288 95.3125065565 17.1666580439
E46G069087 0.0000107288 -0.0000107288 95.3750020266 17.1666580439
E46G069088 0.0000107288 -0.0000107288 95.4375082254 17.1666580439
E46G069089 0.0000107288 -0.0000107288 95.5000036955 17.1666580439
E46G069090 0.0000107288 -0.0000107288 95.5625098944 17.1666580439
E46G069091 0.0000107288 -0.0000107288 95.6250053644 17.1666580439
E46G069092 0.0000107288 -0.0000107288 95.6875008345 17.1666580439
E46G069093 0.0000107288 -0.0000107288 95.7500070333 17.1666580439
E46G069094 0.0000107288 -0.0000107288 95.8125025034 17.1666580439
E46G069095 0.0000107288 -0.0000107288 95.8750087023 17.1666580439
E46G069096 0.0000107288 -0.0000107288 95.9375041723 17.1666580439
E46G070085 0.0000107288 -0.0000107288 95.2500003576 17.1249979734
E46G070086 0.0000107288 -0.0000107288 95.3125065565 17.1249979734
E46G070087 0.0000107288 -0.0000107288 95.3750020266 17.1249979734
E46G070088 0.0000107288 -0.0000107288 95.4375082254 17.1249979734
E46G070089 0.0000107288 -0.0000107288 95.5000036955 17.1249979734
E46G070090 0.0000107288 -0.0000107288 95.5625098944 17.1249979734
E46G070091 0.0000107288 -0.0000107288 95.6250053644 17.1249979734
E46G070092 0.0000107288 -0.0000107288 95.6875008345 17.1249979734
E46G070093 0.0000107288 -0.0000107288 95.7500070333 17.1249979734
E46G070094 0.0000107288 -0.0000107288 95.8125025034 17.1249979734
E46G070095 0.0000107288 -0.0000107288 95.8750087023 17.1249979734
E46G070096 0.0000107288 -0.0000107288 95.9375041723 17.1249979734
E46G071085 0.0000107288 -0.0000107288 95.2500003576 17.0833271742
E46G071086 0.0000107288 -0.0000107288 95.3125065565 17.0833271742
E46G071087 0.0000107288 -0.0000107288 95.3750020266 17.0833271742
E46G071088 0.0000107288 -0.0000107288 95.4375082254 17.0833271742
E46G071089 0.0000107288 -0.0000107288 95.5000036955 17.0833271742
E46G071090 0.0000107288 -0.0000107288 95.5625098944 17.0833271742
E46G071091 0.0000107288 -0.0000107288 95.6250053644 17.0833271742
E46G071092 0.0000107288 -0.0000107288 95.6875008345 17.0833271742
E46G071093 0.0000107288 -0.0000107288 95.7500070333 17.0833271742
E46G071094 0.0000107288 -0.0000107288 95.8125025034 17.0833271742
E46G071095 0.0000107288 -0.0000107288 95.8750087023 17.0833271742
E46G071096 0.0000107288 -0.0000107288 95.9375041723 17.0833271742
E46G072085 0.0000107288 -0.0000107288 95.2500003576 17.0416563749
E46G072086 0.0000107288 -0.0000107288 95.3125065565 17.0416563749
E46G072087 0.0000107288 -0.0000107288 95.3750020266 17.0416563749
E46G072088 0.0000107288 -0.0000107288 95.4375082254 17.0416563749
E46G072089 0.0000107288 -0.0000107288 95.5000036955 17.0416563749
E46G072090 0.0000107288 -0.0000107288 95.5625098944 17.0416563749
E46G072091 0.0000107288 -0.0000107288 95.6250053644 17.0416563749
E46G072092 0.0000107288 -0.0000107288 95.6875008345 17.0416563749
E46G072093 0.0000107288 -0.0000107288 95.7500070333 17.0416563749
E46G072094 0.0000107288 -0.0000107288 95.8125025034 17.0416563749
E46G072095 0.0000107288 -0.0000107288 95.8750087023 17.0416563749
E46G072096 0.0000107288 -0.0000107288 95.9375041723 17.0416563749
E46G073084 0.0000107288 -0.0000107288 95.1875048876 16.9999963045
E46G073085 0.0000107288 -0.0000107288 95.2500003576 16.9999963045
E46G073086 0.0000107288 -0.0000107288 95.3125065565 16.9999963045
E46G073087 0.0000107288 -0.0000107288 95.3750020266 16.9999963045
E46G073088 0.0000107288 -0.0000107288 95.4375082254 16.9999963045
E46G073089 0.0000107288 -0.0000107288 95.5000036955 16.9999963045
E46G073090 0.0000107288 -0.0000107288 95.5625098944 16.9999963045
E46G073091 0.0000107288 -0.0000107288 95.6250053644 16.9999963045
E46G073092 0.0000107288 -0.0000107288 95.6875008345 16.9999963045
E46G073093 0.0000107288 -0.0000107288 95.7500070333 16.9999963045
E46G073094 0.0000107288 -0.0000107288 95.8125025034 16.9999963045
E46G073095 0.0000107288 -0.0000107288 95.8750087023 16.9999963045
E46G073096 0.0000107288 -0.0000107288 95.9375041723 16.9999963045
E46G074084 0.0000107288 -0.0000107288 95.1875048876 16.9583255053
E46G074085 0.0000107288 -0.0000107288 95.2500003576 16.9583255053
E46G074086 0.0000107288 -0.0000107288 95.3125065565 16.9583255053
E46G074087 0.0000107288 -0.0000107288 95.3750020266 16.9583255053
E46G074088 0.0000107288 -0.0000107288 95.4375082254 16.9583255053
E46G074089 0.0000107288 -0.0000107288 95.5000036955 16.9583255053
E46G074090 0.0000107288 -0.0000107288 95.5625098944 16.9583255053
E46G074091 0.0000107288 -0.0000107288 95.6250053644 16.9583255053
E46G074092 0.0000107288 -0.0000107288 95.6875008345 16.9583255053
E46G074093 0.0000107288 -0.0000107288 95.7500070333 16.9583255053
E46G074094 0.0000107288 -0.0000107288 95.8125025034 16.9583255053
E46G074095 0.0000107288 -0.0000107288 95.8750087023 16.9583255053
E46G074096 0.0000107288 -0.0000107288 95.9375041723 16.9583255053
E46G075084 0.0000107288 -0.0000107288 95.1875048876 16.9166654348
E46G075085 0.0000107288 -0.0000107288 95.2500003576 16.9166654348
E46G075086 0.0000107288 -0.0000107288 95.3125065565 16.9166654348
E46G075087 0.0000107288 -0.0000107288 95.3750020266 16.9166654348
E46G075088 0.0000107288 -0.0000107288 95.4375082254 16.9166654348
E46G075089 0.0000107288 -0.0000107288 95.5000036955 16.9166654348
E46G075090 0.0000107288 -0.0000107288 95.5625098944 16.9166654348
E46G075091 0.0000107288 -0.0000107288 95.6250053644 16.9166654348
E46G075092 0.0000107288 -0.0000107288 95.6875008345 16.9166654348
E46G075093 0.0000107288 -0.0000107288 95.7500070333 16.9166654348
E46G075094 0.0000107288 -0.0000107288 95.8125025034 16.9166654348
E46G075095 0.0000107288 -0.0000107288 95.8750087023 16.9166654348
E46G075096 0.0000107288 -0.0000107288 95.9375041723 16.9166654348
E46G076084 0.0000107288 -0.0000107288 95.1875048876 16.8749946356
E46G076085 0.0000107288 -0.0000107288 95.2500003576 16.8749946356
E46G076086 0.0000107288 -0.0000107288 95.3125065565 16.8749946356
E46G076087 0.0000107288 -0.0000107288 95.3750020266 16.8749946356
E46G076088 0.0000107288 -0.0000107288 95.4375082254 16.8749946356
E46G076089 0.0000107288 -0.0000107288 95.5000036955 16.8749946356
E46G076090 0.0000107288 -0.0000107288 95.5625098944 16.8749946356
E46G076091 0.0000107288 -0.0000107288 95.6250053644 16.8749946356
E46G076092 0.0000107288 -0.0000107288 95.6875008345 16.8749946356
E46G076093 0.0000107288 -0.0000107288 95.7500070333 16.8749946356
E46G076094 0.0000107288 -0.0000107288 95.8125025034 16.8749946356
E46G076095 0.0000107288 -0.0000107288 95.8750087023 16.8749946356
E46G076096 0.0000107288 -0.0000107288 95.9375041723 16.8749946356
E46G077084 0.0000107288 -0.0000107288 95.1875048876 16.8333238363
E46G077085 0.0000107288 -0.0000107288 95.2500003576 16.8333238363
E46G077086 0.0000107288 -0.0000107288 95.3125065565 16.8333238363
E46G077087 0.0000107288 -0.0000107288 95.3750020266 16.8333238363
E46G077088 0.0000107288 -0.0000107288 95.4375082254 16.8333238363
E46G077089 0.0000107288 -0.0000107288 95.5000036955 16.8333238363
E46G077090 0.0000107288 -0.0000107288 95.5625098944 16.8333238363
E46G077091 0.0000107288 -0.0000107288 95.6250053644 16.8333238363
E46G077092 0.0000107288 -0.0000107288 95.6875008345 16.8333238363
E46G077093 0.0000107288 -0.0000107288 95.7500070333 16.8333238363
E46G077094 0.0000107288 -0.0000107288 95.8125025034 16.8333238363
E46G077095 0.0000107288 -0.0000107288 95.8750087023 16.8333238363
E46G077096 0.0000107288 -0.0000107288 95.9375041723 16.8333238363
E46G078084 0.0000107288 -0.0000107288 95.1875048876 16.7916637659
E46G078085 0.0000107288 -0.0000107288 95.2500003576 16.7916637659
E46G078086 0.0000107288 -0.0000107288 95.3125065565 16.7916637659
E46G078087 0.0000107288 -0.0000107288 95.3750020266 16.7916637659
E46G078088 0.0000107288 -0.0000107288 95.4375082254 16.7916637659
E46G078089 0.0000107288 -0.0000107288 95.5000036955 16.7916637659
E46G078090 0.0000107288 -0.0000107288 95.5625098944 16.7916637659
E46G078091 0.0000107288 -0.0000107288 95.6250053644 16.7916637659
E46G078092 0.0000107288 -0.0000107288 95.6875008345 16.7916637659
E46G078093 0.0000107288 -0.0000107288 95.7500070333 16.7916637659
E46G078094 0.0000107288 -0.0000107288 95.8125025034 16.7916637659
E46G078095 0.0000107288 -0.0000107288 95.8750087023 16.7916637659
E46G078096 0.0000107288 -0.0000107288 95.9375041723 16.7916637659
E46G079084 0.0000107288 -0.0000107288 95.1875048876 16.7499929667
E46G079085 0.0000107288 -0.0000107288 95.2500003576 16.7499929667
E46G079086 0.0000107288 -0.0000107288 95.3125065565 16.7499929667
E46G079087 0.0000107288 -0.0000107288 95.3750020266 16.7499929667
E46G079088 0.0000107288 -0.0000107288 95.4375082254 16.7499929667
E46G079089 0.0000107288 -0.0000107288 95.5000036955 16.7499929667
E46G079090 0.0000107288 -0.0000107288 95.5625098944 16.7499929667
E46G079091 0.0000107288 -0.0000107288 95.6250053644 16.7499929667
E46G079092 0.0000107288 -0.0000107288 95.6875008345 16.7499929667
E46G079093 0.0000107288 -0.0000107288 95.7500070333 16.7499929667
E46G079094 0.0000107288 -0.0000107288 95.8125025034 16.7499929667
E46G079095 0.0000107288 -0.0000107288 95.8750087023 16.7499929667
E46G079096 0.0000107288 -0.0000107288 95.9375041723 16.7499929667
E46G080084 0.0000107288 -0.0000107288 95.1875048876 16.7083328962
E46G080085 0.0000107288 -0.0000107288 95.2500003576 16.7083328962
E46G080086 0.0000107288 -0.0000107288 95.3125065565 16.7083328962
E46G080087 0.0000107288 -0.0000107288 95.3750020266 16.7083328962
E46G080088 0.0000107288 -0.0000107288 95.4375082254 16.7083328962
E46G080089 0.0000107288 -0.0000107288 95.5000036955 16.7083328962
E46G080090 0.0000107288 -0.0000107288 95.5625098944 16.7083328962
E46G080091 0.0000107288 -0.0000107288 95.6250053644 16.7083328962
E46G080092 0.0000107288 -0.0000107288 95.6875008345 16.7083328962
E46G080093 0.0000107288 -0.0000107288 95.7500070333 16.7083328962
E46G080094 0.0000107288 -0.0000107288 95.8125025034 16.7083328962
E46G080095 0.0000107288 -0.0000107288 95.8750087023 16.7083328962
E46G080096 0.0000107288 -0.0000107288 95.9375041723 16.7083328962
E46G081084 0.0000107288 -0.0000107288 95.1875048876 16.6666620970
E46G081085 0.0000107288 -0.0000107288 95.2500003576 16.6666620970
E46G081086 0.0000107288 -0.0000107288 95.3125065565 16.6666620970
E46G081087 0.0000107288 -0.0000107288 95.3750020266 16.6666620970
E46G081088 0.0000107288 -0.0000107288 95.4375082254 16.6666620970
E46G081089 0.0000107288 -0.0000107288 95.5000036955 16.6666620970
E46G081090 0.0000107288 -0.0000107288 95.5625098944 16.6666620970
E46G081091 0.0000107288 -0.0000107288 95.6250053644 16.6666620970
E46G081092 0.0000107288 -0.0000107288 95.6875008345 16.6666620970
E46G081093 0.0000107288 -0.0000107288 95.7500070333 16.6666620970
E46G081094 0.0000107288 -0.0000107288 95.8125025034 16.6666620970
E46G081095 0.0000107288 -0.0000107288 95.8750087023 16.6666620970
E46G081096 0.0000107288 -0.0000107288 95.9375041723 16.6666620970
E46G082084 0.0000107288 -0.0000107288 95.1875048876 16.6249912977
E46G082085 0.0000107288 -0.0000107288 95.2500003576 16.6249912977
E46G082086 0.0000107288 -0.0000107288 95.3125065565 16.6249912977
E46G082087 0.0000107288 -0.0000107288 95.3750020266 16.6249912977
E46G082088 0.0000107288 -0.0000107288 95.4375082254 16.6249912977
E46G082089 0.0000107288 -0.0000107288 95.5000036955 16.6249912977
E46G082090 0.0000107288 -0.0000107288 95.5625098944 16.6249912977
E46G082091 0.0000107288 -0.0000107288 95.6250053644 16.6249912977
E46G082092 0.0000107288 -0.0000107288 95.6875008345 16.6249912977
E46G082093 0.0000107288 -0.0000107288 95.7500070333 16.6249912977
E46G082094 0.0000107288 -0.0000107288 95.8125025034 16.6249912977
E46G082095 0.0000107288 -0.0000107288 95.8750087023 16.6249912977
E46G082096 0.0000107288 -0.0000107288 95.9375041723 16.6249912977
E46G083085 0.0000107288 -0.0000107288 95.2500003576 16.5833312273
E46G083086 0.0000107288 -0.0000107288 95.3125065565 16.5833312273
E46G083087 0.0000107288 -0.0000107288 95.3750020266 16.5833312273
E46G083088 0.0000107288 -0.0000107288 95.4375082254 16.5833312273
E46G083089 0.0000107288 -0.0000107288 95.5000036955 16.5833312273
E46G083090 0.0000107288 -0.0000107288 95.5625098944 16.5833312273
E46G083091 0.0000107288 -0.0000107288 95.6250053644 16.5833312273
E46G083092 0.0000107288 -0.0000107288 95.6875008345 16.5833312273
E46G083093 0.0000107288 -0.0000107288 95.7500070333 16.5833312273
E46G083094 0.0000107288 -0.0000107288 95.8125025034 16.5833312273
E46G083095 0.0000107288 -0.0000107288 95.8750087023 16.5833312273
E46G083096 0.0000107288 -0.0000107288 95.9375041723 16.5833312273
E46G084085 0.0000107288 -0.0000107288 95.2500003576 16.5416604280
E46G084086 0.0000107288 -0.0000107288 95.3125065565 16.5416604280
E46G084087 0.0000107288 -0.0000107288 95.3750020266 16.5416604280
E46G084088 0.0000107288 -0.0000107288 95.4375082254 16.5416604280
E46G084089 0.0000107288 -0.0000107288 95.5000036955 16.5416604280
E46G084090 0.0000107288 -0.0000107288 95.5625098944 16.5416604280
E46G084091 0.0000107288 -0.0000107288 95.6250053644 16.5416604280
E46G084092 0.0000107288 -0.0000107288 95.6875008345 16.5416604280
E46G084093 0.0000107288 -0.0000107288 95.7500070333 16.5416604280
E46G084094 0.0000107288 -0.0000107288 95.8125025034 16.5416604280
E46G084095 0.0000107288 -0.0000107288 95.8750087023 16.5416604280
E46G084096 0.0000107288 -0.0000107288 95.9375041723 16.5416604280
E46G085085 0.0000107288 -0.0000107288 95.2500003576 16.4999896288
E46G085086 0.0000107288 -0.0000107288 95.3125065565 16.4999896288
E46G085087 0.0000107288 -0.0000107288 95.3750020266 16.4999896288
E46G085088 0.0000107288 -0.0000107288 95.4375082254 16.4999896288
E46G085089 0.0000107288 -0.0000107288 95.5000036955 16.4999896288
E46G085090 0.0000107288 -0.0000107288 95.5625098944 16.4999896288
E46G085091 0.0000107288 -0.0000107288 95.6250053644 16.4999896288
E46G085092 0.0000107288 -0.0000107288 95.6875008345 16.4999896288
E46G085093 0.0000107288 -0.0000107288 95.7500070333 16.4999896288
E46G085094 0.0000107288 -0.0000107288 95.8125025034 16.4999896288
E46G085095 0.0000107288 -0.0000107288 95.8750087023 16.4999896288
E46G085096 0.0000107288 -0.0000107288 95.9375041723 16.4999896288
E46G086085 0.0000107288 -0.0000107288 95.2500003576 16.4583295584
E46G086086 0.0000107288 -0.0000107288 95.3125065565 16.4583295584
E46G086087 0.0000107288 -0.0000107288 95.3750020266 16.4583295584
E46G086088 0.0000107288 -0.0000107288 95.4375082254 16.4583295584
E46G086089 0.0000107288 -0.0000107288 95.5000036955 16.4583295584
E46G086090 0.0000107288 -0.0000107288 95.5625098944 16.4583295584
E46G086091 0.0000107288 -0.0000107288 95.6250053644 16.4583295584
E46G086092 0.0000107288 -0.0000107288 95.6875008345 16.4583295584
E46G086093 0.0000107288 -0.0000107288 95.7500070333 16.4583295584
E46G086094 0.0000107288 -0.0000107288 95.8125025034 16.4583295584
E46G086095 0.0000107288 -0.0000107288 95.8750087023 16.4583295584
E46G086096 0.0000107288 -0.0000107288 95.9375041723 16.4583295584
E46G087086 0.0000107288 -0.0000107288 95.3125065565 16.4166587591
E46G087087 0.0000107288 -0.0000107288 95.3750020266 16.4166587591
E46G087088 0.0000107288 -0.0000107288 95.4375082254 16.4166587591
E46G087089 0.0000107288 -0.0000107288 95.5000036955 16.4166587591
E46G087090 0.0000107288 -0.0000107288 95.5625098944 16.4166587591
E46G087091 0.0000107288 -0.0000107288 95.6250053644 16.4166587591
E46G087092 0.0000107288 -0.0000107288 95.6875008345 16.4166587591
E46G087093 0.0000107288 -0.0000107288 95.7500070333 16.4166587591
E46G087094 0.0000107288 -0.0000107288 95.8125025034 16.4166587591
E46G087095 0.0000107288 -0.0000107288 95.8750087023 16.4166587591
E46G087096 0.0000107288 -0.0000107288 95.9375041723 16.4166587591
E46G088086 0.0000107288 -0.0000107288 95.3125065565 16.3749986887
E46G088087 0.0000107288 -0.0000107288 95.3750020266 16.3749986887
E46G088088 0.0000107288 -0.0000107288 95.4375082254 16.3749986887
E46G088089 0.0000107288 -0.0000107288 95.5000036955 16.3749986887
E46G088090 0.0000107288 -0.0000107288 95.5625098944 16.3749986887
E46G088091 0.0000107288 -0.0000107288 95.6250053644 16.3749986887
E46G088092 0.0000107288 -0.0000107288 95.6875008345 16.3749986887
E46G088093 0.0000107288 -0.0000107288 95.7500070333 16.3749986887
E46G088094 0.0000107288 -0.0000107288 95.8125025034 16.3749986887
E46G088095 0.0000107288 -0.0000107288 95.8750087023 16.3749986887
E46G088096 0.0000107288 -0.0000107288 95.9375041723 16.3749986887
E46G089086 0.0000107288 -0.0000107288 95.3125065565 16.3333278894
E46G089087 0.0000107288 -0.0000107288 95.3750020266 16.3333278894
E46G089088 0.0000107288 -0.0000107288 95.4375082254 16.3333278894
E46G089089 0.0000107288 -0.0000107288 95.5000036955 16.3333278894
E46G089090 0.0000107288 -0.0000107288 95.5625098944 16.3333278894
E46G089091 0.0000107288 -0.0000107288 95.6250053644 16.3333278894
E46G089092 0.0000107288 -0.0000107288 95.6875008345 16.3333278894
E46G089093 0.0000107288 -0.0000107288 95.7500070333 16.3333278894
E46G089094 0.0000107288 -0.0000107288 95.8125025034 16.3333278894
E46G089095 0.0000107288 -0.0000107288 95.8750087023 16.3333278894
E46G089096 0.0000107288 -0.0000107288 95.9375041723 16.3333278894
E46G090087 0.0000107288 -0.0000107288 95.3750020266 16.2916570902
E46G090088 0.0000107288 -0.0000107288 95.4375082254 16.2916570902
E46G090089 0.0000107288 -0.0000107288 95.5000036955 16.2916570902
E46G090090 0.0000107288 -0.0000107288 95.5625098944 16.2916570902
E46G090091 0.0000107288 -0.0000107288 95.6250053644 16.2916570902
E46G090092 0.0000107288 -0.0000107288 95.6875008345 16.2916570902
E46G090093 0.0000107288 -0.0000107288 95.7500070333 16.2916570902
E46G090094 0.0000107288 -0.0000107288 95.8125025034 16.2916570902
E46G090095 0.0000107288 -0.0000107288 95.8750087023 16.2916570902
E46G090096 0.0000107288 -0.0000107288 95.9375041723 16.2916570902
E46G091087 0.0000107288 -0.0000107288 95.3750020266 16.2499970198
E46G091088 0.0000107288 -0.0000107288 95.4375082254 16.2499970198
E46G091089 0.0000107288 -0.0000107288 95.5000036955 16.2499970198
E46G091090 0.0000107288 -0.0000107288 95.5625098944 16.2499970198
E46G091091 0.0000107288 -0.0000107288 95.6250053644 16.2499970198
E46G091092 0.0000107288 -0.0000107288 95.6875008345 16.2499970198
E46G091093 0.0000107288 -0.0000107288 95.7500070333 16.2499970198
E46G091094 0.0000107288 -0.0000107288 95.8125025034 16.2499970198
E46G091095 0.0000107288 -0.0000107288 95.8750087023 16.2499970198
E46G091096 0.0000107288 -0.0000107288 95.9375041723 16.2499970198
E46G092088 0.0000107288 -0.0000107288 95.4375082254 16.2083262205
E46G092089 0.0000107288 -0.0000107288 95.5000036955 16.2083262205
E46G092090 0.0000107288 -0.0000107288 95.5625098944 16.2083262205
E46G092091 0.0000107288 -0.0000107288 95.6250053644 16.2083262205
E46G092092 0.0000107288 -0.0000107288 95.6875008345 16.2083262205
E46G092093 0.0000107288 -0.0000107288 95.7500070333 16.2083262205
E46G092094 0.0000107288 -0.0000107288 95.8125025034 16.2083262205
E46G092095 0.0000107288 -0.0000107288 95.8750087023 16.2083262205
E46G093088 0.0000107288 -0.0000107288 95.4375082254 16.1666661501
E46G093089 0.0000107288 -0.0000107288 95.5000036955 16.1666661501
E46G093090 0.0000107288 -0.0000107288 95.5625098944 16.1666661501
E46G093091 0.0000107288 -0.0000107288 95.6250053644 16.1666661501
E46G093092 0.0000107288 -0.0000107288 95.6875008345 16.1666661501
E46G093093 0.0000107288 -0.0000107288 95.7500070333 16.1666661501
E46G093094 0.0000107288 -0.0000107288 95.8125025034 16.1666661501
E46G094089 0.0000107288 -0.0000107288 95.5000036955 16.1249953508
E46G094090 0.0000107288 -0.0000107288 95.5625098944 16.1249953508
E46G094091 0.0000107288 -0.0000107288 95.6250053644 16.1249953508
E46G094092 0.0000107288 -0.0000107288 95.6875008345 16.1249953508
E46G094093 0.0000107288 -0.0000107288 95.7500070333 16.1249953508
E46G095090 0.0000107288 -0.0000107288 95.5625098944 16.0833245516
E46G095091 0.0000107288 -0.0000107288 95.6250053644 16.0833245516
E46G095092 0.0000107288 -0.0000107288 95.6875008345 16.0833245516
E46G096091 0.0000107288 -0.0000107288 95.6250053644 16.0416644812
E46G096092 0.0000107288 -0.0000107288 95.6875008345 16.0416644812
E47G056001 0.0000107288 -0.0000107288 96.0000103712 17.7083247900
E47G056002 0.0000107288 -0.0000107288 96.0625058413 17.7083247900
E47G056003 0.0000107288 -0.0000107288 96.1250013113 17.7083247900
E47G056004 0.0000107288 -0.0000107288 96.1875075102 17.7083247900
E47G056005 0.0000107288 -0.0000107288 96.2500029802 17.7083247900
E47G057001 0.0000107288 -0.0000107288 96.0000103712 17.6666647196
E47G057002 0.0000107288 -0.0000107288 96.0625058413 17.6666647196
E47G057003 0.0000107288 -0.0000107288 96.1250013113 17.6666647196
E47G057004 0.0000107288 -0.0000107288 96.1875075102 17.6666647196
E47G057005 0.0000107288 -0.0000107288 96.2500029802 17.6666647196
E47G057006 0.0000107288 -0.0000107288 96.3125091791 17.6666647196
E47G057007 0.0000107288 -0.0000107288 96.3750046492 17.6666647196
E47G057008 0.0000107288 -0.0000107288 96.4375001192 17.6666647196
E47G058001 0.0000107288 -0.0000107288 96.0000103712 17.6249939203
E47G058002 0.0000107288 -0.0000107288 96.0625058413 17.6249939203
E47G058003 0.0000107288 -0.0000107288 96.1250013113 17.6249939203
E47G058004 0.0000107288 -0.0000107288 96.1875075102 17.6249939203
E47G058005 0.0000107288 -0.0000107288 96.2500029802 17.6249939203
E47G058006 0.0000107288 -0.0000107288 96.3125091791 17.6249939203
E47G058007 0.0000107288 -0.0000107288 96.3750046492 17.6249939203
E47G058008 0.0000107288 -0.0000107288 96.4375001192 17.6249939203
E47G058009 0.0000107288 -0.0000107288 96.5000063181 17.6249939203
E47G059001 0.0000107288 -0.0000107288 96.0000103712 17.5833231211
E47G059002 0.0000107288 -0.0000107288 96.0625058413 17.5833231211
E47G059003 0.0000107288 -0.0000107288 96.1250013113 17.5833231211
E47G059004 0.0000107288 -0.0000107288 96.1875075102 17.5833231211
E47G059005 0.0000107288 -0.0000107288 96.2500029802 17.5833231211
E47G059006 0.0000107288 -0.0000107288 96.3125091791 17.5833231211
E47G059007 0.0000107288 -0.0000107288 96.3750046492 17.5833231211
E47G059008 0.0000107288 -0.0000107288 96.4375001192 17.5833231211
E47G059009 0.0000107288 -0.0000107288 96.5000063181 17.5833231211
E47G059010 0.0000107288 -0.0000107288 96.5625017881 17.5833231211
E47G059011 0.0000107288 -0.0000107288 96.6250079870 17.5833231211
E47G060001 0.0000107288 -0.0000107288 96.0000103712 17.5416630507
E47G060002 0.0000107288 -0.0000107288 96.0625058413 17.5416630507
E47G060003 0.0000107288 -0.0000107288 96.1250013113 17.5416630507
E47G060004 0.0000107288 -0.0000107288 96.1875075102 17.5416630507
E47G060005 0.0000107288 -0.0000107288 96.2500029802 17.5416630507
E47G060006 0.0000107288 -0.0000107288 96.3125091791 17.5416630507
E47G060007 0.0000107288 -0.0000107288 96.3750046492 17.5416630507
E47G060008 0.0000107288 -0.0000107288 96.4375001192 17.5416630507
E47G060009 0.0000107288 -0.0000107288 96.5000063181 17.5416630507
E47G060010 0.0000107288 -0.0000107288 96.5625017881 17.5416630507
E47G060011 0.0000107288 -0.0000107288 96.6250079870 17.5416630507
E47G060012 0.0000107288 -0.0000107288 96.6875034571 17.5416630507
E47G061001 0.0000107288 -0.0000107288 96.0000103712 17.4999922514
E47G061002 0.0000107288 -0.0000107288 96.0625058413 17.4999922514
E47G061003 0.0000107288 -0.0000107288 96.1250013113 17.4999922514
E47G061004 0.0000107288 -0.0000107288 96.1875075102 17.4999922514
E47G061005 0.0000107288 -0.0000107288 96.2500029802 17.4999922514
E47G061006 0.0000107288 -0.0000107288 96.3125091791 17.4999922514
E47G061007 0.0000107288 -0.0000107288 96.3750046492 17.4999922514
E47G061008 0.0000107288 -0.0000107288 96.4375001192 17.4999922514
E47G061009 0.0000107288 -0.0000107288 96.5000063181 17.4999922514
E47G061010 0.0000107288 -0.0000107288 96.5625017881 17.4999922514
E47G061011 0.0000107288 -0.0000107288 96.6250079870 17.4999922514
E47G061012 0.0000107288 -0.0000107288 96.6875034571 17.4999922514
E47G061013 0.0000107288 -0.0000107288 96.7500096560 17.4999922514
E47G062001 0.0000107288 -0.0000107288 96.0000103712 17.4583321810
E47G062002 0.0000107288 -0.0000107288 96.0625058413 17.4583321810
E47G062003 0.0000107288 -0.0000107288 96.1250013113 17.4583321810
E47G062004 0.0000107288 -0.0000107288 96.1875075102 17.4583321810
E47G062005 0.0000107288 -0.0000107288 96.2500029802 17.4583321810
E47G062006 0.0000107288 -0.0000107288 96.3125091791 17.4583321810
E47G062007 0.0000107288 -0.0000107288 96.3750046492 17.4583321810
E47G062008 0.0000107288 -0.0000107288 96.4375001192 17.4583321810
E47G062009 0.0000107288 -0.0000107288 96.5000063181 17.4583321810
E47G062010 0.0000107288 -0.0000107288 96.5625017881 17.4583321810
E47G062011 0.0000107288 -0.0000107288 96.6250079870 17.4583321810
E47G062012 0.0000107288 -0.0000107288 96.6875034571 17.4583321810
E47G062013 0.0000107288 -0.0000107288 96.7500096560 17.4583321810
E47G063001 0.0000107288 -0.0000107288 96.0000103712 17.4166613817
E47G063002 0.0000107288 -0.0000107288 96.0625058413 17.4166613817
E47G063003 0.0000107288 -0.0000107288 96.1250013113 17.4166613817
E47G063004 0.0000107288 -0.0000107288 96.1875075102 17.4166613817
E47G063005 0.0000107288 -0.0000107288 96.2500029802 17.4166613817
E47G063006 0.0000107288 -0.0000107288 96.3125091791 17.4166613817
E47G063007 0.0000107288 -0.0000107288 96.3750046492 17.4166613817
E47G063008 0.0000107288 -0.0000107288 96.4375001192 17.4166613817
E47G063009 0.0000107288 -0.0000107288 96.5000063181 17.4166613817
E47G063010 0.0000107288 -0.0000107288 96.5625017881 17.4166613817
E47G063011 0.0000107288 -0.0000107288 96.6250079870 17.4166613817
E47G063012 0.0000107288 -0.0000107288 96.6875034571 17.4166613817
E47G063013 0.0000107288 -0.0000107288 96.7500096560 17.4166613817
E47G064001 0.0000107288 -0.0000107288 96.0000103712 17.3749905825
E47G064002 0.0000107288 -0.0000107288 96.0625058413 17.3749905825
E47G064003 0.0000107288 -0.0000107288 96.1250013113 17.3749905825
E47G064004 0.0000107288 -0.0000107288 96.1875075102 17.3749905825
E47G064005 0.0000107288 -0.0000107288 96.2500029802 17.3749905825
E47G064006 0.0000107288 -0.0000107288 96.3125091791 17.3749905825
E47G064007 0.0000107288 -0.0000107288 96.3750046492 17.3749905825
E47G064008 0.0000107288 -0.0000107288 96.4375001192 17.3749905825
E47G064009 0.0000107288 -0.0000107288 96.5000063181 17.3749905825
E47G064010 0.0000107288 -0.0000107288 96.5625017881 17.3749905825
E47G064011 0.0000107288 -0.0000107288 96.6250079870 17.3749905825
E47G064012 0.0000107288 -0.0000107288 96.6875034571 17.3749905825
E47G064013 0.0000107288 -0.0000107288 96.7500096560 17.3749905825
E47G065001 0.0000107288 -0.0000107288 96.0000103712 17.3333305120
E47G065002 0.0000107288 -0.0000107288 96.0625058413 17.3333305120
E47G065003 0.0000107288 -0.0000107288 96.1250013113 17.3333305120
E47G065004 0.0000107288 -0.0000107288 96.1875075102 17.3333305120
E47G065005 0.0000107288 -0.0000107288 96.2500029802 17.3333305120
E47G065006 0.0000107288 -0.0000107288 96.3125091791 17.3333305120
E47G065007 0.0000107288 -0.0000107288 96.3750046492 17.3333305120
E47G065008 0.0000107288 -0.0000107288 96.4375001192 17.3333305120
E47G065009 0.0000107288 -0.0000107288 96.5000063181 17.3333305120
E47G065010 0.0000107288 -0.0000107288 96.5625017881 17.3333305120
E47G065011 0.0000107288 -0.0000107288 96.6250079870 17.3333305120
E47G065012 0.0000107288 -0.0000107288 96.6875034571 17.3333305120
E47G065013 0.0000107288 -0.0000107288 96.7500096560 17.3333305120
E47G066001 0.0000107288 -0.0000107288 96.0000103712 17.2916597128
E47G066002 0.0000107288 -0.0000107288 96.0625058413 17.2916597128
E47G066003 0.0000107288 -0.0000107288 96.1250013113 17.2916597128
E47G066004 0.0000107288 -0.0000107288 96.1875075102 17.2916597128
E47G066005 0.0000107288 -0.0000107288 96.2500029802 17.2916597128
E47G066006 0.0000107288 -0.0000107288 96.3125091791 17.2916597128
E47G066007 0.0000107288 -0.0000107288 96.3750046492 17.2916597128
E47G066008 0.0000107288 -0.0000107288 96.4375001192 17.2916597128
E47G066009 0.0000107288 -0.0000107288 96.5000063181 17.2916597128
E47G066010 0.0000107288 -0.0000107288 96.5625017881 17.2916597128
E47G066011 0.0000107288 -0.0000107288 96.6250079870 17.2916597128
E47G066012 0.0000107288 -0.0000107288 96.6875034571 17.2916597128
E47G066013 0.0000107288 -0.0000107288 96.7500096560 17.2916597128
E47G067001 0.0000107288 -0.0000107288 96.0000103712 17.2499996424
E47G067002 0.0000107288 -0.0000107288 96.0625058413 17.2499996424
E47G067003 0.0000107288 -0.0000107288 96.1250013113 17.2499996424
E47G067004 0.0000107288 -0.0000107288 96.1875075102 17.2499996424
E47G067005 0.0000107288 -0.0000107288 96.2500029802 17.2499996424
E47G067006 0.0000107288 -0.0000107288 96.3125091791 17.2499996424
E47G067007 0.0000107288 -0.0000107288 96.3750046492 17.2499996424
E47G067008 0.0000107288 -0.0000107288 96.4375001192 17.2499996424
E47G067009 0.0000107288 -0.0000107288 96.5000063181 17.2499996424
E47G067010 0.0000107288 -0.0000107288 96.5625017881 17.2499996424
E47G067011 0.0000107288 -0.0000107288 96.6250079870 17.2499996424
E47G067012 0.0000107288 -0.0000107288 96.6875034571 17.2499996424
E47G067013 0.0000107288 -0.0000107288 96.7500096560 17.2499996424
E47G068001 0.0000107288 -0.0000107288 96.0000103712 17.2083288431
E47G068002 0.0000107288 -0.0000107288 96.0625058413 17.2083288431
E47G068003 0.0000107288 -0.0000107288 96.1250013113 17.2083288431
E47G068004 0.0000107288 -0.0000107288 96.1875075102 17.2083288431
E47G068005 0.0000107288 -0.0000107288 96.2500029802 17.2083288431
E47G068006 0.0000107288 -0.0000107288 96.3125091791 17.2083288431
E47G068007 0.0000107288 -0.0000107288 96.3750046492 17.2083288431
E47G068008 0.0000107288 -0.0000107288 96.4375001192 17.2083288431
E47G068009 0.0000107288 -0.0000107288 96.5000063181 17.2083288431
E47G068010 0.0000107288 -0.0000107288 96.5625017881 17.2083288431
E47G068011 0.0000107288 -0.0000107288 96.6250079870 17.2083288431
E47G068012 0.0000107288 -0.0000107288 96.6875034571 17.2083288431
E47G068013 0.0000107288 -0.0000107288 96.7500096560 17.2083288431
E47G069001 0.0000107288 -0.0000107288 96.0000103712 17.1666580439
E47G069002 0.0000107288 -0.0000107288 96.0625058413 17.1666580439
E47G069003 0.0000107288 -0.0000107288 96.1250013113 17.1666580439
E47G069004 0.0000107288 -0.0000107288 96.1875075102 17.1666580439
E47G069005 0.0000107288 -0.0000107288 96.2500029802 17.1666580439
E47G069006 0.0000107288 -0.0000107288 96.3125091791 17.1666580439
E47G069007 0.0000107288 -0.0000107288 96.3750046492 17.1666580439
E47G069008 0.0000107288 -0.0000107288 96.4375001192 17.1666580439
E47G069009 0.0000107288 -0.0000107288 96.5000063181 17.1666580439
E47G069010 0.0000107288 -0.0000107288 96.5625017881 17.1666580439
E47G069011 0.0000107288 -0.0000107288 96.6250079870 17.1666580439
E47G069012 0.0000107288 -0.0000107288 96.6875034571 17.1666580439
E47G069013 0.0000107288 -0.0000107288 96.7500096560 17.1666580439
E47G070001 0.0000107288 -0.0000107288 96.0000103712 17.1249979734
E47G070002 0.0000107288 -0.0000107288 96.0625058413 17.1249979734
E47G070003 0.0000107288 -0.0000107288 96.1250013113 17.1249979734
E47G070004 0.0000107288 -0.0000107288 96.1875075102 17.1249979734
E47G070005 0.0000107288 -0.0000107288 96.2500029802 17.1249979734
E47G070006 0.0000107288 -0.0000107288 96.3125091791 17.1249979734
E47G070007 0.0000107288 -0.0000107288 96.3750046492 17.1249979734
E47G070008 0.0000107288 -0.0000107288 96.4375001192 17.1249979734
E47G070009 0.0000107288 -0.0000107288 96.5000063181 17.1249979734
E47G070010 0.0000107288 -0.0000107288 96.5625017881 17.1249979734
E47G070011 0.0000107288 -0.0000107288 96.6250079870 17.1249979734
E47G070012 0.0000107288 -0.0000107288 96.6875034571 17.1249979734
E47G070013 0.0000107288 -0.0000107288 96.7500096560 17.1249979734
E47G071001 0.0000107288 -0.0000107288 96.0000103712 17.0833271742
E47G071002 0.0000107288 -0.0000107288 96.0625058413 17.0833271742
E47G071003 0.0000107288 -0.0000107288 96.1250013113 17.0833271742
E47G071004 0.0000107288 -0.0000107288 96.1875075102 17.0833271742
E47G071005 0.0000107288 -0.0000107288 96.2500029802 17.0833271742
E47G071006 0.0000107288 -0.0000107288 96.3125091791 17.0833271742
E47G071007 0.0000107288 -0.0000107288 96.3750046492 17.0833271742
E47G071008 0.0000107288 -0.0000107288 96.4375001192 17.0833271742
E47G071009 0.0000107288 -0.0000107288 96.5000063181 17.0833271742
E47G071010 0.0000107288 -0.0000107288 96.5625017881 17.0833271742
E47G071011 0.0000107288 -0.0000107288 96.6250079870 17.0833271742
E47G071012 0.0000107288 -0.0000107288 96.6875034571 17.0833271742
E47G071013 0.0000107288 -0.0000107288 96.7500096560 17.0833271742
E47G072001 0.0000107288 -0.0000107288 96.0000103712 17.0416563749
E47G072002 0.0000107288 -0.0000107288 96.0625058413 17.0416563749
E47G072003 0.0000107288 -0.0000107288 96.1250013113 17.0416563749
E47G072004 0.0000107288 -0.0000107288 96.1875075102 17.0416563749
E47G072005 0.0000107288 -0.0000107288 96.2500029802 17.0416563749
E47G072006 0.0000107288 -0.0000107288 96.3125091791 17.0416563749
E47G072007 0.0000107288 -0.0000107288 96.3750046492 17.0416563749
E47G072008 0.0000107288 -0.0000107288 96.4375001192 17.0416563749
E47G072009 0.0000107288 -0.0000107288 96.5000063181 17.0416563749
E47G072010 0.0000107288 -0.0000107288 96.5625017881 17.0416563749
E47G072011 0.0000107288 -0.0000107288 96.6250079870 17.0416563749
E47G072012 0.0000107288 -0.0000107288 96.6875034571 17.0416563749
E47G072013 0.0000107288 -0.0000107288 96.7500096560 17.0416563749
E47G073001 0.0000107288 -0.0000107288 96.0000103712 16.9999963045
E47G073002 0.0000107288 -0.0000107288 96.0625058413 16.9999963045
E47G073003 0.0000107288 -0.0000107288 96.1250013113 16.9999963045
E47G073004 0.0000107288 -0.0000107288 96.1875075102 16.9999963045
E47G073005 0.0000107288 -0.0000107288 96.2500029802 16.9999963045
E47G073006 0.0000107288 -0.0000107288 96.3125091791 16.9999963045
E47G073007 0.0000107288 -0.0000107288 96.3750046492 16.9999963045
E47G073008 0.0000107288 -0.0000107288 96.4375001192 16.9999963045
E47G073009 0.0000107288 -0.0000107288 96.5000063181 16.9999963045
E47G073010 0.0000107288 -0.0000107288 96.5625017881 16.9999963045
E47G073011 0.0000107288 -0.0000107288 96.6250079870 16.9999963045
E47G073012 0.0000107288 -0.0000107288 96.6875034571 16.9999963045
E47G073013 0.0000107288 -0.0000107288 96.7500096560 16.9999963045
E47G074001 0.0000107288 -0.0000107288 96.0000103712 16.9583255053
E47G074002 0.0000107288 -0.0000107288 96.0625058413 16.9583255053
E47G074003 0.0000107288 -0.0000107288 96.1250013113 16.9583255053
E47G074004 0.0000107288 -0.0000107288 96.1875075102 16.9583255053
E47G074005 0.0000107288 -0.0000107288 96.2500029802 16.9583255053
E47G074006 0.0000107288 -0.0000107288 96.3125091791 16.9583255053
E47G074007 0.0000107288 -0.0000107288 96.3750046492 16.9583255053
E47G074008 0.0000107288 -0.0000107288 96.4375001192 16.9583255053
E47G074009 0.0000107288 -0.0000107288 96.5000063181 16.9583255053
E47G074010 0.0000107288 -0.0000107288 96.5625017881 16.9583255053
E47G074011 0.0000107288 -0.0000107288 96.6250079870 16.9583255053
E47G074012 0.0000107288 -0.0000107288 96.6875034571 16.9583255053
E47G074013 0.0000107288 -0.0000107288 96.7500096560 16.9583255053
E47G075001 0.0000107288 -0.0000107288 96.0000103712 16.9166654348
E47G075002 0.0000107288 -0.0000107288 96.0625058413 16.9166654348
E47G075003 0.0000107288 -0.0000107288 96.1250013113 16.9166654348
E47G075004 0.0000107288 -0.0000107288 96.1875075102 16.9166654348
E47G075005 0.0000107288 -0.0000107288 96.2500029802 16.9166654348
E47G075006 0.0000107288 -0.0000107288 96.3125091791 16.9166654348
E47G075007 0.0000107288 -0.0000107288 96.3750046492 16.9166654348
E47G075008 0.0000107288 -0.0000107288 96.4375001192 16.9166654348
E47G075009 0.0000107288 -0.0000107288 96.5000063181 16.9166654348
E47G075010 0.0000107288 -0.0000107288 96.5625017881 16.9166654348
E47G075011 0.0000107288 -0.0000107288 96.6250079870 16.9166654348
E47G075012 0.0000107288 -0.0000107288 96.6875034571 16.9166654348
E47G075013 0.0000107288 -0.0000107288 96.7500096560 16.9166654348
E47G076001 0.0000107288 -0.0000107288 96.0000103712 16.8749946356
E47G076002 0.0000107288 -0.0000107288 96.0625058413 16.8749946356
E47G076003 0.0000107288 -0.0000107288 96.1250013113 16.8749946356
E47G076004 0.0000107288 -0.0000107288 96.1875075102 16.8749946356
E47G076005 0.0000107288 -0.0000107288 96.2500029802 16.8749946356
E47G076006 0.0000107288 -0.0000107288 96.3125091791 16.8749946356
E47G076007 0.0000107288 -0.0000107288 96.3750046492 16.8749946356
E47G076008 0.0000107288 -0.0000107288 96.4375001192 16.8749946356
E47G076009 0.0000107288 -0.0000107288 96.5000063181 16.8749946356
E47G076010 0.0000107288 -0.0000107288 96.5625017881 16.8749946356
E47G076011 0.0000107288 -0.0000107288 96.6250079870 16.8749946356
E47G076012 0.0000107288 -0.0000107288 96.6875034571 16.8749946356
E47G076013 0.0000107288 -0.0000107288 96.7500096560 16.8749946356
E47G077001 0.0000107288 -0.0000107288 96.0000103712 16.8333238363
E47G077002 0.0000107288 -0.0000107288 96.0625058413 16.8333238363
E47G077003 0.0000107288 -0.0000107288 96.1250013113 16.8333238363
E47G077004 0.0000107288 -0.0000107288 96.1875075102 16.8333238363
E47G077005 0.0000107288 -0.0000107288 96.2500029802 16.8333238363
E47G077006 0.0000107288 -0.0000107288 96.3125091791 16.8333238363
E47G077007 0.0000107288 -0.0000107288 96.3750046492 16.8333238363
E47G077008 0.0000107288 -0.0000107288 96.4375001192 16.8333238363
E47G077009 0.0000107288 -0.0000107288 96.5000063181 16.8333238363
E47G077010 0.0000107288 -0.0000107288 96.5625017881 16.8333238363
E47G077011 0.0000107288 -0.0000107288 96.6250079870 16.8333238363
E47G077012 0.0000107288 -0.0000107288 96.6875034571 16.8333238363
E47G077013 0.0000107288 -0.0000107288 96.7500096560 16.8333238363
E47G078001 0.0000107288 -0.0000107288 96.0000103712 16.7916637659
E47G078002 0.0000107288 -0.0000107288 96.0625058413 16.7916637659
E47G078003 0.0000107288 -0.0000107288 96.1250013113 16.7916637659
E47G078004 0.0000107288 -0.0000107288 96.1875075102 16.7916637659
E47G078005 0.0000107288 -0.0000107288 96.2500029802 16.7916637659
E47G078006 0.0000107288 -0.0000107288 96.3125091791 16.7916637659
E47G078007 0.0000107288 -0.0000107288 96.3750046492 16.7916637659
E47G078008 0.0000107288 -0.0000107288 96.4375001192 16.7916637659
E47G078009 0.0000107288 -0.0000107288 96.5000063181 16.7916637659
E47G078010 0.0000107288 -0.0000107288 96.5625017881 16.7916637659
E47G078011 0.0000107288 -0.0000107288 96.6250079870 16.7916637659
E47G078012 0.0000107288 -0.0000107288 96.6875034571 16.7916637659
E47G078013 0.0000107288 -0.0000107288 96.7500096560 16.7916637659
E47G079001 0.0000107288 -0.0000107288 96.0000103712 16.7499929667
E47G079002 0.0000107288 -0.0000107288 96.0625058413 16.7499929667
E47G079003 0.0000107288 -0.0000107288 96.1250013113 16.7499929667
E47G079004 0.0000107288 -0.0000107288 96.1875075102 16.7499929667
E47G079005 0.0000107288 -0.0000107288 96.2500029802 16.7499929667
E47G079006 0.0000107288 -0.0000107288 96.3125091791 16.7499929667
E47G079007 0.0000107288 -0.0000107288 96.3750046492 16.7499929667
E47G079008 0.0000107288 -0.0000107288 96.4375001192 16.7499929667
E47G079009 0.0000107288 -0.0000107288 96.5000063181 16.7499929667
E47G079010 0.0000107288 -0.0000107288 96.5625017881 16.7499929667
E47G079011 0.0000107288 -0.0000107288 96.6250079870 16.7499929667
E47G079012 0.0000107288 -0.0000107288 96.6875034571 16.7499929667
E47G080001 0.0000107288 -0.0000107288 96.0000103712 16.7083328962
E47G080002 0.0000107288 -0.0000107288 96.0625058413 16.7083328962
E47G080003 0.0000107288 -0.0000107288 96.1250013113 16.7083328962
E47G080004 0.0000107288 -0.0000107288 96.1875075102 16.7083328962
E47G080005 0.0000107288 -0.0000107288 96.2500029802 16.7083328962
E47G080006 0.0000107288 -0.0000107288 96.3125091791 16.7083328962
E47G080007 0.0000107288 -0.0000107288 96.3750046492 16.7083328962
E47G080008 0.0000107288 -0.0000107288 96.4375001192 16.7083328962
E47G080009 0.0000107288 -0.0000107288 96.5000063181 16.7083328962
E47G080010 0.0000107288 -0.0000107288 96.5625017881 16.7083328962
E47G080011 0.0000107288 -0.0000107288 96.6250079870 16.7083328962
E47G080012 0.0000107288 -0.0000107288 96.6875034571 16.7083328962
E47G081001 0.0000107288 -0.0000107288 96.0000103712 16.6666620970
E47G081002 0.0000107288 -0.0000107288 96.0625058413 16.6666620970
E47G081003 0.0000107288 -0.0000107288 96.1250013113 16.6666620970
E47G081004 0.0000107288 -0.0000107288 96.1875075102 16.6666620970
E47G081005 0.0000107288 -0.0000107288 96.2500029802 16.6666620970
E47G081006 0.0000107288 -0.0000107288 96.3125091791 16.6666620970
E47G081007 0.0000107288 -0.0000107288 96.3750046492 16.6666620970
E47G081008 0.0000107288 -0.0000107288 96.4375001192 16.6666620970
E47G081009 0.0000107288 -0.0000107288 96.5000063181 16.6666620970
E47G081010 0.0000107288 -0.0000107288 96.5625017881 16.6666620970
E47G081011 0.0000107288 -0.0000107288 96.6250079870 16.6666620970
E47G082001 0.0000107288 -0.0000107288 96.0000103712 16.6249912977
E47G082002 0.0000107288 -0.0000107288 96.0625058413 16.6249912977
E47G082003 0.0000107288 -0.0000107288 96.1250013113 16.6249912977
E47G082004 0.0000107288 -0.0000107288 96.1875075102 16.6249912977
E47G082005 0.0000107288 -0.0000107288 96.2500029802 16.6249912977
E47G082006 0.0000107288 -0.0000107288 96.3125091791 16.6249912977
E47G082007 0.0000107288 -0.0000107288 96.3750046492 16.6249912977
E47G082008 0.0000107288 -0.0000107288 96.4375001192 16.6249912977
E47G082009 0.0000107288 -0.0000107288 96.5000063181 16.6249912977
E47G082010 0.0000107288 -0.0000107288 96.5625017881 16.6249912977
E47G083001 0.0000107288 -0.0000107288 96.0000103712 16.5833312273
E47G083002 0.0000107288 -0.0000107288 96.0625058413 16.5833312273
E47G083003 0.0000107288 -0.0000107288 96.1250013113 16.5833312273
E47G083004 0.0000107288 -0.0000107288 96.1875075102 16.5833312273
E47G083005 0.0000107288 -0.0000107288 96.2500029802 16.5833312273
E47G083006 0.0000107288 -0.0000107288 96.3125091791 16.5833312273
E47G083007 0.0000107288 -0.0000107288 96.3750046492 16.5833312273
E47G083008 0.0000107288 -0.0000107288 96.4375001192 16.5833312273
E47G083009 0.0000107288 -0.0000107288 96.5000063181 16.5833312273
E47G083010 0.0000107288 -0.0000107288 96.5625017881 16.5833312273
E47G084001 0.0000107288 -0.0000107288 96.0000103712 16.5416604280
E47G084002 0.0000107288 -0.0000107288 96.0625058413 16.5416604280
E47G084003 0.0000107288 -0.0000107288 96.1250013113 16.5416604280
E47G084004 0.0000107288 -0.0000107288 96.1875075102 16.5416604280
E47G084005 0.0000107288 -0.0000107288 96.2500029802 16.5416604280
E47G084006 0.0000107288 -0.0000107288 96.3125091791 16.5416604280
E47G084007 0.0000107288 -0.0000107288 96.3750046492 16.5416604280
E47G084008 0.0000107288 -0.0000107288 96.4375001192 16.5416604280
E47G084009 0.0000107288 -0.0000107288 96.5000063181 16.5416604280
E47G085001 0.0000107288 -0.0000107288 96.0000103712 16.4999896288
E47G085002 0.0000107288 -0.0000107288 96.0625058413 16.4999896288
E47G085003 0.0000107288 -0.0000107288 96.1250013113 16.4999896288
E47G085004 0.0000107288 -0.0000107288 96.1875075102 16.4999896288
E47G085005 0.0000107288 -0.0000107288 96.2500029802 16.4999896288
E47G085006 0.0000107288 -0.0000107288 96.3125091791 16.4999896288
E47G085007 0.0000107288 -0.0000107288 96.3750046492 16.4999896288
E47G085008 0.0000107288 -0.0000107288 96.4375001192 16.4999896288
E47G086001 0.0000107288 -0.0000107288 96.0000103712 16.4583295584
E47G086002 0.0000107288 -0.0000107288 96.0625058413 16.4583295584
E47G086003 0.0000107288 -0.0000107288 96.1250013113 16.4583295584
E47G086004 0.0000107288 -0.0000107288 96.1875075102 16.4583295584
E47G086005 0.0000107288 -0.0000107288 96.2500029802 16.4583295584
E47G086006 0.0000107288 -0.0000107288 96.3125091791 16.4583295584
E47G086007 0.0000107288 -0.0000107288 96.3750046492 16.4583295584
E47G087001 0.0000107288 -0.0000107288 96.0000103712 16.4166587591
E47G087002 0.0000107288 -0.0000107288 96.0625058413 16.4166587591
E47G087003 0.0000107288 -0.0000107288 96.1250013113 16.4166587591
E47G087004 0.0000107288 -0.0000107288 96.1875075102 16.4166587591
E47G087005 0.0000107288 -0.0000107288 96.2500029802 16.4166587591
E47G088001 0.0000107288 -0.0000107288 96.0000103712 16.3749986887
E47G088002 0.0000107288 -0.0000107288 96.0625058413 16.3749986887
E47G088003 0.0000107288 -0.0000107288 96.1250013113 16.3749986887
E47G088004 0.0000107288 -0.0000107288 96.1875075102 16.3749986887
E47G089001 0.0000107288 -0.0000107288 96.0000103712 16.3333278894
E47G089002 0.0000107288 -0.0000107288 96.0625058413 16.3333278894
E47G090001 0.0000107288 -0.0000107288 96.0000103712 16.2916570902
E46G083084 0.0000107288 -0.0000107288 95.1875048876 16.5833312273
