96.25988420259674 16.421916011835144 96.26049574419675 16.42217350313814
95.86202664456049 16.502704152127272 95.8622734066515 16.50282216889294
96.25722346435093 16.50522542115724 96.25745949788227 16.505343437922903
95.84531117283869 16.52503078492727 95.84557939270137 16.52514880169294
95.88753994066566 16.539568314506248 95.88771160153432 16.539664873500254
96.09805035518501 16.547936913902742 96.09879064341497 16.5482158629774
96.30232734099289 16.554867723680907 96.30262774718689 16.555307604412242
96.52959635049127 16.588459735124783 96.5299396722286 16.588609938221786
96.23162433773977 16.593105305593447 96.2322251507801 16.593319881353125
96.29614754865668 16.608297285140324 96.29675909025667 16.608501132340326
96.28976391368664 16.60839384413433 96.29017160808664 16.6085118609
96.29615827852096 16.610539603773844 96.29659815925231 16.610657620539513
96.2947635363234 16.612030907488826 96.29497811208309 16.612191839797816
96.29434511051416 16.616408255485574 96.29466697447984 16.616569187794564
96.30685488954606 16.616579920268105 96.30713383862071 16.61673012336511
95.83725384602997 16.6388959645226 95.83745769322996 16.638971066397257
96.70807056417658 16.652349875654238 96.7082636828169 16.6525751806259
96.19941647644907 16.68215462577928 96.19958813731773 16.68263742205394
96.19981344522479 16.68222972895856 96.1999636483218 16.68270179602123
96.23334094455531 16.689224902593196 96.23381301161798 16.68941802123352
96.0392455948256 16.697292959678215 96.03962110289427 16.697443162775215
96.03899883175613 16.69772211348065 96.03928850939046 16.697850858805996
96.03898810278446 16.698011793398074 96.03923486487548 16.698161996495077
96.04786081978365 16.703204526933266 96.04837580238964 16.70339764557359
96.0512082071346 16.70491041162641 96.05175537607192 16.705103530266737
96.0462515022384 16.70498550763027 96.04671284074139 16.705200083389943
96.04844017570463 16.704985513501068 96.04898734464196 16.70523227559208
96.05073613778883 16.705189359396446 96.05110091729782 16.70538247803677
96.0512618489545 16.70522154442316 96.0517124582455 16.705414663063486
96.04798956347821 16.705393206596447 96.04854746097521 16.705586325236773
96.04992074661992 16.70562923882316 96.05031771246024 16.705822357463486
96.04967398518122 16.70572580042641 96.04992074727222 16.705918919066736
96.05083269906592 16.705886729800003 96.05131549534059 16.706090577
96.0427109942902 16.70804321856567 96.04312941724987 16.708214879434333
96.04340836991224 16.708064676011176 96.04378387798091 16.708225608320163
96.04318306265749 16.70807540522316 96.04381606202915 16.708225608320163
96.04178831565343 16.708150506445506 96.0425393344 16.708332895873845
96.35068224653027 16.712270508886895 96.35089682228995 16.71237779709289
96.27024822755094 16.712957148121532 96.27068810828227 16.713107351218536
96.26982980393895 16.713976387383088 96.27040915920762 16.714169506023413
96.3549201235774 16.717420329488014 96.35525271610274 16.717559804025342
96.02757266039127 16.71925495591879 96.0279159821286 16.71941588822778
96.01404363890494 16.72803111164088 96.01460153640194 16.728256416612542
96.02993299676892 16.733030736646572 96.03030850483759 16.73323458384657
96.03080203032424 16.733620815908733 96.03144575825557 16.733889035771405
96.03444981669375 16.734768800495633 96.03496479929976 16.734940461364296
96.10877915377739 16.752836237412545 96.10911174630273 16.753018626840884
96.13453921293788 16.769422963311175 96.13498982222889 16.76963753907085
96.73932355895424 16.780398525625344 96.73975271112589 16.780570186494007
95.99932351501609 16.781771814291265 95.99960246409076 16.781911288828596
96.20493107949457 16.78389611150711 96.20517784158558 16.784003399713104
96.11089272830436 16.785913126147435 96.1111287618357 16.78604187147278
96.11090345555941 16.78610624935394 96.11118240463408 16.78623499467928
96.18238966291199 16.79918479732641 96.18286172997465 16.799377915966737
96.42834824370979 16.806630583273286 96.42874520955012 16.806834430473288
96.4458685830455 16.836199293770036 96.4462333625545 16.836403140970035
96.44577202242071 16.836499699637887 96.44630846214606 16.836746461728897
96.02967550253052 16.859266216653936 96.02999736649619 16.85939496197928
96.02970768657877 16.8594486073869 96.02997590644145 16.85955589559289
96.07433970469593 16.861154480664602 96.07452209412428 16.86160508995561
95.81838188554251 16.871175183881462 95.81876812217085 16.871325386978466
96.23520775209894 16.873707180063484 96.23557253160793 16.873921755823158
96.23696727837167 16.878792768671406 96.23748226097766 16.879136090408732
96.14056879891554 16.88795516419756 96.14113742562452 16.88818046916922
96.1427682029842 16.888191198381207 96.14340120235586 16.888437960472217
96.78450274657521 16.88836286316374 96.78476023787822 16.888480879929407
96.13654550097547 16.890465702367596 96.13711412768446 16.890691007339257
96.13660987526892 16.89119526660406 96.13718923053759 16.891420571575722
96.04062960609457 16.894778683246315 96.04087636818558 16.894875242240325
96.51318128537548 16.895443868623158 96.51374991208446 16.895636987263483
96.51336367219457 16.896763509512542 96.51381428148558 16.89694589894088
96.51291306453433 16.89891999697359 96.51335294526568 16.899134572733264
95.93848049601823 16.9009799281357 95.93913495316156 16.901151589004368
96.5763419378169 16.902589248290198 96.57655651357658 16.903211518449872
96.07421096067522 16.90464918010462 96.0744684519782 16.90519634904195
95.95189149258502 16.90659108887059 95.95259959578826 16.90691295283626
96.06488763471117 16.907234822020417 96.06513439680218 16.907352838786085
95.95072205153107 16.907696160849568 95.9513657794624 16.907996567043575
95.94991739716156 16.908007292994007 95.95068987041823 16.90833988551935
95.9463017873387 16.90826478658009 95.94677385440137 16.908479362339765
95.94581899073788 16.908447174377653 95.9462696000289 16.90868320790899
96.4973024534899 16.909359123150125 96.49771014788989 16.9095736989098
95.94150601181609 16.910206698693447 95.94198880809076 16.91042127445312
95.94334063694225 16.91093625738527 95.94390926365124 16.911204477247942
95.94187079067277 16.911000631352564 95.94235358694743 16.911279580427223
95.94287930039619 16.911172291242764 95.94337282523051 16.911461968877095
96.06803117355749 16.91173018547821 96.06838522385449 16.911880388575213
96.24498169011773 16.911794560750128 96.24521772364906 16.9124168309098
96.06781659640735 16.912094964334887 96.06814918893271 16.91224516743189
96.5552810928161 16.91296399919482 96.55556004189076 16.913114202291823
96.55540984107685 16.91347898049619 96.55562441683652 16.91356481093052
95.92023059277221 16.915968062765668 95.9207992194812 16.916204096297
96.53626966146486 16.915463811002436 96.53662371176186 16.915646200430775
96.53476762723326 16.916461587926154 96.5351645930736 16.916643977354493
96.05889002293927 16.917191284108736 96.0590724123676 16.917663351171406
96.53482127720707 16.917480962721534 96.53514314117274 16.917631165818538
96.53798626982535 16.9174809607646 96.53845833688801 16.91772772285561
96.53811501645531 16.9180174037515 96.53838323631798 16.918167606848503
96.53575468277273 16.918189067229406 96.53624820760707 16.918478744863737
96.53917716547522 16.918575304510057 96.53963850397822 16.91878988026973
96.53969215101661 16.918596761955563 96.54009984541662 16.918768422824225
96.54002474484658 16.91875769002453 96.54063628644658 16.91900445211554
96.5308623440161 16.91885424804007 96.53134514029077 16.91905809524007
96.53872655748883 16.918961536108736 96.5392522686545 16.919229755971404
96.51187237402424 16.919025908119096 96.51231225475557 16.91919756898776
96.53448868142017 16.919004450158607 96.53511095157984 16.919261941461603
96.51228006614114 16.919122473310058 96.51273067543215 16.919337049069732
96.5308623440161 16.919283404314424 96.53134514029077 16.919530166405433
96.53812574729808 16.919444334992637 96.53868364479509 16.91972328406729
96.5309481747766 16.91972328504576 96.53134514061692 16.919905674474098
96.141985001494 16.920270454446573 96.14225322135667 16.92088199604657
96.51707584190407 16.919980771919906 96.51750499407574 16.920173890560232
96.51664668655668 16.92013097879345 96.51712948283134 16.920345554553123
96.10951943972427 16.920635232187454 96.11015243909593 16.920860537159115
96.53746055865967 16.92038846762453 96.53796481205369 16.92063522971554
96.53853343843652 16.92045283949756 96.53893040427684 16.92067814446922
96.51558453688446 16.920538671047687 96.51603514617548 16.920774704579024
96.53689193195069 16.92097855425094 96.53742837167603 16.921214587782277
96.53827594680737 16.921139483435702 96.53860853933271 16.921311144304365
96.54021786316075 16.92152572090518 96.54064701533241 16.921783212208176
96.53973506590762 16.92159009356785 96.54017494663896 16.92183685565886
96.54016421905776 16.922051431418538 96.54061482834877 16.922308922721534
96.53856562517984 16.92210507859426 96.5389947773515 16.922341112125597
96.53963850430438 16.922126534597815 96.54007838503571 16.922373296688825
95.93605557119294 16.92280244867166 95.93654909602726 16.923038482202998
96.5379970000158 16.922212366989083 96.53838323664414 16.92239475641742
95.93659201613677 16.922834632908735 95.93680659189644 16.923306699971405
96.53650569891006 16.92224455299426 96.53692412186973 16.922480586525598
96.54007838601417 16.922630786361044 96.54050753818584 16.92286681989238
96.53958485824444 16.922705888561858 96.54022858617579 16.922963379864854
96.53348017593677 16.922899004919095 96.53389859889646 16.92307066578776
96.516904178512 16.92293119367085 96.51737624557467 16.923124312311174
96.5381150128676 16.92294192470244 96.53854416503927 16.923124314130778
96.54629036109401 16.92296338084332 96.54662295361936 16.923167228043322
96.53762148803327 16.92298483600574 96.53801845387359 16.9231564968744
96.53720307029208 16.923049212582274 96.53756784980108 16.92322087345094
96.53511095223216 16.923070671332404 96.53547573174114 16.923253060760743
96.53622674787847 16.92309212617553 96.53668808638147 16.92318868516954
96.53593706665643 16.923124314783088 96.53644132005044 16.923317433423414
96.5355079164417 16.923135043668918 96.53622674363845 16.923306704537584
96.53631257863896 16.923135043016607 96.53668808670763 16.92333889021661
96.5352396982098 16.923188683205737 96.53563666405013 16.923360344074403
95.9363237962741 16.92380022545805 95.93675294844576 16.924143547195378
96.54259965689808 16.923242329591822 96.54315755439508 16.92349982089482
96.54339358564333 16.9232423312226 96.54400512724332 16.92352128029726
96.5353469857635 16.92328524709208 96.53576540872317 16.92344617940107
96.54225633418228 16.923285244808987 96.54263184225094 16.923456905677654
96.5411083509 16.923338888911985 96.5415160453 16.923607108774657
96.54188082611361 16.92342472130325 96.5421919615196 16.92362856850325
96.54027150726374 16.923478361818535 96.54079721842942 16.92373585312153
96.54103324967765 16.923521281275725 96.54126928320899 16.923703670704064
96.53720306703053 16.923768037495936 96.5375249309962 16.923950426924275
96.53765367860463 16.92376804206211 96.53799700034196 16.9239289743711
96.53809355672672 16.923843139370593 96.53829740392672 16.92396115613626
96.53645205415475 16.923864598446876 96.53700995165175 16.92407917420655
96.5355830179902 16.923928975023415 96.53600144094987 16.92414355078309
96.53498220690682 16.92398261325561 96.53540062986649 16.9241435455646
96.5352075102477 16.923982617495632 96.53585123817903 16.924154278364295
96.5348856472605 16.924004074288828 96.53520751122616 16.924165006597814
96.54339358629564 16.92400407396267 96.5439729415643 16.92428302303733
96.53962777737547 16.924111362820973 96.54019640408447 16.92434739635231
96.5405719079131 16.924240108146318 96.54107616130712 16.924540514340325
96.54150531543571 16.924261566896444 96.54188082350437 16.92445468553677
96.54211685801418 16.924401040455308 96.54254601018583 16.924669260317977
96.54328629841581 16.924701445997 96.54387638224414 16.924969665859674
96.53865145528802 16.924776547545505 96.53913425156267 16.925023309636515
96.5422563318992 16.92477654787166 96.54284641572754 16.925012581402996
96.54604359835069 16.924787276843322 96.54637619087603 16.92499112404332
96.53805064607573 16.924840920860486 96.53843688270408 16.925023310288825
96.53668808833841 16.924958936973844 96.5371494268414 16.925184241945505
96.5402822351711 16.924958937626155 96.54073284446211 16.925205699717164
96.53487491609158 16.925055497684458 96.53543281358859 16.92530225977547
96.54523894202423 16.92505549833677 96.54567882275556 16.925270074096446
96.54678388853759 16.92513059629756 96.54722376926892 16.92535590126922
96.54221341863897 16.9251520527646 96.54279277390762 16.925398814855612
96.53408098799864 16.925173510210104 96.53455305506131 16.925377357410106
96.54610797394876 16.925291531215795 96.54647275345775 16.925473920644134
96.53222490371037 16.925355901921534 96.53253603911637 16.925506105018535
96.53152753298066 16.925377360345504 96.531860125506 16.925538292654494
96.53188158197304 16.925377358714726 96.53218198816704 16.925516833252058
96.54232070390955 16.925516833904368 96.54281422874388 16.9257528674357
96.12378874600736 16.925956713004926 96.1241213385327 16.92610691610193
96.15110448017222 16.92605327786973 96.1516731068812 16.926246396510056
96.53201032892916 16.92567776523489 96.53239656555749 16.925827968331895
96.53196741208122 16.925688495751498 96.53221417417222 16.9258386988485
96.53346944346323 16.92570995058776 96.53386640930356 16.925945984119096
96.53093744850001 16.9257528674357 96.53134514290001 16.925924528304368
96.53137732760057 16.925752869718792 96.53169919156623 16.92591380202778
96.53973506460301 16.92594598933758 96.540239317997 16.926182022868918
96.1235848984812 16.926439511888827 96.12403550777222 16.926600444197817
96.53635549222535 16.926096189499187 96.53682755928801 16.926278578927526
96.53512168046568 16.92613910504251 96.53549718853434 16.926321494470848
96.54072211166242 16.92614983164525 96.54130146693109 16.926407322948247
96.53475689997822 16.926160566075723 96.53511095027523 16.926342955504065
96.53427410566049 16.926235662405738 96.53459596962617 16.9264073232744
96.53398442802616 16.926289310096443 96.53427410566049 16.92648242873677
96.53952048525562 16.926332222052057 96.5400891119646 16.926600441914726
96.54430553245886 16.9263751359646 96.54487415916786 16.92662189805561
96.54248163556623 16.926385868764296 96.54297516040056 16.926621902295633
96.54359743447411 16.92640732555749 96.54402658664577 16.926632630529152
96.53163481759894 16.926718461615796 96.53199959710793 16.926900851044135
96.54047535413758 16.92673992036592 96.54111908206893 16.92701886944058
96.53931664294795 16.92678283264769 96.53986381188528 16.927018866179026
96.51487643172428 16.926847206288826 96.51530558389594 16.927008138597817
96.54560371664088 16.926825748517164 96.54582902161255 16.927351459682832
96.5153270475384 16.92685793223926 96.5157883860414 16.927040321667597
96.53121639790082 16.926965220119094 96.53164555007248 16.92713688098776
96.54447719634877 16.92709397033677 96.54504582305775 16.927308546096445
96.54325410947523 16.927126157646573 96.54371544797822 16.92733000484657
96.54270694445177 16.927147613787454 96.54316828295475 16.927372918759115
96.54026077283326 16.92719052639538 96.5408615858736 16.927458746258047
96.539016234797 16.927319271394566 96.539531217403 16.927566033485576
96.52820160740107 16.927405106068917 96.52865221669208 16.927576766937584
96.54365107433708 16.92739437261691 96.54416605694307 16.927608948376587
96.54001401074225 16.927694778158607 96.54058263745125 16.927952269461603
96.54557153454958 16.927694784355563 96.54587194074358 16.927866445224225
96.53865145594033 16.927973729190196 96.53905915034034 16.928188304949874
96.53581905445694 16.928027375250128 96.53633403706293 16.928241951009802
96.53801845843978 16.928048832695634 96.5384154242801 16.928220493564297
96.53637695325857 16.928059557667595 96.53684902032124 16.928284862639256
96.53428483552479 16.92807029079345 96.53484273302179 16.928284866553124
96.53466034587655 16.92813465888994 96.53533625752998 16.928327777530267
96.53959558941337 16.92822049193352 96.54000328381336 16.928435067693194
96.5175049931831 16.928381425873287 96.51790195902342 16.928585273073285
96.53743909925724 16.928381423590196 96.5379648104229 16.928595999349874
96.53822230335669 16.928435070628595 96.53862999775669 16.928703290491264
96.15049293857221 16.928832030924276 96.15106156528121 16.929057335895937
96.54102251981337 16.92870328788202 96.54163406141336 16.92897150774469
96.53943465743053 16.928735471930267 96.5399603685962 16.92895004768994
96.54026077348558 16.928735473561044 96.54082940019457 16.92897150709238
96.53555083426811 16.928832035164298 96.53610873176511 16.92906806869563
96.53481054832123 16.928907132798933 96.53515387005856 16.92906806510792
96.53637695195394 16.929025150216912 96.53691339167929 16.929239725976586
96.1502139891714 16.929604509073286 96.15076115810874 16.929808356273284
96.51843839516106 16.929465032579024 96.51887827589239 16.929636693447687
96.53885530142372 16.9294650312744 96.53937028402972 16.929701064805737
96.5395526777839 16.929497216953425 96.54008911750925 16.929701064153427
96.5340273448741 16.92957232404657 96.53445649704577 16.929776171246573
96.53728889746486 16.929765436816098 96.53784679496187 16.930044385890756
96.49702349887059 16.929861998745505 96.49734536283626 16.930022931054495
96.53849052363134 16.9298405383646 96.53903769256867 16.93008730045561
96.53574395388691 16.92990491624576 96.5360550892929 16.9300873056741
96.53467107378391 16.930055119102438 96.53500366630925 16.930237508530777
96.53618383266131 16.930055115840883 96.53673100159864 16.930280420812544
96.53520750861692 16.930162404939512 96.53562593157659 16.930387709911173
96.53682755961418 16.93023750681417 96.53725671178583 16.93046281178583
96.53809356096674 16.93034479314906 96.53830813672641 16.930516454017724
96.51867442706161 16.930505726436515 96.51902847735862 16.93069884507684
96.4768748131229 16.93060228934439 96.47736833795723 16.9308490514354
96.5339200553635 16.930613014882834 96.53433847832316 16.930827590642508
96.51902847833708 16.930709575267294 96.51933961374307 16.930838320592635
96.53443503894795 16.9308919656741 96.53498220788528 16.93111727064576
96.47587703578719 16.930967063961045 96.47640274695287 16.931203097492382
96.53522897160707 16.93095633344444 96.53575468277273 16.931192366975772
96.51661450022534 16.930977790889944 96.51705438095668 16.931170909530266
96.51873880200736 16.931020708390196 96.51907139453272 16.93123528414987
96.53740691357822 16.931278203280904 96.53776096387521 16.93151423681224
96.49139088166866 16.931342575291264 96.49165910153133 16.931482049828592
96.53779314890194 16.93142840344251 96.53805064020493 16.93161079287085
96.53909133341011 16.93150350792641 96.53949902781011 16.931696626566733
96.47595213872616 16.931642982789892 96.47647784989182 16.931846829989894
96.5322892796346 16.93162152110437 96.53283644857193 16.9318575546357
96.53629112184576 16.93164297854987 96.53667735847411 16.931836097190196
96.47551225986592 16.9318146433324 96.47599505614058 16.93199703276074
96.53281499145257 16.93182536960899 96.53309394052722 16.931997030477653
96.53754638909402 16.932039946020975 96.53808282881936 16.932275979552312
96.53249312618229 16.932061401183393 96.53286863425095 16.93226524838339
96.51692563563134 16.932104319009802 96.51723677103733 16.932297437650128
96.53890894976674 16.932093589797816 96.53932737272642 16.932340351888826
95.9314529209196 16.93276950308202 95.93195717431361 16.933037722944693
96.53220344463408 16.932233066292078 96.53253603715943 16.932393998601068
96.53674173178909 16.932275978247688 96.53712796841742 16.932512011779025
95.93081991845804 16.932951895771915 95.93136708739537 16.933220115634587
96.53747128852397 16.932426179387758 96.53800772824933 16.932662212919094
96.54091523519509 16.93247982544769 96.54117272649808 16.932715858979023
96.54122636929645 16.932565655555866 96.54141948793678 16.932748044984205
96.53622674820463 16.932576382810918 96.53657006994196 16.93280168778258
96.49206679625749 16.93265148729482 96.49249594842915 16.932801690391823
96.53564739065287 16.932608571099188 96.53593706828721 16.932790960527527
96.53672027401743 16.932662218137583 96.53714942618909 16.93289825166892
96.5188246347248 16.93274804824576 96.5191786850218 16.9329304376741
96.53738545906812 16.93282314979426 96.53794335656512 16.933059183325597
96.53886603422342 16.932823150772727 96.5392844571831 16.93311282840706
96.51843839646567 16.932844605608988 96.51881390453434 16.933016266477654
95.93100231245256 16.933488335171102 95.93128126152722 16.933938944462113
96.49155181332534 16.932994806096747 96.492023880388 16.93319865329675
96.51843839581336 16.933091368678465 96.51864224301336 16.933552707181462
96.49612228028857 16.933220114329963 96.49658361879156 16.933423961529964
96.5357546778804 16.93323084060655 96.5362696604864 16.933423959246877
96.53943465873515 16.933252298052057 96.53969215003815 16.933520517914726
96.5171080253 16.933327399926714 96.5175157197 16.933531247126712
96.52862002807765 16.93340250310599 96.52885606160899 16.93368145218065
96.53924153879021 16.933670723620974 96.53965996174988 16.93390675715231
96.51869588483326 16.93371363753352 96.51888900347359 16.934132060493194
96.53558301831636 16.93379947025094 96.53608727171037 16.934035503782276
96.53018643040575 16.933885298402185 96.5305619384744 16.93404623071117
96.50703368067522 16.933917482124276 96.50749501917822 16.934142787095936
96.53903769550406 16.933960397667597 96.53946684767573 16.934185702639258
96.53724598453078 16.933981855765413 96.53767513670245 16.934250075628086
96.50652942891199 16.93404622875424 96.50700149597466 16.9342715337259
96.52949978986649 16.934164250738394 96.52969290850682 16.934625589241392
96.49169129079807 16.934207164324786 96.49204534109506 16.93435736742179
96.53868364227166 16.934196430872777 96.539026964009 16.934475379947433
96.5292422992158 16.934346637883646 96.52942468864414 16.93465777328964
96.53026153423734 16.93492599478309 96.53079797396268 16.935119113423415
96.53727816694825 16.934958178179023 96.53763221724526 16.93512983904769
96.49674455377846 16.935322961275723 96.49720589228146 16.935505350704062
96.53778241968995 16.935344414481207 96.53817938553027 16.935591176572217
96.4964334205869 16.9356126356485 96.49694840319289 16.93583794062016
96.53756784914876 16.935677008311174 96.53793262865776 16.93589158407085
96.51179726823571 16.936513852685575 96.51217277630437 16.936674784994565
95.88869865120299 16.938005157379024 95.888999057397 16.938176818247687
96.12315575072122 16.937801313114424 96.12370291965856 16.938048075205433
96.12417498589726 16.938337749904367 96.12471142562259 16.938573783435704
95.88706787229837 16.938627431452566 95.88772232944169 16.93890638052722
96.53456378492561 16.938048074553123 96.53493929299427 16.93824119319345
95.88802273498338 16.93877762933108 95.88843042938339 16.939217510062416
96.50914725324526 16.938348476833266 96.50940474454825 16.93874544267359
96.41464756363789 16.93844504104576 96.4150981729289 16.9386274304741
96.53432775204658 16.938605969440882 96.53473544644658 16.938831274412543
95.88858063476347 16.939410627724275 95.88920290492315 16.939635932695936
95.88710005960817 16.939475005279277 95.88765795710518 16.939753954353936
96.49149816791773 16.93894929280899 96.49193804864906 16.939120953677655
95.8884626144101 16.940043627422092 95.88912780207004 16.94031184728476
95.88717516343976 16.940279664541137 95.88777597648009 16.940526426632147
95.88710005667276 16.940665899212544 95.88737900574743 16.941255983040882
95.88874156348476 16.94070881801742 95.88928873242209 16.94093412298908
95.88769014604576 16.94092338921092 95.8882802298741 16.94114869418258
95.88403162394113 16.94145983293596 95.88427838603214 16.941942629210615
96.41913220375449 16.941352543099185 96.41948625405149 16.941534932527524
96.41940042361716 16.941524204208175 96.41975447391417 16.9417173228485
96.41974374241909 16.941642218124276 96.42011925048776 16.941867523095937
95.90246370393757 16.942425421571407 95.9029035846689 16.942564896108735
96.47102762138009 16.94260781067359 96.47124219713976 16.943026233633265
96.53876947327248 16.942693641434076 96.53895186270081 16.94302623395942
96.4705770092395 16.944024017080093 96.4711456359485 16.944238592839767
96.46993328154849 16.944099114062418 96.4703946200515 16.94427077493108
96.46755148552808 16.9452256405515 96.46789480726541 16.945375843648502
96.35628268425013 16.94546167571361 96.35690495440981 16.945772811119603
96.46948267225748 16.945493859435704 96.46991182442915 16.945665520304367
96.4677124227294 16.9455045863646 96.46820594756373 16.94575134845561
96.46998692467302 16.94553677400056 96.47028733086704 16.945654790766227
96.47029805975286 16.945547505495632 96.4707915845872 16.945719166364295
96.51107844225776 16.946148315274403 96.51152905154876 16.946384348805736
96.5044265848158 16.94658819739619 96.50460897424414 16.94708172223052
96.51284868893627 16.946652570625343 96.5131383665706 16.94679204516267
96.50701222551281 16.946738398210105 96.50750575034714 16.946942245410106
96.51231225214633 16.94691006266648 96.51261265834033 16.947103181306804
96.50721607271281 16.947307030137583 96.50770959754713 16.947543063668917
96.53153825893109 16.950096517296444 96.53177429246242 16.95028963593677
96.53181721289808 16.950278905746316 96.53217126319508 16.950579311940324
96.28331590214006 16.950847528867595 96.28392744374007 16.951072833839255
96.27934625050025 16.95113721008964 96.27986123310625 16.951437616283645
96.57736117805693 16.951180126611426 96.57767231346293 16.95133032970843
96.57723242914388 16.951383970549873 96.57755429310954 16.9515770891902
96.50242029588559 16.95174875005886 96.50278507539457 16.95190968236785
96.2783484716196 16.953111308534332 96.2788527250136 16.95334734206567
96.27767255661878 16.95312203905094 96.27803733612778 16.953358072582276
96.27867033623758 16.953368796575774 96.27911021696892 16.953744304644438
96.27898146577277 16.953669207009803 96.27946426204743 16.954066172850126
96.28246832855368 16.954023254371407 96.28298331115967 16.954366576108733
96.28189970412778 16.954141271789386 96.28235031341879 16.95442022086404
96.28296185412616 16.954409490999744 96.28338027708583 16.95470989719375
96.28081609676973 16.95443095268527 96.28141690981005 16.954699172547944
96.28198553195287 16.954484597114423 96.2824790567872 16.954731359205436
96.28111649970218 16.95468844170518 96.28168512641116 16.954945933008176
96.28350902502041 16.954795731215796 96.28383088898607 16.954978120644135
96.2823824984455 16.954806461406246 96.28295112515448 16.955106867600254
96.28026892294007 16.95484937173108 96.28067661734006 16.955289252462418
96.28188897687272 16.95523561325175 96.28238250170706 16.955493104554748
96.28211427793052 16.955493103576284 96.28263998909618 16.955793509770288
96.28130961540711 16.95576131919893 96.28162075081309 16.956126098707923
96.28157783755286 16.956008086834586 96.2818675151872 16.956351408571916
96.57870227737028 16.959076664046574 96.57921725997628 16.959280511246575
96.56108537560738 16.95951654184251 96.56141796813272 16.95969893127085
96.56105318912154 16.960052979284765 96.56140723941854 16.960192453822092
96.55933658141336 16.960106624692383 96.55974427581336 16.960278285561046
96.61327046729674 16.961608659679282 96.61347431449674 16.96209145595394
96.6136137932741 16.961683759270848 96.61383909824575 16.96211291144251
96.57774741403296 16.96284246709594 96.57825166742697 16.963024856524278
96.57418545418389 16.96411919766049 96.57451804670924 16.9643659597515
96.58123427200735 16.969505051895936 96.5817707117327 16.969687441324275
96.58130937420817 16.969805460699188 96.58186727170518 16.969987850127527
96.58139520529481 16.97010586885013 96.58195310279181 16.970320444609804
96.58168488064605 16.97243401433027 96.58216767692072 16.972648590089946
96.58178143931391 16.972841708730268 96.58230715047958 16.973056284489946
96.58399157707491 16.97286317237273 96.58476405033159 16.97315285000706
96.5818458168689 16.97322795025094 96.58242517213758 16.973463983782278
96.58415250220847 16.973356696228596 96.58494643649837 16.973624916091268
96.58197456121579 16.973764391280906 96.58256464504413 16.974000424812242
96.58188872947683 16.974054063370595 96.58210330523652 16.97437592733626
96.5820603874101 16.97431156054439 96.5826719290101 16.974558322635403
96.58219986357821 16.974869457389083 96.58275776107521 16.975051846817422
96.58233934235555 16.9751376769256 96.58291869762422 16.975309337794265
96.58245735292427 16.97538443738583 96.58288650509593 16.97556682681417
96.58232861249125 16.975502452520722 96.58246808702859 16.975835045046065
96.48645563063026 16.976650437759933 96.48687405358994 16.97685428495993
96.58268266278826 16.976682622134334 96.58340148998501 16.97691865566567
96.48594065095968 16.97683282816674 96.48644490435368 16.977047403926413
96.58281140615667 16.97729416642941 96.58359460992996 16.97758384406374
96.57045182670274 16.977637487514425 96.57093462297739 16.977884249605438
96.58291869403651 16.977798417454498 96.58331565987683 16.977991536094823
96.58299379525886 16.978173923978215 96.58335857476784 16.97832412707522
96.59452725409156 16.97837777509208 96.59488130438857 16.978538707401068
96.57741481857221 16.978538703161046 96.5775757508812 16.97897858389238
96.59459162903732 16.978699636122347 96.59492422156266 16.978871296991013
96.57488282630406 16.978806924002185 96.57531197847572 16.978967856311176
96.59395862999182 16.978914213186645 96.59441996849482 16.979118060386647
96.58386282620492 16.979289721581466 96.58421687650193 16.979439924678466
96.59439850844007 16.97939700978746 96.59480620284006 16.97962231475912
96.58511809582208 16.979547213536772 96.58559016288476 16.979761789296447
96.59597564593676 16.97965449978583 96.59639406889644 16.97983688921417
96.58423833916592 16.979686686443323 96.58472113544057 16.979890533643324
96.58347659446892 16.97977251589919 96.58385210253758 16.979954905327528
96.58472113291715 16.97996563258258 96.58517174220817 16.98014802201092
96.58338003514875 16.980137297038954 96.58374481465773 16.98030895790762
96.58347659446892 16.98051280217222 96.58385210253758 16.98067373448121
96.58537559169126 16.98066300918309 96.5857189134286 16.980856127823415
96.58627681190406 16.980823935947434 96.58650211687572 16.98095268127278
96.58622316649644 16.981049240919095 96.58662013233676 16.98122090178776
96.58615879024606 16.981467667466482 96.58664158652071 16.981660786106808
96.57862717647409 16.981617872194263 96.57926017584575 16.9818539057256
96.58428125373077 16.981757345753124 96.58471040590243 16.98195046439345
96.58231788001771 16.981982650072474 96.58275776074905 16.982165039500813
96.58183508602615 16.98205775064251 96.58232861086049 16.98224014007085
96.57590206002097 16.982089937952313 96.5763419407523 16.982261598820976
96.57794053169481 16.98210066846892 96.57829458199181 16.982272329337587
96.58780029575342 16.982175770669734 96.58820799015342 16.98236888931006
96.58614806331715 16.982293782869224 96.58667377448283 16.982476172297563
96.5816634228744 16.982368885722348 96.58210330360573 16.98254054659101
96.58412032305256 16.982422526889945 96.58460311932721 16.98261564553027
96.57872373318502 16.98250836099782 96.57937819032833 16.98275512308883
96.58092313823214 16.982508359693195 96.58128791774114 16.98270147833352
95.8192509201621 16.983645614089642 95.8194118524711 16.983742173083648
96.68198864697573 16.982991156534332 96.68217103640407 16.983366664602997
96.57809073609644 16.98321646126567 96.57848770193677 16.983388122134333
96.58609441954032 16.983377396510058 96.58660940214631 16.983591972269732
96.57737190237658 16.983506136943067 96.57756502101691 16.983602695937076
96.58100896801416 16.983549053464856 96.58143812018582 16.98369925656186
96.58188873208609 16.983591970638955 96.58238225692041 16.98376363150762
96.57890612098257 16.9836348845515 96.57929235761091 16.983785087648503
96.5803866985068 16.98370998381691 96.58100896866648 16.98392455957659
96.58621243565368 16.983774358436516 96.58672741825967 16.983967477076842
96.58755353855474 16.98390310506648 96.58790758885175 16.984096223706807
96.58704928059456 16.98401039066323 96.58749988988556 16.984203509303555
96.58648065355942 16.984096224359117 96.58696344983407 16.984278613787456
96.5625768896485 16.984364443895632 96.56296312627684 16.9845361047643
96.58452801321253 16.98505108313027 96.58491424984088 16.985265658889944
96.58462457285886 16.985684088046575 96.58498935236784 16.985887935246573
96.22120667300844 16.991381079541952 96.22146416431143 16.991649299404624
95.98015115389644 16.995103974635402 95.98075196693677 16.995264906944392
95.97931430699863 16.99521126023215 95.97978637406129 16.99537219254114
95.98098799916347 16.995393649334332 95.98161026932316 16.99562968286567
95.97920701618338 16.996563090714425 95.97996875892346 16.996809852805438
96.26729780514768 16.99660600462697 96.26753383867901 16.99671329283296
96.3056747230395 17.0082361609259 96.30596440067384 17.00841855035424
96.30419414755805 17.009233941111173 96.30474131649537 17.009480703202183
96.30347531644743 17.009276858285272 96.30401175617277 17.009545078147944
96.3027135763166 17.009330502714423 96.3033251179166 17.009577264805436
96.30271357305504 17.00975965162453 96.3034216762583 17.01000641371554
96.30277794637003 17.01029609167603 96.30338948797002 17.010575040750687
96.29024671159208 17.013589832640882 96.29081533830106 17.013815137612543
96.15718771155748 17.01416918758339 96.15782071092914 17.014373034783393
96.15698386403133 17.014791458721533 96.15732718576866 17.014941661818536
96.1565976251199 17.01600381107877 96.15719843816024 17.01627203094144
96.16154360276104 17.016143286594566 96.16218733069238 17.016390048685576
96.15765977992478 17.016229119311987 96.15821767742179 17.01649733917466
96.15713406712834 17.016765557732707 96.15778852427165 17.017044506807366
96.30095404915124 17.01843925054987 96.30140465844225 17.018632369190197
96.30044979477877 17.018460707669224 96.30092186184143 17.018643097097563
96.30144757920405 17.018525084571916 96.30187673137571 17.01879330443459
96.30183381028776 17.018728930141137 96.3022736910191 17.01897569223215
96.29512831265667 17.018836218759116 96.29573985425667 17.019018608187455
96.30222004691609 17.018922047476842 96.30270284319074 17.019179538779838
96.30263847444195 17.0190722509 96.30311054150462 17.019351199974658
96.29507466953214 17.019179539105995 96.29564329624114 17.019351199974658
96.30296033677683 17.019200996551497 96.30358260693652 17.019522860517167
96.29415199048339 17.0193511996485 96.29490300922996 17.0196086909515
96.29566475531742 17.019437032125598 96.29609390748908 17.01960869299426
96.2957613152899 17.019587234896445 96.29643722694331 17.01978035353677
96.30464476043676 17.019984199432148 96.30526703059644 17.020552826141138
96.29555746156677 17.020155862257745 96.29634066534007 17.02040262434876
96.30518119755287 17.020574284891264 96.3056747223872 17.020917606628593
96.30548160807272 17.02091760271473 96.30597513290705 17.021260924452058
96.30576055519045 17.02120727904444 96.30628626635611 17.021647159775775
96.3064793844128 17.021947570862114 96.30697290924712 17.022312350371102
95.90040377383976 17.024007498350684 95.90080073968008 17.02413624367603
96.17322726664769 17.025412970412546 96.17366714737902 17.025595359840885
96.17287321569837 17.025970871171104 96.17358131890163 17.026217633262114
96.16078185643326 17.02640002301661 96.16138266947358 17.026603870216608
96.16145777069593 17.026475121303555 96.16204785452427 17.02668969706323
96.16074967401579 17.02675406907359 96.16133975784413 17.026968644833264
96.16143631846892 17.026850631329154 96.16201567373759 17.027033020757493
96.1571662554166 17.02690427249675 96.1577777970166 17.02710811969675
96.15710188112315 17.027226141680906 96.15770269416348 17.027462175212243
96.17160721858583 17.027537276760743 96.17219730241416 17.027762581732404
96.17145701548883 17.028245371810105 96.17202564219781 17.028449219010106
96.15114739473707 17.028288288331893 96.15166237734306 17.02854577963489
96.17245479404332 17.02841703561417 96.17311998170325 17.02864234058583
96.17132827244657 17.028610155559118 96.17193981404657 17.028792544987457
96.15131905984576 17.028835457595378 96.15190914367409 17.02910367745805
96.17112442524657 17.02897493180655 96.17182179793322 17.029168050446877
96.17242260575505 17.02903930675231 96.1731307089583 17.029210967620976
96.1563937779199 17.029168048489943 96.15699459096022 17.02936116713027
96.17240115124494 17.02933971555556 96.17310925444819 17.029511376424228
96.15630794650711 17.029457726776588 96.1568229291131 17.029650845416914
96.15170529712641 17.02967230425287 96.15230611016673 17.0299619818872
96.1690752217515 17.029672307102437 96.1696331192485 17.029854696530776
96.15885067753159 17.029725952510056 96.15953731970163 17.029940528269734
96.15018180610163 17.030004896452056 96.15088990930488 17.030273116314728
96.17234750844656 17.029983439658864 96.17295905004657 17.030144371967854
96.1587004698684 17.030037084328338 96.15935492701173 17.03024093152834
96.16867825810843 17.030079999545507 96.16913959661143 17.03023020264251
96.16048144860848 17.030122913870034 96.16118955181173 17.030326761070036
96.17230458866322 17.0302623893 96.17290540170355 17.030434050168665
96.16894647568802 17.030273115662418 96.16949364462533 17.03044477653108
96.16039562078339 17.0304555077 96.16106080844332 17.0306593549
96.1721973007834 17.030509149519908 96.17286248844331 17.030702268160233
96.16890356177547 17.03083101609482 96.16926834128445 17.030981219191823
96.15760613288639 17.031152882669733 96.1581103862804 17.03134600131006
96.16862461400544 17.03118506378258 96.16919324071442 17.03136745321092
96.24350111757167 17.031131419027272 96.243737151103 17.03124943579294
96.16859242441254 17.031367455167853 96.16918250824088 17.031614217258863
96.1694185451196 17.03148547486892 96.16992279851361 17.031657135737582
96.16862461302696 17.03151766152641 96.16913959563296 17.031710780166737
96.15732718609482 17.03163567307359 96.15788508359182 17.031850248833265
96.17198272893758 17.03163567307359 96.17262645686891 17.031850248833265
96.1601059428229 17.031850254704064 96.16059946765724 17.032075559675725
96.16128611341497 17.032043372039766 96.1619405705583 17.03223649068009
96.1605887417068 17.03206482948527 96.16121101186647 17.032333049347944
96.18949233809701 17.032236491332405 96.190007320703 17.032418880760744
96.1612110138234 17.03237596293433 96.16183328398309 17.03261199646567
96.17203637206211 17.03254762412915 96.17260499877109 17.03273001355749
96.18934213728309 17.032665640568666 96.18994295032343 17.032933860431335
96.17196127149208 17.032858758556678 96.17252989820106 17.03306260575668
96.16103935230244 17.03301968793027 96.16162943613078 17.033234263689945
96.16041708083814 17.033223541001068 96.16097497833515 17.033470303092077
96.16168307892914 17.033277179885577 96.16206931555749 17.033438112194567
96.16241263925176 17.0332771841256 96.16287397775474 17.03344884499426
96.17183252355748 17.033298638635703 96.17246552292914 17.03347029950437
96.16097497539974 17.03344884075424 96.16147922879375 17.0336741457259
96.1637108236741 17.033459569640073 96.16434382304575 17.03366341684007
96.1720041811646 17.033502490075726 96.1724547904556 17.033684879504065
96.16220879270406 17.033566856867598 96.16284179207572 17.03379216183926
96.16669343086373 17.033588316270034 96.16721914202941 17.033792163470036
95.96978713416074 17.033813623524786 95.9702162863324 17.03396382662179
96.16047072461498 17.03364196265612 96.16115736678502 17.033931640290454
96.16341041617547 17.033706337275724 96.16397904288445 17.033888726704063
96.16449402394551 17.033749247926714 96.16506265065449 17.033953095126716
96.17213293203459 17.03379216249157 96.17247625377192 17.033942365588572
96.16941854642423 17.033953094474402 96.17006227435556 17.03418912800574
96.16676852915069 17.033974553876842 96.16730496887602 17.034189129636516
96.16158651960899 17.03399601491006 96.16216587487764 17.034210590669733
96.1587326565259 17.03407111124007 96.15911889315424 17.034274958440072
96.16397904003489 17.034114027435702 96.16453693753189 17.03428568830437
96.17174669312315 17.034135483576588 96.17234750616348 17.034328602216913
96.16073894088994 17.0342964171902 96.16133975393026 17.034510992949873
96.16635010716948 17.03433933403814 96.1666397848038 17.034489537135144
96.16926833941335 17.034468081646573 96.16993352707328 17.034671928846574
96.17168231850356 17.034489538439768 96.17230458866322 17.034682657080094
96.15895796573759 17.034639738927527 96.15939784646892 17.034865043899188
96.15841079671442 17.034650470096445 96.15886140600543 17.03484358873677
96.17013737166404 17.034736297269223 96.17067381138938 17.034918686697562
96.1715964874169 17.034875774415795 96.17221875757659 17.035058163844134
96.16658614200543 17.034972333409804 96.16715476871443 17.035165452050126
96.16923615103926 17.03498306392641 96.1698262348676 17.035176182566737
96.06371819594033 17.03515472520706 96.06402933134632 17.03527274197273
96.06314956694824 17.035304923325903 96.06350361724525 17.035487312754242
96.16682217357983 17.03536929835749 96.16742298662015 17.03559460332915
96.15614701452427 17.035412211617725 96.15678001389593 17.035648245149062
96.16952583095667 17.03570188827359 96.16972967815667 17.035916464033264
96.1559538984932 17.03578772155749 96.15614701713352 17.03590573832316
96.16288470109593 17.035852094220164 96.16327093772428 17.036034483648503
96.15605045944413 17.035895009111172 96.1564796116158 17.03610958487085
96.16912886348557 17.03592719609482 96.16969749019457 17.03610958552316
96.16630719129999 17.03602375223926 96.1667148857 17.0362061416676
96.16229461759374 17.036066671696446 96.16280960019974 17.03625979033677
96.17143555706485 17.036238331586645 96.17199345456186 17.036442178786643
96.16063165855475 17.036291974058862 96.16098570885175 17.036452906367852
96.1689893892744 17.036291975363486 96.16963311720573 17.03650655112316
96.1611359093395 17.036431449900814 96.16162943417385 17.036656754872475
96.15986990994388 17.03651727935668 96.16039562110954 17.036721126556678
96.17672485742179 17.03661383737222 96.17718619592478 17.03677476968121
96.17121025307166 17.036635293839257 96.17195054130163 17.036817683267596
96.15797091598309 17.03671039767085 96.15857172902341 17.03693570264251
96.17737931521742 17.03671039669238 96.17780846738908 17.036882057561048
96.16891428870436 17.0367211249259 96.1695580166357 17.03690351435424
96.1764673638357 17.036892787099188 96.17704671910437 17.037075176527527
96.17139264510924 17.036914244544693 96.1718754413839 17.03705371908202
96.1600737613839 17.036989345440883 96.16061020110924 17.037214650412544
96.17711109470244 17.036989343810106 96.17770117853077 17.037193191010108
96.17104932141498 17.037042990522348 96.17175742461824 17.03721465139101
96.15409781689999 17.037214652369478 96.15503122181336 17.03750433000381
96.17124243875068 17.037246837722346 96.17177887847602 17.037418498591013
96.17489023449289 17.037289753265668 96.17539448788689 17.037461414134334
96.16606043149207 17.037450686553125 96.16662905820107 17.03764380519345
96.174697112591 17.03752578712316 96.17534084052234 17.037718905763484
96.1714999320106 17.037611617231335 96.17183252453596 17.037751091768666
96.16597459877465 17.03787983970325 96.16652176771198 17.038083686903253
96.17104932141498 17.03789056434906 96.17176814861173 17.038062225217725
96.17682141641579 17.03797639706648 96.17741150024413 17.038169515706805
96.17104932467653 17.038062226848503 96.17172523632996 17.0383197181515
96.15531017088801 17.038126602446575 96.15585733982535 17.038330449646573
96.15719843881254 17.038126598206553 96.15778852264089 17.03831971684688
96.17592019750761 17.03811587356074 96.17656392543896 17.038341178532402
96.17674631519344 17.038180243940324 96.17696089095313 17.03828753214632
96.15858245538583 17.03835190187359 96.15917253921417 17.038566477633264
96.15555693200055 17.038502110189082 96.15608264316623 17.03868449961742
96.1573808288932 17.038512837444134 96.15798164193352 17.038738142415795
96.17024466215312 17.038502110841392 96.17064162799345 17.038652313938396
96.1713068133703 17.038727414182276 96.17161794877627 17.038899075050942
96.15562130368475 17.038791784235702 96.15616847262208 17.03896344510437
96.17225094684332 17.0388025111646 96.17298050455668 17.03904927325561
96.16733715325043 17.039092193038954 96.16785213585642 17.03926385390762
96.1721973007834 17.03926385455993 96.17280884238339 17.03946770175993
96.15585733786841 17.03937113787359 96.15651179501172 17.039585713633265
96.15601827506973 17.039639358062416 96.15661908811005 17.039811018931083
96.17121025600706 17.039639360345507 96.17153211997272 17.039800292654494
96.17499752050162 17.039907580534333 96.17573780873158 17.04014361406567
96.15609337335667 17.039939768496446 96.15682293107004 17.04013288713677
96.17116734046374 17.040014869718792 96.1714892044294 17.040175802027782
96.16389321416673 17.0400255973 96.1645154843264 17.0402294445
96.17205782787684 17.040272357760234 96.17268009803651 17.040486933519908
96.16389321057902 17.040368915775773 96.16447256584769 17.04054057664444
96.17599529644687 17.040358189499187 96.17661756660655 17.040540578927526
96.15822840532915 17.040508391617724 96.15881848915748 17.04074442514906
96.15670491560898 17.040572767868106 96.15708042367766 17.04072297096511
96.16387175541661 17.040647867785832 96.1644832970166 17.04083025721417
96.18809759533296 17.04064786713352 96.18839800152698 17.040862442893197
96.15238120714906 17.04069078561224 96.15275671521772 17.040862446480904
96.1875075102 17.0406800560741 96.18797957726268 17.04090536104576
96.18984639100326 17.040712241100813 96.19052230265669 17.040937546072474
96.15649034050162 17.04083025721417 96.15714479764495 17.041055562185832
96.17435378824443 17.04084098544769 96.17499751617576 17.041077018979024
96.16378592432996 17.040948273979836 96.16446183598339 17.041205765282836
96.18824779777766 17.040926816208177 96.188891525709 17.041184307511173
96.1658673095902 17.04100191840899 96.16648957974986 17.04120576560899
96.17265863863408 17.041023375854497 96.17319507835941 17.041248680826158
96.15863609948882 17.04106629107166 96.15920472619781 17.041237951940325
96.187561154303 17.041055562185832 96.18814050957167 17.041280867157493
96.17200418442616 17.04109847707684 96.17249770926048 17.0413237820485
96.18995367594769 17.041109205962673 96.19059740387902 17.041345239494007
96.15680147134144 17.041173578951497 96.15734864027877 17.04135596837984
96.15861464204332 17.041313053488828 96.15922618364331 17.041495442917167
96.16586731187328 17.041345239820163 96.16647885347328 17.041559815579838
96.1546664413259 17.041452527373846 96.15525652515424 17.04164564601417
96.15704823473708 17.041677969510108 96.15756321734307 17.041881816710106
96.15653325702341 17.041785258042253 96.15695167998308 17.041946190351243
96.1588292148676 17.04191400760762 96.15946221423926 17.042150041138957
96.18845164497766 17.0419354637485 96.189095372909 17.042192955051497
96.15712333889482 17.04199983445424 96.15768123639182 17.042225139425902
96.18776500150301 17.041978377008736 96.188376543103 17.042246596871408
96.16939708669562 17.042042752606807 96.1699764419643 17.04225732836648
96.16588877029726 17.04218222844876 96.1664252100226 17.042343160757746
96.16818473066485 17.042343155539257 96.16874262816185 17.042525544967596
96.15908670910599 17.042407533746573 96.15956950538065 17.042611380946575
96.16654322189594 17.04241825708776 96.16713330572428 17.042654290619097
96.16591022350273 17.0424289866259 96.1663930197774 17.04261137605424
96.1591510807902 17.04251481869101 96.15977335094986 17.042750852222348
96.16651103817384 17.04277230836323 96.1670367493395 17.042965427003555
96.1616079799899 17.042815226189642 96.16262721598989 17.043115632383646
96.16511629312672 17.043222920915795 96.16552398752671 17.043405310344134
96.15749884598502 17.043255104637886 96.15818548815506 17.0435018667289
96.15698386468364 17.043308747762417 96.15749884728963 17.043480408631083
96.16463350076592 17.0433302097741 96.16511629704058 17.043555514745762
96.16410778731716 17.043469685289896 96.16463349848283 17.043673532489894
96.15759540432671 17.04348041026186 96.1584107931267 17.043737901564857
96.16902157732234 17.043598425722905 96.16967603446567 17.043888103357236
96.1555247443646 17.043641341592384 96.1559753536556 17.043813002461047
96.16199421629207 17.043727174309804 96.16256284300107 17.04392029295013
96.16834566101691 17.04374863012453 96.16896793117658 17.043995392215542
96.16132902700137 17.043823735260744 96.1618761959387 17.044049040232405
96.3378720594161 17.04375936194576 96.33835485569077 17.0439417513741
96.15537454452915 17.043973937053124 96.15596462835748 17.04416705569345
96.30322855859644 17.043888103460233 96.30382937163677 17.044102679219908
96.33777550009594 17.044156327889084 96.33836558392429 17.044338717317423
96.16654322646211 17.044338714279025 96.1671118531711 17.04451037514769
96.33854797628801 17.04416705188258 96.33909514522534 17.04434944131092
96.30347532101361 17.044220699796448 96.3039903036196 17.044413818436773
96.16574929347684 17.044370900936517 96.16637156363652 17.044564019576843
96.1654167016038 17.044488917702186 96.16573856556947 17.044649850011172
96.15420510543214 17.04457474693489 96.15456988494114 17.044724950031895
96.16661832637983 17.04461766345668 96.16721913942015 17.04482151065668
96.16591022774276 17.044639118189945 96.1664037525771 17.04483223683027
96.3377647734932 17.044531835202438 96.33836558653353 17.044714224630777
96.15801382761254 17.044714223652313 96.15840006424088 17.044885884520976
96.3034216769106 17.044596208294262 96.30395811663595 17.0448322418256
96.16660759586323 17.044960985091013 96.16720840890355 17.045197018622346
96.15806747277983 17.044971714629153 96.15863609948882 17.04515410405749
96.1633460412297 17.045057543758862 96.16364644742372 17.045218476067852
96.15689803457546 17.0450682763354 96.15726281408446 17.04522920864439
96.16370009291717 17.04506827199238 96.16394685500818 17.045239932861048
96.15698386174824 17.045250660219097 96.15754175924525 17.04542232108776
96.15636159158856 17.045400867453125 96.15682293009156 17.04559398609345
96.16501973380655 17.046184066660235 96.16562054684687 17.04639864241991
96.1670582090681 17.046420100946875 96.1676161065651 17.046634676706553
96.16845295281061 17.046463018773288 96.16898939253595 17.046666865973286
96.15916180837141 17.04649520402316 96.15970897730872 17.046688322663485
96.16839931033839 17.046559578316607 96.16886064884139 17.04676342551661
96.16312074049807 17.04665613339675 96.16367863799508 17.04685998059675
96.15733791758989 17.04669905252778 96.1579494591899 17.04694581461879
96.15945148763652 17.046731238309803 96.15984845347684 17.04692435695013
96.15683366289126 17.046827794591568 96.15717698462859 17.046977997688572
96.16404341726374 17.046935087037586 96.1645691284294 17.04717112056892
96.15558912061498 17.046988730814427 96.1562435777583 17.047235492905436
96.15638305033869 17.046988731569733 96.15685511740136 17.04718185021006
96.16323875498065 17.046988730917423 96.16377519470599 17.047214035889084
96.16682217292752 17.04710674334007 96.16725132509919 17.04731059054007
96.16365717802616 17.04768610056567 96.16418288919182 17.047922134097004
96.15702678218389 17.047729015782835 96.15756322190924 17.04792213442316
96.16154360178258 17.04781484436323 96.16213368561091 17.048007963003556
96.15640450908883 17.047857761434333 96.15697313579781 17.048061608634335
96.36071367504526 17.04776120058639 96.36097116634825 17.047857759580396
96.15519215640543 17.04813671028583 96.15576078311442 17.04831909971417
96.15779924989593 17.048469300528087 96.15818548652427 17.048608775065414
96.16359280471117 17.048522949523413 96.16411851587684 17.04873752528309
96.15683366158665 17.048801895336517 96.15744520318664 17.048995013976842
96.16192983971554 17.048834080363232 96.16249846642452 17.049027199003554
96.16204785517658 17.04910230250899 96.1626486682169 17.049273963377654
96.16532014489289 17.049220322210058 96.1658243982869 17.049434897969732
96.16215514338258 17.049359790876586 96.16274522721092 17.049552909516912
96.30794923002996 17.049370524414424 96.3086466027166 17.049617286505434
96.18565122013759 17.049542183 96.18609110086892 17.0497460302
96.1598806440482 17.049585100414426 96.16059947124495 17.049831862505435
96.16454767131006 17.04978894500518 96.16496609426973 17.04994987731417
96.17479367232316 17.049874776091823 96.17538375615149 17.050057165520162
96.16099643806373 17.049960605873846 96.1615221492294 17.05015372451417
96.30812089082995 17.049874776177653 96.3088182635166 17.05011080970899
96.17483658786648 17.050142995954495 96.1754374009068 17.050325385382834
96.16116809436622 17.05029319750655 96.16166161920056 17.050486316146877
96.16334604286048 17.0503575718 96.16387175402615 17.050561419
96.1750833476744 17.05036830296892 96.17572707560574 17.050539963837583
96.30853931581524 17.05028247016567 96.3090113828779 17.050368300600002
96.3082603628267 17.050314657235145 96.30898992054007 17.05057214853814
96.1627666862872 17.05056142128309 96.16329239745286 17.050754539923414
96.1612861147196 17.05065797636323 96.16179036811361 17.050851095003555
96.17507262270243 17.05065798125556 96.17566270653077 17.050829642124228
96.30845348603322 17.050872553427528 96.30918304374657 17.05109785839919
96.16142558925694 17.051022754567597 96.16194057186293 17.051248059539258
96.17500824547359 17.051033489324226 96.17563051563326 17.051269522855563
96.17507262270243 17.0517523178256 96.17566270653077 17.051923978694262
96.17501897403326 17.051934704970847 96.17561978707359 17.052160009942508
96.16081404700462 17.051966889997562 96.16136121594195 17.052192194969223
96.17490095946485 17.052267297822347 96.17545885696185 17.05243895869101
96.16071748866293 17.05234240198009 96.16122174205692 17.05255697773977
96.1603634347782 17.052707175944438 96.16092133227521 17.052943209475774
96.17494387672478 17.052878841705436 96.17550177422179 17.053039774014426
96.17481512683327 17.053147058306553 96.17541593987359 17.053340176946875
96.15481664344443 17.054327228572475 96.15546037137577 17.054509618000814
96.15498830496541 17.054616903271405 96.15546037202809 17.054756377808737
96.1509971958801 17.056183311229965 96.15161946603976 17.056387158429967
96.15073970490324 17.05652663329345 96.15135124650325 17.056741209053126
96.15201642861854 17.05679485119919 96.15247776712152 17.05697724062753
96.15178039606566 17.057127444376842 96.15235975133433 17.057342020136517
96.15674783376156 17.057138171631895 96.15755249204494 17.05739566293489
96.15659762609837 17.057374204510918 96.15740228438176 17.05759950948258
96.15284255021822 17.057406391494567 96.15349700736155 17.057653153585576
96.15144780647572 17.057556594917724 96.15203789030406 17.05779262844906
96.15273526135992 17.05769606978121 96.1534970041 17.057942831872218
96.15653325278339 17.05774971225343 96.15720916443682 17.057953559453427
96.15267088617384 17.058082310323414 96.15316441100818 17.058296886083088
96.15256359829401 17.058640208146574 96.15303566535667 17.058844055346572
96.1529498329654 17.058983524991568 96.15342190002808 17.05913372808857
96.15292837617221 17.05932685031661 96.15349700288121 17.05953069751661
96.15228465141661 17.05947705145668 96.15301420912996 17.05968089865668
96.15216663041092 17.061182931995635 96.15279962978258 17.061354592864298
96.15195205921742 17.061547710852313 96.15258505858908 17.061719371720976
96.15166238093077 17.06190175854007 96.15229538030243 17.062105605740072
96.1513190565842 17.063435981712242 96.15174820875586 17.063607642580905
96.15032128063895 17.063511077389943 96.15090063590762 17.06370419603027
96.15116885609645 17.063661280813104 96.15136197473677 17.06375783980711
96.15081480547329 17.06430501233215 96.15142634707328 17.06446594464114
96.16418289106292 17.06479853357877 96.16448329725694 17.065066753441442
96.0721295779384 17.06611817944632 96.07238706924139 17.066214738440326
96.16970822210162 17.075151828668666 96.17044851033158 17.075420048531335
96.16715476969289 17.07613887735886 96.1676590230869 17.07629980966785
96.16570637662889 17.076353456380094 96.16627500333789 17.076568032139768
96.16637156265804 17.07636418200437 96.16691873159537 17.076600215535702
96.1672191384417 17.07641782936892 96.16787359558501 17.076589490237584
96.16785213585642 17.076417828716608 96.16835638925043 17.07662167591661
96.16382883856866 17.077222487 96.164376007506 17.077426334200002
96.1632387523714 17.07797350322316 96.16378592130873 17.078166621863485
96.16374300837465 17.079378978460742 96.16429017731198 17.079604283432403
96.1637644677771 17.079765215089083 96.16429017894276 17.07994760451742
96.16686508749238 17.079883227940883 96.16744444276104 17.080108532912543
96.16367863440736 17.07997978791336 96.1642150741327 17.080183635113357
96.16543815937547 17.080129994924228 96.16600678608445 17.080366028455565
96.16613553043133 17.080280196716608 96.16668269936866 17.08048404391661
96.16761610689126 17.080408941715795 96.16816327582859 17.080591331144134
96.03854822042236 17.08111704263596 96.03912757569101 17.081395991710615
96.03829072651011 17.081567649317726 96.03869842091011 17.08180368284906
96.16297053185642 17.082297212575725 96.16347478525043 17.082479602004064
96.30848566936048 17.082340121595937 96.30901138052614 17.082522511024276
95.95090444161173 17.082930208359677 95.95170909989511 17.08310186922834
96.30853931451061 17.08268344594251 96.30907575423595 17.082876564582836
95.95097954544332 17.083166242217168 95.95170910315667 17.08331644531417
95.95061476821742 17.083327311590754 95.95084007318907 17.0838637513161
95.95104391941061 17.083327315504622 95.95158035913596 17.08346679004195
96.16350697223407 17.083359498248246 96.16383956475941 17.08350970134525
96.3242464851327 17.084035414794005 96.32452543420737 17.08416416011935
95.95183784978664 17.084614769084205 95.95244939138664 17.084840074055865
95.95253521921173 17.084775702697815 95.95325404640847 17.085022464788825
96.16603897078501 17.08709312322316 96.16675779798176 17.087286241863485
96.1861661997395 17.093069062814727 96.18645587737385 17.093208537352055
96.18613401406049 17.093283638248245 96.18645587802615 17.09343384134525
96.18611255465805 17.093487485448247 96.18645587639537 17.09363768854525
96.13183555914875 17.106319134574097 96.13199649145774 17.10674828674576
96.12501204051198 17.115889224259927 96.12531244670599 17.11609307145993
96.12470069706292 17.115910679422345 96.12500110325693 17.11608234029101
96.12537681936865 17.116103799693448 96.12588107276267 17.116318375453123
96.12500131162615 17.116232545671103 96.12521588738582 17.116479307762113
96.12470069706292 17.1162432726 96.12500110325693 17.1164471198
96.28210355198009 17.1293432775515 96.28231812773976 17.129493480648502
96.14578299544088 17.129922633472475 96.14641599481254 17.130105022900814
96.14571862310436 17.130362512899186 96.1463623510357 17.130544902327525
96.1359876025 17.131016970179836 96.13650258510599 17.131177902488826
96.14552550283327 17.131231543519096 96.14612631587359 17.13140320438776
96.30262774359917 17.132175683841393 96.30301398022752 17.132325886938396
96.14290767621691 17.13289451210244 96.14352994637659 17.133076901530778
96.14094430861498 17.133066173623416 96.14163095078501 17.13328074938309
96.1429076785 17.133205644246875 96.1435192201 17.133420220006553
96.30213421974332 17.13339876093027 96.30274576134332 17.133613336689944
96.30011720649344 17.13344167932316 96.30073947665312 17.133656255082833
96.29993481445587 17.133709898293194 96.3005248982842 17.13390301693352
96.30185527197328 17.13408540701417 96.30246681357328 17.13431071198583
96.30027813619319 17.1343429002741 96.3008789492335 17.13456820524576
96.29946274567658 17.134385814186643 96.3000635587169 17.13458966138664
96.30146903697572 17.134686218097563 96.30205912080406 17.134911523069224
96.30081457722315 17.135276305187457 96.30141539026347 17.135501610159118
96.2999991851616 17.136156062410105 96.3005570826586 17.136359909610107
96.29917307228227 17.1361775250741 96.29975242755093 17.13640283004576
96.2986044468779 17.136274083415795 96.29915161581523 17.136456472844134
96.2998275300779 17.136574489609803 96.30037469901524 17.13676760825013
96.29941983339481 17.13701437164576 96.29997773089181 17.1371967610741
96.297917800794 17.137561538952312 96.29845424051935 17.137733199820975
96.30135101857927 17.137872675010616 96.30162996765394 17.138001420335957
96.29745646424794 17.137915588270847 96.29800363318526 17.138140893242507
96.11743729697383 17.138173081204624 96.11772697460817 17.13831255574195
96.17571634769837 17.138173082183087 96.17640298986841 17.138366200823413
96.17563051759019 17.13867733337984 96.17625278774987 17.138870452020164
96.1756841594101 17.139267416555867 96.17588800661011 17.139449805984206
96.17573780710082 17.139718028782276 96.17637080647248 17.13988968965094
96.17725056597821 17.139996974269224 96.17780846347522 17.140179363697563
96.17574853761742 17.140683616439258 96.17638153698908 17.140866005867597
96.17732566915748 17.140962568123157 96.17795866852914 17.141155686763483
96.19079052121474 17.141531193527527 96.19133769015207 17.141756498499188
96.19060813276486 17.141842331542765 96.19116603026187 17.142132009177097
96.19123040553379 17.142035445616912 96.19175611669945 17.142250021376586
96.19205651897958 17.142486057517168 96.19255004381392 17.142807921482834
96.19368730188391 17.143076139388572 96.19422374160925 17.14333363069157
96.28332663298283 17.144867852318793 96.2837450559425 17.14502878462778
96.28244686980355 17.145683237204924 96.28286529276322 17.145833440301928
96.28214646328338 17.14611239198583 96.28255415768339 17.14629478141417
95.99407713420217 17.14917010235475 95.99423806651117 17.149727999851752
96.14913038507491 17.149159370859675 96.14978484221822 17.149459777053682
96.27794077819807 17.15046828351554 96.27849867569508 17.15062921582453
96.27761891414657 17.150715048215794 96.27782276134657 17.150897437644133
96.27796223336048 17.15084379288883 96.27848794452615 17.151004725197815
96.27741506694657 17.151026181664854 96.27782276134657 17.151176384761857
96.27839138259674 17.15119784383814 96.27900292419675 17.151348046935144
96.40274932594849 17.152066873805737 96.4030068172515 17.152238534674403
96.40232017173408 17.152227811007062 96.40285661145941 17.15254967497273
96.40418698588664 17.152538945108432 96.40506674474007 17.15279643641143
96.40359690173214 17.15344016466892 96.40416552844113 17.153611825537585
96.40317847942478 17.153719110155865 96.40373637692178 17.153901499584205
96.40204122624712 17.154030244583392 96.40256693741279 17.15423409178339
96.34486723826923 17.154212637273286 96.34545732209757 17.154416484473288
96.19744237865669 17.154459398711985 96.19810756631661 17.154727618574658
96.19806465077329 17.154470124010107 96.19879420848665 17.154673971210105
96.40262058118964 17.154287738495633 96.40292098738364 17.154459399364296
96.34537149329401 17.15450231327684 96.34590793301935 17.154716889036514
96.19993145905507 17.15466324428121 96.20067174728503 17.15491000637222
96.3451461886485 17.15456668333027 96.3454036799515 17.154781259089944
96.19923408636842 17.154716887079584 96.19994218957167 17.155006564713915
96.40219143162722 17.154706158519907 96.40272787135255 17.154899277160233
96.40183737806866 17.15485636626892 96.40230944513132 17.155028027137583
96.40137603793488 17.154985110615794 96.40193393543188 17.155167500044133
96.3440303965899 17.155317703141137 96.3446419381899 17.15556446523215
96.34469557870518 17.155371346179837 96.34495307000819 17.155553735608176
96.36626046572673 17.155543008112797 96.36695783841336 17.155832685747132
96.34458829082534 17.15561810607359 96.34506035788802 17.155832681833264
96.1958437860834 17.155929245067295 96.19660552882347 17.156261837592638
96.34426642653352 17.155811230258557 96.3448886966932 17.15607945012123
96.40022805791416 17.156111631560233 96.40086105728582 17.156326207319907
96.34576846141742 17.156358393651242 96.34640146078908 17.156605155742255
96.34634781351036 17.156615887563483 96.34686279611635 17.15683046332316
96.34614396794115 17.15675536014388 96.34639073003216 17.157077224109546
96.39943412949506 17.15674463484576 96.39989546799806 17.1569270242741
96.34681988252997 17.156927023621787 96.34743142412997 17.157184514924786
96.3989191452583 17.157077224109546 96.39971307954819 17.15736690174388
96.3988225839812 17.15731325796704 96.39906934607221 17.157420546173032
96.34659457723215 17.157560022993447 96.34716320394114 17.157774598753125
96.33365564535912 17.157731680926712 96.33424572918746 17.157935528126714
96.34568262674307 17.1577424130741 96.34618688013708 17.15796771804576
96.34547878125969 17.157849697366228 96.346025950197 17.15813937500056
96.34481359775394 17.157881884349873 96.34535003747928 17.1580750029902
96.36528414885775 17.15794625864332 96.36573475814876 17.158150105843323
96.3461439689196 17.15807500233789 96.34664822231362 17.158321764428898
96.33292608634115 17.158182289239257 96.33337669563215 17.158364678667596
96.34598303358939 17.158321767364296 96.34646582986404 17.158557800895633
96.3454573217714 17.15833249625013 96.34600449070874 17.158547072009803
96.3652626858676 17.158321766385832 96.36569183803927 17.15850415581417
96.17792648513321 17.158589984617723 96.17860239678664 17.15882601814906
96.33271151221224 17.158525614564297 96.33329086748091 17.158761648095634
96.3459293882676 17.158632903096446 96.34656238763927 17.158826021736772
96.17795867015992 17.158944035893196 96.17865604284657 17.159137154533518
96.31950435240849 17.15896549170792 96.32021245561174 17.159212253798934
96.18543664242097 17.159276629397002 96.1856726759523 17.159383917602998
96.31926832344332 17.159405372765413 96.31993351110326 17.159673592628085
96.33244328778339 17.15952339246648 96.3330548293834 17.159716511106804
96.17320581278989 17.160027648469732 96.17388172444332 17.160220767110058
96.17331309969126 17.16027440575424 96.17345257422859 17.1604997107259
96.18317286447085 17.160510441808988 96.18380586384251 17.16071428900899
96.18251840725885 17.160521167519097 96.18308703396785 17.16069282838776
96.18384877677659 17.160617728470037 96.18444958981691 17.160821575670035
96.17308779243652 17.16119708145561 96.17348475827684 17.161358013764602
96.31010571677002 17.161647695965108 96.31078162842346 17.161905187268108
96.17946069786841 17.162784945469223 96.18011515501173 17.162967334897562
96.34048988733709 17.163568151851752 96.34100486994308 17.16382564315475
96.33534006649563 17.1637719957902 96.3359194217643 17.163986571549874
96.15796018644494 17.16398657024525 96.15895796793484 17.164244061548246
96.15904379682422 17.163997299783393 96.15968752475555 17.16420114698339
96.34102633106212 17.163890011251244 96.34159495777111 17.164136773342253
96.34039332973353 17.164136773994564 96.3410155998932 17.164383536085577
96.15904379225805 17.16431916374906 96.15959096119538 17.164490824617726
96.3350396608681 17.164211875869224 96.33539371116511 17.164394265297563
96.334041881009 17.164276250162672 96.33462123627766 17.164555199237327
96.34023239807685 17.164726859127526 96.34086539744851 17.164952164099187
96.3078848550842 17.164791231137887 96.30851785445586 17.165037993228896
96.30769173474444 17.165252569640884 96.30833546267577 17.165477874612545
96.35150836886811 17.170016297870845 96.35206626636511 17.17024160284251
96.35118650327166 17.17047763441691 96.351830231203 17.170692210176586
96.35217355294033 17.17053128112915 96.35268853554632 17.17071367055749
96.35104702701773 17.171014075446873 96.35169075494906 17.17122865120655
96.35095046834988 17.171464685613355 96.3515512813902 17.171668532813356
96.35084318210082 17.171861653187456 96.35147618147248 17.172086958159117
96.3424961773316 17.1746296822485 96.34321500452835 17.17487644433951
96.3426249207 17.175037376974657 96.34337593944657 17.175305596837326
96.34239961474988 17.175230495374656 96.3425927333902 17.175369969911984
96.37290159591362 17.175981512816605 96.37341657851961 17.176185360016607
96.3722364067774 17.176764714959116 96.37256899930274 17.176947104387455
96.34292532950326 17.176850542784205 96.3436227021899 17.177075847755866
96.34322573178339 17.17747281359619 96.34398747452347 17.17776249123052
95.75633702318856 17.181109876950686 95.75659451449157 17.181238622276027
96.25325380423108 17.180734369208174 96.25369368496241 17.180884572305178
96.2532645331169 17.18090603007684 96.25368295607657 17.181120605836515
96.25328599219318 17.18117424863489 96.25368295803351 17.181324451731893
96.20418006392373 17.187429137953426 96.20469504652972 17.187632985153424
96.20380455911662 17.187911937815795 96.20456630185669 17.188094327244134
96.10559270036622 17.1960014499774 96.10588237800056 17.19613019530274
95.95871501024331 17.219079238276585 95.95944456795668 17.21927235691691
95.95873646801498 17.21937964968908 95.95942311018501 17.21956203911742
95.95866136744495 17.2196371364259 95.95934800961498 17.219819525854238
95.95856480584169 17.219894630664296 95.95928363303844 17.220130664195633
95.95804982584494 17.22078512296973 95.95875792904819 17.220978241610055
95.95788889418826 17.22099969840325 95.95860772138501 17.22120354560325
95.95778160206841 17.221149897912543 95.95852189029837 17.221332287340882
95.95766358921661 17.22136447660762 95.95842533195668 17.221600510138952
95.91967269397058 17.251340885627226 95.91999455793625 17.251469630952567
95.76543504931361 17.253958710475473 95.7657461847196 17.25411964278446
95.80926219343407 17.26288507181798 95.80959478595942 17.263024546355307
95.77440432204524 17.281445893964044 95.77466181334825 17.281574639289385
95.729922509494 17.287303821356122 95.73025510201936 17.287389651790456
95.98045155617658 17.313546603478212 95.98084852201691 17.313696806575216
95.95947675437384 17.34179567504251 95.95987372021416 17.341988793682834
96.18490020041254 17.347138617545507 96.18508258984087 17.347524854173844
96.1846427117188 17.34717080559345 96.18480364402778 17.347589228553126
95.86668294317684 17.359122684776587 95.86730521333651 17.359315803416912
95.86676877295886 17.360581801834076 95.86733739966785 17.36071054715942
95.86673658434444 17.360914399904065 95.86738031227577 17.361139704875725
95.86697261950656 17.361815617181463 95.86757343254688 17.361965820278467
95.86463374359563 17.36315671649482 95.86500925166429 17.363306919591825
95.86505216427221 17.363231814455613 95.86562079098121 17.3633927467646
95.86643618271661 17.363553681682834 95.8672193864899 17.36376825744251
95.86746614638365 17.363607325785832 95.868195704097 17.363832630757493
96.01214464600844 17.3790462098098 96.01240213731144 17.379443175650128
95.94849046317384 17.381224157325597 95.94885524268282 17.38139581819426
95.86424750533651 17.3836381381324 95.86484831837684 17.38382052756074
95.86445135612422 17.384056555547435 95.86468738965556 17.384185300872776
95.8638398102842 17.3844749807902 95.86447280965587 17.384689556549873
95.86347503207983 17.38542984673677 95.86407584512015 17.385644422496444
95.85644766852616 17.387983300364297 95.85703775235449 17.38821933389563
95.85980577978476 17.38875577109756 95.8603529487221 17.38898107606922
95.85920496967984 17.388766501528337 95.85960193552016 17.388938162397004
95.85171626884195 17.388830874191008 95.85198448870462 17.389002535059674
95.8578316843613 17.388884517727526 95.85837885329863 17.389109822699186
95.85084723202509 17.388905976477652 95.85155533522834 17.38914201000899
95.85855051253651 17.389056179900813 95.85915132557683 17.389281484872473
95.85800334588227 17.390837161250126 95.85858270115094 17.3910517370098
95.85684463338801 17.391319957524782 95.85732742966267 17.391470160621786
95.8565227697485 17.39154525858258 95.8569841082515 17.391727648010917
95.8548061596714 17.39233919091554 95.85514948140873 17.39250012322453
95.85389421155124 17.392671781810105 95.85434482084226 17.392875629010106
95.8528535220196 17.3940236117259 95.85315392821362 17.394206001154238
95.85435555070654 17.39501066008994 95.85475251654687 17.395203778730266
95.92990796959974 17.400257047186642 95.93041222299375 17.400460894386644
95.93063753098663 17.400857862510055 95.93133490367327 17.401072438269733
95.93333046176073 17.40457002537029 95.9335557667324 17.404677313576283
95.93659201678908 17.407541901064853 95.93697825341741 17.407692104161857
95.82157906686105 17.440157595568106 95.82201894759238 17.44030779866511
95.84462453099482 17.451068783588827 95.84497858129183 17.451229715897817
95.81716952927141 17.456315164162415 95.81771669820873 17.45648682503108
95.8171588023425 17.456669219025596 95.81754503897085 17.456840879894262
95.82123574936374 17.459083338115793 95.8217614605294 17.459265727544132
95.81714807378283 17.459780705910102 95.81764159861716 17.459984553110104
95.81647215723707 17.459791440666734 95.81698713984306 17.46000601642641
95.81707297353896 17.46019913245749 95.81765232880761 17.46042443742915
95.81632195740163 17.46056390903108 95.81700859957166 17.460799942562414
96.0283665866131 17.613063494408177 96.02866699280712 17.61321369750518
96.01554567672423 17.624006868348246 96.01578171025557 17.62415707144525
96.01721936856293 17.6311094764 96.01751977475693 17.631388425474658
96.01179059432098 17.63232182886023 96.01202662785232 17.63253640461991
96.02403215709508 17.633298151359675 96.02449349559808 17.633598557553682
96.05669062335095 17.657083901440323 96.05692665688228 17.65719118964632
96.01211245576323 17.660474203682277 96.01250942160355 17.66064586455094
96.00906547591093 17.694538279493752 96.00929078088258 17.694849414899743
95.9500032253128 17.739974890408988 95.95029290294713 17.740146551277654
