97.03482564021367 12.692170383765625 97.22486915984726 12.761798535571874
96.94660236283994 12.956689033596874 97.29155437635224 13.105045203621874
97.8067924305875 12.964808853169531 98.11771156680469 13.08331215814922
98.38510415001407 12.965925832309374 98.6180768149922 13.041433701790625
99.17183567561875 12.971504975946875 99.4682533927625 13.085328156246874
96.56892118554785 12.9812880909 96.70170623637324 13.23809893410625
98.49917541230624 12.986843304284374 98.7820149948625 13.10815070268125
99.1272382537078 12.986833748946875 99.40992654342031 13.106879842793749
98.3596026678328 13.00478232547031 98.63117730375468 13.12252956437031
98.21898140150938 13.014296962384375 98.410531678425 13.112296503784375
99.47192881351798 13.01332671844375 99.68115168713985 13.12041179325
98.76257661005782 13.02060386231875 99.05254447438907 13.151712648156249
98.21538537589862 13.023007463065627 98.50840288591387 13.083443380196876
96.68555485507656 13.024914206210937 96.7925580127707 13.146994790667186
98.56626584723594 13.028348309996877 98.74103217383282 13.113413905812502
97.93918901817734 13.029913792790627 98.11031914071641 13.114981777440626
97.75472230618671 13.033629016975002 97.99876801477109 13.148078071881251
96.89457450288788 13.04331974939375 97.26812768200038 13.16856474311875
96.58006227198945 13.043912152681251 96.81056065199628 13.17674089926875
96.70248327012969 13.04488833348125 97.00128235654103 13.190545120662499
100.03632218852813 13.045022904484375 100.33413976261564 13.190748171584374
97.45061332246446 13.054920641578125 97.82070129824649 13.20110536115625
97.062265510575 13.057064222290624 97.3156004006961 13.180761251340625
99.76649488063124 13.054953345162502 100.16254052794062 13.208869925334376
98.47414931027812 13.076295226695313 98.87742357040625 13.164471084867188
97.75124548302891 13.077375154153128 97.9111902867461 13.185399837146877
98.38426493573438 13.07821005176719 98.54293131492189 13.18843724005469
96.79281530968672 13.082115223510938 96.9945809391332 13.161667389589063
98.41061652239532 13.0843171774 98.71962897064219 13.150135138378126
99.1275859103625 13.08431697833047 99.52642729016874 13.170855290538283
98.20277334574844 13.0894738745375 98.54694187135313 13.200564228312501
97.27788059802265 13.09055086165625 97.54812186622422 13.156369618912501
98.72196340508906 13.097421149318752 99.07866176512968 13.214316370625001
97.7566360323664 13.098465935665626 98.01456285936484 13.213513791721876
96.27350018274687 13.10120318362969 96.5883586063832 13.203677808092188
98.13205152789843 13.10193763884375 98.57549722315468 13.238922957243751
99.60718581760625 13.101134305571875 99.92189882094999 13.203686965290625
99.02198682674296 13.103794272648438 99.39617822277265 13.242280575314062
98.58180730820156 13.109238293878125 98.98535230289218 13.251469492565626
98.49126432682344 13.109388894210937 98.82803542864688 13.259487320773438
97.56327075158946 13.120796374629688 97.78186900385508 13.213753086664063
97.48844000196328 13.1245095814875 97.82443075122421 13.19663645405
97.48704866566563 13.126275083456251 97.92307663204843 13.266794284175
96.70430332830313 13.134140830131251 97.07873619567421 13.243314542459375
96.20401752981327 13.146559717185937 96.38215773659316 13.232694714523436
99.52943759866562 13.14594061094375 99.71870255736249 13.23306617826875
97.92760628011094 13.155754074967188 98.27069465443905 13.270559066195313
96.99384615923671 13.157161985093751 97.36059295200624 13.271432673700001
98.6345105465 13.157821904484376 98.86219194333749 13.257880621115625
97.9102944319461 13.178510214990624 98.15523436086485 13.305065882509375
96.46025119403457 13.182651308878125 96.66893060783613 13.269490216078125
96.95815785276484 13.189886544484375 97.35159210596328 13.304286230146875
96.37295900752441 13.19772078968125 96.61236910835304 13.2802295364375
99.46256484314219 13.1957093911375 99.65361824250782 13.2711073742375
98.15323619565937 13.197278420850001 98.25828379381328 13.35912194975625
99.71764497584375 13.196997371004688 99.94774068795626 13.282256462404687
97.46871953663906 13.199676825940625 97.8372334696375 13.335039329521875
99.4948809542172 13.200819916403125 99.82581573552345 13.354163972603125
99.83996004425937 13.20264142356875 100.05604922415313 13.30135443016875
98.90844669545625 13.211146065400001 99.39408239088749 13.358068934800002
97.31257103079218 13.220835897773439 97.7536792516125 13.372610489789064
96.74978944838143 13.224544645953124 96.95926071101093 13.314990693059375
99.68056967805312 13.224224459334376 99.91039863699375 13.326707046578125
100.0838767557875 13.224442722353125 100.294473209175 13.315116505003125
97.09982689012656 13.22854312334375 97.36168076176797 13.32875631793125
98.01734804117656 13.228009238709376 98.27231948191405 13.341664404325002
96.69723178134453 13.232992152040627 97.07223587873554 13.373092510465625
96.63629338707618 13.23417758735625 97.05112691814062 13.35420377425
98.87422117340782 13.232621672159375 99.19833025862657 13.364759249334375
96.40247037719999 13.236300862976563 96.54589194947513 13.335361843117187
97.40882006262657 13.2388924462125 97.7222156238125 13.37483464026875
99.56203865213436 13.238548357984374 99.886682039975 13.335240410703125
96.67533919396348 13.244590130517187 96.9496071411084 13.368006869667187
100.00039411952812 13.24552376661875 100.27451764172812 13.370916868075
96.7814959552125 13.25431568395 97.15357661700234 13.383177372918752
98.3952926721875 13.254882493875002 98.75830034195155 13.386771632275
96.4924315752 13.26042137596875 96.70024221224165 13.433603905375
99.98503773616173 13.261892047496875 100.15905197806954 13.376044886940626
98.32414270871563 13.268589472253126 98.68709901854064 13.378467890721875
96.33042888295235 13.275423424487501 96.71576588343243 13.42786131618125
98.7918259156797 13.275302096846875 99.13989660223594 13.396623031971876
98.82387390840937 13.279805539290624 98.90683095975 13.443471748825
98.97505282152343 13.284335767401563 99.31428322833594 13.410744919745314
99.61993362582032 13.2867439000375 99.85550534259845 13.390616788887499
100.00861141540625 13.296539308709377 100.28003555476249 13.417984463221877
98.72318290604375 13.302926577559376 99.06551003848438 13.421613424646877
96.62120453945624 13.30725806473125 96.98864688116797 13.432118456121875
99.96244605744374 13.305379644634375 100.1185181625 13.418683651596876
97.00609675573945 13.309879664881251 97.38971230244805 13.41783268284375
96.16282273429101 13.322059576990625 96.59784868418828 13.476927709521876
96.440759783948 13.32214583975 96.79113034568246 13.460688678162501
99.77642199262499 13.319216332528125 100.11810095467187 13.465610473253125
96.47659734763447 13.322838810259375 96.58114127499061 13.399923310428125
98.2653393078703 13.323954382546876 98.53634619748905 13.452954623909376
99.50445353274687 13.3231799403125 99.90202086755312 13.482895814068751
99.77122651092655 13.325501564309375 99.91639995728593 13.394315919871875
99.33212051004375 13.328854260140625 99.6479546729875 13.426675435240625
97.39794812952108 13.330821862281251 97.72105669127578 13.448347735862502
99.37009559844374 13.337476819575 99.59370124569844 13.4216561578375
97.72297596152968 13.363730905634377 98.09381741548749 13.487161977790626
96.85565143480274 13.368523592312501 97.07320646318983 13.458840642362501
98.04333835708827 13.381930651825 98.14244472508203 13.640557805434375
96.45317283851162 13.385282515045315 96.72534642488564 13.506726873279689
97.55949032901484 13.384861605926563 97.9456824326664 13.501650922242188
97.85384394813516 13.396754376959374 98.31031754979453 13.548626911184375
99.04469536083515 13.39662788019375 99.40881184788827 13.521293183443749
100.13857682856874 13.397301509426564 100.2615683552 13.480641570545313
96.8069139392164 13.4007728839125 96.95776236023788 13.48673429261875
97.59723424842109 13.406194714128127 98.05336146909609 13.574790681534376
98.23828657580624 13.409937221315626 98.6867348883828 13.575418148696876
98.04791983268359 13.411812134290626 98.36768780863437 13.559415025209377
97.70845584351642 13.413449665982812 98.00671575010234 13.566101756492188
99.16587603364687 13.4121934411625 99.54492472623906 13.53171956539375
97.3583378682754 13.418323286246874 97.57055634020352 13.519681528778126
98.53698680324062 13.418545853571876 98.7950756728375 13.552925749946876
97.10573999854296 13.421020687090625 97.48258678305 13.551767962659376
96.47804513056786 13.422632366275 96.70711660505839 13.5558305859125
97.73133597031328 13.422147022498438 98.1179680176289 13.557095461454688
97.63262268873672 13.4231445305 97.89355705821328 13.496688778125
98.991229020475 13.424214728299999 99.42921224779374 13.56524354701875
98.6381833663086 13.429108276471874 98.97192741683985 13.510227517899999
98.13499861509688 13.431241713103125 98.52785994618438 13.553046785328124
97.02742659757538 13.432851003453125 97.35127729054257 13.574247702665625
96.13922622647382 13.441817185542186 96.46556379556016 13.60290504650781
95.8619408138 13.442593623703125 96.08289744280233 13.561020884121874
99.77867648906405 13.439923545759374 100.03657664074531 13.5371913075625
98.19680767194531 13.4423721295375 98.5538747087578 13.555712765293752
99.47290937296405 13.442232444584373 99.79930377640156 13.602301069549998
96.17190313142919 13.448133201771876 96.51260814579443 13.563626973578126
98.2937133398672 13.457074559339063 98.52512052205157 13.573852727760936
98.86585743948281 13.459120466689063 99.21720680121875 13.583956969735938
98.84055433521328 13.459258750235938 99.17233635644453 13.613721577201563
99.49612641914335 13.46147762872969 99.84158710507539 13.568015660464063
97.10015838013243 13.464688591725 97.36843861438165 13.571173272825
99.38430845408749 13.473735918053126 99.60769870810937 13.572913154800002
97.35094090761719 13.477822697490627 97.5662125089461 13.58697092891875
99.60473625966563 13.486062021983983 99.88376883650625 13.611797722103516
98.01135063840468 13.489740476160936 98.48610519325781 13.655731021542186
97.4904691271664 13.490781302171875 97.73260735150234 13.591994622084375
98.54167736234844 13.489955280650001 98.93468839372343 13.6109290385125
98.06357233419766 13.492012875584376 98.25558305893907 13.604370904134374
99.03224912301249 13.492921220384376 99.38101655292812 13.626488116793752
96.38869225258809 13.49941824878125 96.84968926143867 13.6142495171875
99.73201947182187 13.504761275 100.19781350893437 13.6215943866125
98.32791069680313 13.50666150234375 98.68926409876251 13.615044510493751
98.96242638954999 13.511549154559376 99.19660939727812 13.607785736190626
96.87545652295937 13.518111674043752 97.29480534913164 13.639211243850001
99.57579208996562 13.518251757235937 99.90178994689687 13.683825849157813
96.23603045487343 13.528953337096876 96.65832182732187 13.66477529315625
99.15191616751719 13.526173654784376 99.36757535722343 13.618355588203126
97.74659616653281 13.5281339127375 98.11811804014843 13.6571086732
98.67184108230859 13.53078076675 99.0639176813039 13.693934969450002
98.25334325118281 13.532136980656249 98.37398336851093 13.659049380774999
98.08696625945468 13.543227788260939 98.45235758778594 13.662397976170313
97.2057059225793 13.547352682162499 97.30196818418007 13.687941159078123
100.12617219894375 13.544873960873437 100.28023847940312 13.626619076907811
96.65102003806132 13.548389305752343 96.84671663470859 13.633040836942968
99.98515586866561 13.547476173812498 100.18608789445 13.632806532104686
96.73240962377089 13.554304602704686 96.96909812061934 13.71344277668125
97.9359036842 13.5545566575 98.16559886841563 13.629046883537498
96.29637202770293 13.5600513076125 96.6146175198787 13.674002688690626
97.65864022251387 13.561260434990626 98.01846646256425 13.68402502235625
99.62943303214062 13.55990001476875 99.94818794324686 13.67397481895625
97.65062774460313 13.566888794606252 97.96042592028984 13.683653426300001
96.39525481180038 13.569256946704689 96.77045300198438 13.674890406489062
99.72906297395625 13.569695297812501 100.10440300118125 13.676922110125002
97.57394688767421 13.572464452076565 97.88168807789452 13.694212192276565
98.208172638875 13.57427076709375 98.53783934726718 13.711241752487501
95.94326562630258 13.578466474573435 96.14598963868174 13.73775952464531
99.2072992583375 13.579929237489061 99.4893855617875 13.719966689942186
95.81360883231991 13.583754045548435 96.10592108875332 13.731957330173437
99.64317837153827 13.580053342962499 99.77203010703046 13.708295527549998
99.19829080095 13.584557094595311 99.37302328572657 13.68578275681875
99.41862095813751 13.58969428291875 99.58559411072501 13.66917558024375
98.43244830768438 13.592062621496877 98.72074558050939 13.698236754128127
97.09782287755702 13.598414016928125 97.18285542783046 13.757068451943748
98.834676051375 13.603056613875001 99.14334291491564 13.759330973575
98.15470366980782 13.604992029615627 98.53623714828906 13.724666261578125
97.3775228202914 13.607947672571484 97.78534382851328 13.725070828491017
99.294967092625 13.608846842106642 99.67437490665156 13.74141102528711
97.9369102147539 13.610588524840626 98.30888118923203 13.726631728553125
97.48891853267813 13.6115618720875 97.93039582840937 13.7476171376375
97.42493006828595 13.635075786773438 97.76174297471094 13.768079714548437
96.90663580823984 13.636521221168751 97.27097604944609 13.74044188670625
96.72250958166151 13.63865971758125 97.08093775639394 13.75408182435625
100.06519221375312 13.643657955371875 100.25999926819999 13.760674210953125
97.37219890474765 13.650760859914064 97.75828749224296 13.756137121864063
99.18393777093672 13.652372506990625 99.35003183247423 13.743068585428125
96.88850963210606 13.654951643142187 97.13403492498145 13.764507568970313
100.22046341181094 13.655982823314062 100.4663588744797 13.771846864448438
97.9703057453045 13.659413882993748 98.38659606719864 13.78951617328125
99.02866961186172 13.65950954671875 99.4182896928414 13.805628971490625
97.89724661858985 13.661331465389061 98.22631134071953 13.791351739029686
96.47788858726523 13.663384668534375 96.73188418916054 13.7927965856875
97.80292221551015 13.666925930697658 98.05577894061719 13.78055203216172
99.77285091830156 13.671580560205468 100.06630409198593 13.792272833750781
97.6879430673086 13.678769873514064 98.1450654365703 13.839812346626562
96.95415466669921 13.681344501849999 97.36486497009766 13.826568113731248
98.88889896808594 13.6800607022125 99.21236864197031 13.82257378335625
98.33366437147968 13.68334926901094 98.78006186974531 13.838746926495313
98.35922938616093 13.698113955089063 98.62912307896093 13.824999679890627
96.3283625862535 13.700327917020314 96.75572396105859 13.853735675470313
97.01104401344844 13.70220559245 97.4172609193875 13.838655811949998
96.16450844878301 13.705149373378125 96.41937587569042 13.854549862164063
96.58466209277026 13.711346407885939 96.92969540130238 13.828332803037501
98.75374774493437 13.714577575224999 99.107452099225 13.852121880868749
99.92369743511952 13.721890324678126 100.13499740023046 13.815105030825
99.85996359949999 13.723251659217189 100.08542019525625 13.813911905139065
100.29616653707032 13.72500129180469 100.50526519130469 13.83176467024844
99.66685853670548 13.728029935653126 99.88019976078985 13.846231053084377
99.66330663915468 13.729182249296876 99.90273552717031 13.89531692101875
99.00853049484843 13.733728269553126 99.24278914899843 13.836949802896877
96.63543980306582 13.74027164981875 96.90548787428732 13.86523316853125
99.96925000568439 13.740293149328124 100.23993281010625 13.865382470679688
95.8674339594 13.746053736040626 96.32230773877149 13.882304886009376
97.65544086868437 13.746296381520313 98.02353595938906 13.871213308657813
97.62137941972657 13.746791397221873 97.9353419309375 13.858830118243748
98.00636539508594 13.74792192434297 98.37510507293281 13.890171437427345
98.5971466178375 13.750123911676564 99.08483113688438 13.873886235532813
96.29068179808203 13.753970640796874 96.95020472906015 13.956539814406248
99.18548546955313 13.755661627896876 99.64925616395 13.897286062653126
97.98447465912969 13.761866472926561 98.14470214158125 13.833197863642187
97.93653435742968 13.7644727529875 98.23635895053124 13.873473672962499
98.22346046384999 13.767192138862498 98.4891836499703 13.861180827346875
96.21724567921015 13.769758961346875 96.56599529240273 13.88362275183125
97.43028714507578 13.77024023044297 97.80074996878515 13.893509658139845
99.550415126775 13.769664602389064 99.90030451256875 13.883564623528127
96.20640573816699 13.7732627383625 96.57969405526816 13.901352833828126
96.76919563268319 13.776951531096874 97.13120765618672 13.977282366896874
99.53330753130781 13.776910488453126 99.92972742933594 13.90700720479375
99.66694349748595 13.782601271076562 99.82225674948907 13.864478569279687
98.56729376583516 13.789074987714063 98.6559625201664 14.032208161567189
96.40771875784706 13.793495005421875 96.64982851524003 13.95552406713125
99.19738691738593 13.790982571497267 99.28975119849531 14.037572189621486
99.73563968745312 13.793362823253124 99.98377428420937 13.9570991052625
99.39092759936719 13.79487783668203 99.53892544423594 13.87523663250078
99.25199936234219 13.796288244310936 99.40390733094375 13.881381709860937
99.15553751626094 13.797557897521875 99.4112877170047 13.91447780345
98.40737225325311 13.8030476781125 98.49427167759062 14.043339731615626
96.58447437049999 13.806094601807033 96.78484799380736 13.992277566021095
96.61290174845313 13.807009236907813 96.96025021074999 13.9217604793625
99.9488774792 13.804301692213281 100.25863285493749 13.926105968160156
99.04141952290313 13.806239957115626 99.12657509814687 14.045035007743751
98.89112322122656 13.806503127035938 98.99238591038281 14.054164734585939
97.33900848920196 13.811615288549218 97.49395585140665 13.889020688802344
99.63175032464687 13.816420345306248 99.8115125002 13.93556266348125
98.25624224837968 13.817926533017188 98.33852325959218 14.055974674764062
98.63192842920625 13.82043199426953 98.87607168186095 13.935713956094531
96.86677663970943 13.822742196179687 97.08949620359684 13.929316060429688
98.89695885335782 13.822047244446093 99.10739923623282 13.926945739521093
100.20201809004844 13.822314395757031 100.42588292583282 13.928697551396093
99.08199856861249 13.823919829668752 99.38905376522813 13.958469333284377
99.35869048590469 13.82692369459922 99.70053029613281 13.946952668466407
98.28409755902422 13.829289984518752 98.60782801399452 13.965329324506252
99.61910899645625 13.829685137538283 100.13707119492811 14.034688533375782
98.36970469373438 13.832914859779688 98.96798189272812 13.970549144851564
98.80040480509219 13.835831046403126 99.03718328136874 13.937209195887501
98.85624255132656 13.84489616336094 99.05531208257656 13.922366062142189
99.11586043999532 13.844872557129687 99.5546606486703 13.986192017364061
96.93873752510898 13.850459766309376 97.0511383536082 13.958718555071876
98.68764784120155 13.850823948300782 98.93402027446719 13.948746250722657
95.85095452259999 13.8546496580875 96.23364188273544 14.01345777478125
99.35570043368514 13.854698444164065 99.58299683004921 13.968093226832814
98.45384040177187 13.859801996649999 98.83899017735781 14.043869648025
99.47975621489687 13.866018725445313 99.69922041962343 14.014815237273439
97.14633899155547 13.8688537746125 97.39150705415703 13.973421017987501
99.67838233604141 13.867678978701562 99.78066625189297 14.115360493204687
98.07278830741484 13.871076348820313 98.40206205255234 13.988388819864063
96.24879145305704 13.890050178227343 96.56140681098262 14.118868660227342
98.16492943157968 13.889125850907813 98.48735836995468 13.998079790473438
99.19448909621718 13.890125063697656 99.35196902099844 13.969301784639843
96.57108823817768 13.89297426308594 96.90942723651294 13.997008796395313
99.56276462572345 13.891589981051562 99.89693149993907 14.117759643868748
98.6869740782289 13.89272353256094 98.91568585896015 13.98990768516094
99.91829528525 13.892131402690627 100.1349975993 13.996258702401564
97.7015671576383 13.895740417035157 97.88694866791954 13.990308795994531
98.22624763846953 13.8987364449125 98.52520110330235 14.038449015890624
98.24089497339686 13.907003647397655 98.47783389971562 13.987715592564843
97.98384125231952 13.908699806410937 98.32612578388046 14.081174444564063
97.33991223556171 13.9194307361 97.6392737929336 14.036012223825
99.41961919396874 13.9181654910625 99.61371756088437 14.009094878990624
98.99433519031484 13.9190356994375 99.32913630005703 14.0617605905625
96.82707510111406 13.925081913257813 97.01958330061406 14.007744341692188
96.66763773640709 13.930570850084374 97.01932350076714 14.059892787809375
100.00298608708438 13.928029528448436 100.31139893790314 14.058659352993748
99.41447108079453 13.930768890823437 99.55958560257265 14.013726738442188
96.0607537653789 13.936026585990625 96.43841568984902 14.059995942159375
99.39429348227188 13.936215702045313 99.77055241445312 14.061434418592189
97.3306007679046 13.941145568254687 97.63549212848292 14.0884876780875
99.04973689246953 13.939636635479689 99.25911504032578 14.042514972951563
97.75211181746718 13.94111451085 98.20309826656718 14.073146979312499
97.7567997058586 13.945799015059373 98.08029486064297 14.062761920006249
98.16418287202265 13.9494985610125 98.42266749184765 14.053176361721876
98.81257461915469 13.948962713320313 99.046128169025 14.065480498795313
98.96361620718359 13.951029384753127 99.04903057281797 14.204913905850002
99.73205769060624 13.952934809865624 99.9035552955 14.100539293340624
99.35691166298437 13.956701259565625 99.55488272856093 14.0481800794
99.78043401744374 13.960176890871875 99.9133599099625 14.057343923492187
98.63638169532031 13.965702058798437 98.78113868822031 14.323855218973437
97.26193133320547 13.9712992066375 97.62054235330234 14.137187032140623
96.44567823455175 13.972552247351562 96.67669613626776 14.068095270735938
97.26771188639374 13.976853274872656 97.70934405822031 14.097720331466407
96.31774341588613 13.9789321579875 96.50739770481874 14.203211854675
98.37774590682031 13.977852182037498 98.80789614622343 14.16558430534375
99.28632684944688 13.979276121593749 99.59855546504063 14.131091721932812
96.55656766228745 13.987670871467188 96.91534950892583 14.092308983595313
99.89253036642187 13.985533262840626 100.23340030989374 14.095919706753126
97.80541737396952 13.99011033794375 98.08337915580155 14.108250141959378
98.65952978330235 13.991433318821874 99.02145650551172 14.1190424623
100.2707488573625 13.990492537171875 100.4863045309125 14.098029101675
96.93419886078536 13.994193239757813 97.15794315996857 14.100642884620312
97.56532567513906 13.994258185923439 97.97777226298906 14.102805227367188
98.51664558260624 13.99738876005469 98.88544099992187 14.125763923089064
97.80497126706172 14.005035279895313 98.25040447251796 14.164542130643751
98.44241705174922 14.007887349069533 98.88711330180078 14.160860339663282
97.93275409301407 14.015828879478125 98.34165087298283 14.140343288023438
97.82740873131641 14.016554545882814 98.04248663799142 14.109082064007815
99.15396180702656 14.017020686700782 99.51691931126875 14.138988597802344
97.85367976971797 14.020244302432811 98.16706497928828 14.157916808854687
96.17072157911015 14.028631920023438 96.55535862623466 14.160683499160939
98.24430184935468 14.032932444962498 98.49060022875469 14.120491983865623
97.75648991533046 14.033658657295312 98.14416747582422 14.154856169310937
97.9739047606375 14.0370556549 98.35651042761405 14.179472784529686
98.05456126806641 14.03699139758125 98.40292458683359 14.201160854890624
99.48070589604414 14.035817533823439 99.88787773852461 14.158976278860937
96.53640615101757 14.039622149698436 96.92185821368672 14.162505382504687
98.71030589434531 14.038449526392188 99.07141324636406 14.159135827851562
97.97609452593437 14.040369457725001 98.20696103527187 14.143848587042188
97.16561553494374 14.048813331062501 97.39766690613125 14.142347742876563
99.38598527961328 14.050206024291407 99.61063604190703 14.155388790657033
98.48287161513124 14.05458799798828 98.63344701229062 14.41960189048828
98.89258667564687 14.054908218051564 99.12203819875624 14.155546625157813
100.28209948771406 14.05467496763047 100.48276316777032 14.149738233444532
99.65084399012501 14.055996590248439 99.85297959029532 14.147543890001565
98.97856359082188 14.056916823039064 99.36203759909375 14.171844441098438
98.29138357464375 14.058994298295314 98.6500797965 14.179733950389064
96.4786603051868 14.061005353975 96.7641564457539 14.190465445954686
98.32400701864921 14.062898278510158 98.68313084185858 14.191011466041408
99.80839916263594 14.063456098974218 100.09054677950155 14.178392874232031
98.60287190515001 14.073544967567189 98.83493044284063 14.175166778157815
97.72640908585292 14.07469125284375 98.16531848416582 14.191988196464061
99.24029059542657 14.074123065485939 99.46945147702031 14.176848517557815
97.85358021923633 14.076679669771874 98.0604530770418 14.172927399296874
96.76583822817695 14.080894645317187 97.01171756621366 14.175865941007812
98.36846392689061 14.079962911291407 98.75915062241874 14.216778622450782
97.63429686917891 14.081989252309373 97.83860551235234 14.186381314496874
96.18725518539044 14.08545070709375 96.36982921807247 14.17454467394375
98.03016284631953 14.084455800937501 98.32903150753202 14.207197296237501
99.51816822958594 14.085426022471875 99.70397495238595 14.174636245928125
98.5957975293086 14.09259689230625 98.78407191801797 14.1784277114
97.33037536861251 14.102558866225 97.48656930422187 14.180827033826562
96.95457738817578 14.106850572804689 97.34603089953828 14.224258597223438
96.87389230036962 14.111476039970313 97.16638113147724 14.221110399193751
96.58606520977528 14.111939256603126 96.88128442880614 14.31514346201719
99.84743688374063 14.10961765255469 100.1349975993 14.239272434535938
96.50413862912363 14.116799882172657 96.89234432108378 14.235810814457032
99.71586223173125 14.118446325414062 99.9138631577375 14.232734532139062
97.42776192711717 14.12199388144219 97.68706193574218 14.22329956961719
97.17264417818593 14.122652294883594 97.49903858162344 14.376561500602342
96.3824121956621 14.126409902942187 96.62101255628866 14.223318543310938
98.42818291918593 14.126854307942189 98.80243204537969 14.261734266979689
98.11820721382733 14.127866004049219 98.48104885960234 14.302408576492969
96.98727034991016 14.129081392078124 97.23012641897579 14.2425311179375
98.98461265692266 14.130173281774221 99.18752343384766 14.240660853008595
99.75814114777656 14.131576669582813 100.20431728072343 14.312448856842188
99.2741853646625 14.133067420271875 99.48941536045938 14.226637266462498
98.36109200597032 14.136411523675001 98.5559245413172 14.239213418446877
98.8011673576539 14.137669805173438 99.21088510036952 14.276074887470312
99.43639252172031 14.137921229991406 99.85036238962343 14.280841607396095
97.39449079366953 14.143976986889845 97.76395508461016 14.256553195646095
98.00870324514688 14.15471581270156 98.46855187163905 14.301386261935937
97.51025378873516 14.155600586596874 97.93312365724141 14.298522158418749
99.15609397 14.15712567231719 99.39695058469374 14.283919426995315
99.54419049750938 14.166788314977342 99.85393552163124 14.301160248571094
99.27446932208593 14.174454274085157 99.74871187010469 14.316882551608595
96.97147330886094 14.177426129954686 97.20658159177032 14.275484595935936
98.58161498306093 14.176980825785156 99.02772821003593 14.329626944208593
98.56644953290781 14.180844024959375 98.97679036325624 14.306660746378125
96.44644732487427 14.190278747278125 96.74846086165776 14.297890958203126
97.19549897075821 14.189625550647655 97.5122048591793 14.345784450019531
96.8194988949578 14.190222663163281 97.15947740506874 14.313370658446093
99.78056383329218 14.190812651760938 100.08664279292655 14.299245029154688
99.26616606171486 14.195771864334375 99.52817222154766 14.304258388640624
96.19152672288169 14.204191220917968 96.57622179877455 14.37363801150078
96.33068891143232 14.205091763660938 96.67968873014199 14.339877761879688
96.47941733286622 14.205239424660936 96.87232698808242 14.339915536498436
99.64829960699218 14.202563381544532 100.0164994082703 14.341876619042969
99.81350493887656 14.204915737603123 100.20547682729844 14.339756280873436
96.76649041607149 14.220932220479687 97.08180222056524 14.354208475373436
100.10271787024062 14.2206188850375 100.41500222530313 14.3545273847625
99.04608755828751 14.224110440899999 99.38810732737188 14.332492652771874
96.7077048487789 14.228559446860157 96.94466049693828 14.326468610692968
97.07567959983204 14.228781387426562 97.39593231009141 14.370471116989062
97.49799746580352 14.229929618470312 97.88255520860352 14.4008853561
96.16894647609999 14.232668215123438 96.29450690793911 14.339155285057814
96.49018647663486 14.236410879471094 96.71167118733622 14.435709738821094
97.41885859593242 14.237735878682031 97.64356907908554 14.319481392855469
99.82517887854843 14.23620305088047 100.0448839574078 14.436096331850782
98.05135857669609 14.238057375975 98.27416476071328 14.320130558596874
99.67043798499219 14.238677278495313 99.92126439995 14.351294097435936
96.53540611524942 14.243432241059375 96.89166015209629 14.38079897668125
99.86903576180313 14.240938696110938 100.22535588973437 14.380785041814063
96.69712290226995 14.247527756489063 96.87252693566835 14.336445347734376
99.22815866597968 14.248762937226562 99.48551257086719 14.343878359257811
99.77279020955312 14.2494636563 99.87656754502812 14.416369921525
99.50259559051094 14.254541740921095 99.71711490808124 14.35413463484922
98.92819965212969 14.264481048320313 99.24196906589532 14.404802772064063
96.23088113796464 14.284821010114063 96.59183590318769 14.408647832498438
98.01860003036171 14.284439829976563 98.40416506498984 14.417876534912502
98.01344506198593 14.28652922576172 98.2685462960578 14.397829000683595
98.58814706719845 14.287313401548436 98.87057736279844 14.437594175801562
99.1181406164039 14.290444364247657 99.44368618736016 14.413171128402345
97.87734827472265 14.297538480510937 98.23625431586484 14.408486300501563
99.33571488955157 14.322011587552343 99.63048431097657 14.45302760698828
96.45376141186333 14.326562522689061 96.82160584914448 14.470580569489062
99.79156866939063 14.325255830285936 100.09497770847187 14.47657813632656
96.27938246313866 14.332829967059375 96.5004749322124 14.42859276320625
99.5940084843328 14.331171319725 99.83868086380156 14.430404694079687
98.31579805916483 14.337362381040625 98.68667773447265 14.451611570137501
98.61249029218594 14.339847809942189 98.95085434839844 14.458768762798439
99.32030979746717 14.344927361391406 99.63551529883125 14.55342721447578
99.14314558306405 14.352286470532814 99.50058288920468 14.480744446492189
97.35294338948827 14.359828208240625 97.63152766174453 14.457201875034375
97.98969121544452 14.360362112723436 98.26317572444921 14.457134589532812
98.4154539120047 14.364049887273438 98.6764854274125 14.464259100470313
98.73403240147188 14.364252200210938 99.11914116873437 14.481551134526564
97.12411287995077 14.367161602085938 97.71893144490859 14.518903546698438
96.69819008685137 14.367607698839063 97.00373101131017 14.502345124092187
100.03257092228125 14.367957264935937 100.33538275276875 14.501663111878125
96.9186261605668 14.383812889384375 97.20963296878165 14.530408488475
96.44571406076875 14.387733447445314 96.73903405693672 14.4943212465625
97.29740727339062 14.387421854360937 97.61670902849922 14.528977809198437
99.78027480528749 14.385123247751563 100.07751109634374 14.493674270585938
96.57186941174659 14.390093566309375 96.7904089136168 14.497691046089063
99.90045993660469 14.390725413001562 100.12581859015157 14.501877876470312
97.5232306897621 14.402378428189063 97.89524585767617 14.521840053892188
98.39394074218593 14.401750652282814 98.74378235129218 14.526724911445314
99.55452924796249 14.405066375350001 99.76654148385624 14.501910517190627
98.80430728036406 14.411598251492187 99.01138099932656 14.502927371039062
96.8355988580832 14.41415783335625 97.20960641340078 14.534363182828125
99.17489029325546 14.416088394292188 99.47159307796797 14.544181674870314
98.57519222767812 14.419927112139064 98.98465675394999 14.575743611917188
99.31164350449374 14.422153241054687 99.533016786025 14.509380731979688
97.35871697217793 14.424148740897657 97.77319815017206 14.589370479749219
98.28641917766718 14.425830424792188 98.64582727216718 14.556316919275002
100.02970530378906 14.428992137489063 100.24122305096718 14.627466052701564
96.33555221186992 14.434283157292187 96.8012597532711 14.557894188304687
99.67799103355313 14.432930678896874 99.8224987914 14.551007576940624
99.393079541 14.434822101146874 99.6206462737875 14.52092763619375
96.69061504313285 14.437559293835939 96.90965978347339 14.620608107350002
97.87478777954766 14.43912061712422 98.23146145496641 14.554038679846094
97.77659836036563 14.449280500246875 98.1147022327008 14.607838585609375
100.40969222367188 14.452174573092186 100.49847723460938 14.606850802595313
96.96611846419844 14.458505589759376 97.19043220177579 14.557813814257814
97.06537826653907 14.460173584996875 97.38351566395939 14.613056198023436
98.80055985194376 14.461926612243749 99.06697898514531 14.59896289244375
96.77304342725118 14.466189852110938 96.89189191879805 14.685355054401562
98.94825953946953 14.468772236239062 99.33160574510234 14.636376837379688
98.76302376158125 14.471463635346876 99.00225119123125 14.574616688771874
99.57628314321875 14.471376463846875 99.9566604258625 14.634495630309374
99.3989824968703 14.471670667659374 99.64575864314531 14.571181544940625
97.92220697171406 14.475541939619532 98.16144375763203 14.583320572672656
99.66964220922655 14.479763640382812 99.88877874550468 14.601406271870312
100.11642504223438 14.479717622107032 100.24800840983438 14.684532698167969
98.75074127371093 14.48279421306875 99.23906759292656 14.642517253328126
99.02751789241562 14.482639000692187 99.25205717577187 14.5971394155375
97.55500194284454 14.485712613299999 97.6993351167125 14.784179154059375
97.11117320325937 14.5033070919375 97.4708777122914 14.628475642962501
96.32018632075977 14.51249017042031 96.62508629109531 14.623126645664062
96.8221094996961 14.513283502629687 97.2218654049289 14.652949093198437
99.65444199122189 14.512772451015623 99.95668368657188 14.623299039878123
98.15014603932578 14.516903072229688 98.25940137016171 14.69103795027344
97.48025129930937 14.5234688540625 97.82051447885 14.646528064334376
96.40609614265098 14.525740971834374 96.78334773504982 14.648769127259374
96.36368009484453 14.536862405390625 96.7197178426457 14.663642623340625
99.75071283477344 14.533707734474998 100.11443675671094 14.6429666485625
97.838726952125 14.537564967570313 98.23439197849062 14.672553618571875
99.69623680639218 14.536650993548438 100.05626440527344 14.663748926470312
98.17183754245312 14.53850132388672 98.55761996100937 14.654228803322656
99.10035447516405 14.53988189872344 99.44680553201405 14.683771744745314
99.27676016543671 14.543464689282814 99.48252082177109 14.648740620189065
99.84934936467579 14.544565537883596 100.00451331453047 14.656809698661721
96.51474970206368 14.55282990947344 96.75011020606915 14.648525818257815
99.28971469854844 14.55912370436328 99.57549891761094 14.675413754294532
98.59289208854531 14.560629099590624 98.87024969435001 14.702634155290625
96.55131130234028 14.566447787744533 96.9174228393519 14.664991187103908
99.8989540877328 14.564255036857814 100.13475354005469 14.667912134335939
96.97542861547812 14.567851105000003 97.2678132834535 14.7071074086125
97.76876195371719 14.567961822885938 98.12625380490937 14.690294031229687
100.31463405029999 14.570953404575002 100.54500686719999 14.703004187434377
98.35778573392031 14.57439250884219 98.45926182561405 14.74722985168125
96.62582066423417 14.580678768409378 96.8511812089416 14.713489996878128
96.27916192321416 14.581328159751562 96.48619343943604 14.673661386014063
98.98323411926093 14.57930286935625 99.33483311418905 14.816946501815625
97.16359443201006 14.587970637853125 97.51643726313682 14.7336409617625
98.3162452845828 14.592746831079687 98.66732709686875 14.751698675975
98.331247898425 14.606431772715625 98.68882455323751 14.708105341384377
96.88905361106171 14.610881370983595 97.06930450231405 14.841861349953907
98.79317680151875 14.609053120303127 99.13484581008906 14.728323639256251
97.52163407052265 14.611107349221875 97.72498359669453 14.710578412596874
98.22171496089531 14.624076993904687 98.41779645848125 14.720682252307814
98.7370206273 14.639569285026564 99.06031989766562 14.763562529539064
98.5846916335453 14.643708397014063 98.97377462492969 14.768613379979689
100.22264850375939 14.642075758010936 100.50137451352188 14.772553891573438
96.86392698883712 14.647933976176562 97.19753457720469 14.783355404339062
97.37035179050079 14.650746878151564 97.7133617314336 14.760085420051563
98.37238319523203 14.650673090114063 98.69846545764453 14.775592406085938
98.3272718297375 14.659792513832812 98.70428324474688 14.786666692601564
99.45754307479689 14.66120753438125 99.71325346163438 14.798962853728124
99.75654739710937 14.664382309537501 100.05664312291249 14.782903530775002
98.06690073485079 14.666798643145313 98.32900802200547 14.768103535042187
99.74560875329688 14.673536665826564 100.10678936290311 14.784935975514063
97.55989315880116 14.67651119140625 98.05442845669648 14.801209142059374
98.6899983913625 14.6768487846875 99.13947350458125 14.786961308925001
96.34676251222717 14.680626279520311 96.49049169669549 15.163003604864063
99.13098224923125 14.678339458240625 99.38602933639064 14.817897551262499
99.68222622991874 14.679714142928123 99.82519318959375 15.164358472093749
96.36963373279902 14.686442741676563 96.80481117460957 14.836781644232813
99.599398513475 14.6838509182375 99.84345536995312 14.77873382705625
98.82520067852188 14.685743671340624 99.06114425718438 14.7928964297875
97.44239450747891 14.691215482956252 97.71427650675703 14.804080740671877
99.13034272053359 14.69136094025 99.35969271818203 14.78885245620625
96.88068746809678 14.693948417373438 97.21750400754073 14.812581117548438
99.20558214898438 14.693514047656251 99.52290375946562 14.806645262265626
98.77631982154844 14.694197544534376 99.06747493656407 14.813855850934377
98.27607950621406 14.698949553493751 98.63072426497031 14.82295553845625
96.4077192267082 14.702850596257813 96.65950854098867 14.943475494017187
99.75352610579061 14.703583570271874 99.99288093994062 14.942750482784374
96.98319505166337 14.706796770748438 97.35363274284443 14.830142641145313
98.13691607734843 14.710864479307814 98.24633146008749 14.857120067639064
98.03689867978906 14.715454988478125 98.38543837416094 14.816434202621876
99.31391748879219 14.71496946067969 99.52912717949687 14.810566630976563
97.62683437061563 14.716766247996874 97.97731340036094 14.876190285820313
98.67482726203595 14.72173211280781 98.81975386217657 14.788120208923436
99.3142201248539 14.722740798122654 99.44222223158673 14.785757054517967
99.52174798015625 14.73116987566875 99.78284120711875 14.85656138456875
96.17368582991244 14.737144748579688 96.57001159293598 14.85347859380781
98.16184572037189 14.735211508907812 98.56988013113126 14.90677281605156
97.57855203291015 14.737925160887501 97.94205478859844 14.85267998659375
98.45736847530233 14.739270653682814 98.8062660966914 14.865276889295314
98.48201287208906 14.739310579045313 98.83826452010156 14.917555844770312
97.92047627793164 14.742660636367969 98.14989535270743 14.865009964691406
96.64587214879805 14.749222701762498 97.05959059188321 14.873375998178124
99.0099200489914 14.747901149367188 99.3735388622164 14.869233232385938
96.49051451209375 14.755372028799218 96.88126819451914 14.901268495696092
97.44942500521094 14.755435973034375 97.86737128700078 14.872053293275
97.1292152281835 14.759130537003125 97.50128538905557 14.885289658015626
97.07533068010429 14.760071030864065 97.33050517176366 14.86052231261094
99.84284261041562 14.765040238723437 100.0965455801 14.905521218092186
96.88900208403828 14.768485623820313 97.18998247483829 14.890345241096876
96.86736863124082 14.777266663656249 97.19059812773575 14.9301154348625
100.20102037451251 14.778392202785938 100.4939233200125 14.931972753589061
96.20518417604464 14.784680130263279 96.56077274833223 14.937048347621092
98.69309830210312 14.783533359134376 99.03373334352813 14.963302701190626
96.16426484988598 14.789091311 96.27527178108555 14.894534460312501
96.35464816508829 14.793120217385155 96.70228906052657 14.917829714071093
99.27264578332186 14.792776275609373 99.61730680694687 15.036123648278124
97.41964852791328 14.795987361675 97.86641748992422 14.955779678131249
96.83874890513358 14.796731703376562 97.12055412240547 14.922146304342187
96.20206936002656 14.797720282668749 96.49318904066561 14.932871772546875
99.41862860403282 14.794763997368749 99.87456949562657 14.916791231190624
99.24765847309844 14.796840793479687 99.55640735328595 14.926602276729687
97.35670436868594 14.803805231559377 97.56467628937344 14.903039004053126
99.54986418567812 14.804537240651563 99.91900279886562 14.983027760039063
99.67087848763477 14.806298023145311 100.03327720370274 14.919803488473436
96.73558586190703 14.81080631069219 97.01001366188554 14.926059606504689
97.31472535969999 14.810852371883593 97.69371333608515 14.983262909647655
99.69543634044844 14.809808559929687 100.01814079105469 14.972678491339062
100.06914070808436 14.810612416968752 100.34391717834687 14.926126095728126
97.14136307629883 14.815007269103127 97.42729002821524 14.928761969484377
97.75199533549062 14.817160260582812 98.01974942896875 14.938960555139062
98.66323131671719 14.817874710653125 98.8742916021125 14.919021939481249
98.31892250839766 14.825800025928126 98.68891632429141 14.938681209206251
99.60415667341093 14.825529300836719 99.82441436928906 14.92257370662578
97.96791044534844 14.830481581103124 98.19852493265938 14.934539206478124
97.97820690612343 14.831915336148437 98.23851978052343 15.126367042601562
98.75985981075 14.831585256128907 99.14824128110625 14.942590806283594
99.09999085003125 14.835143658220314 99.47959335405938 14.959995290551564
98.12298563951171 14.83709089629922 98.31042313991172 14.946358967585159
98.75421965854609 14.836694150723439 98.95553907363828 14.949949186581252
97.08613162876016 14.851648911195314 97.29520042256485 14.943851149706251
97.47116948369336 14.852187522793752 97.65889921816523 14.941158066534376
98.6888866099914 14.851234741796876 99.0773811518414 15.007804520681251
98.31477770208906 14.854851699749998 98.64619184282655 14.968879523528123
99.65559229823906 14.859809211329688 100.10654291482344 15.000644932603127
96.32547513402949 14.867817778571876 96.77849025095507 14.994465814353125
98.27076422656718 14.870392207607813 98.49491970386718 14.960252592153125
98.90591593397656 14.871652914949218 99.13486978325781 14.962761067316405
98.09036517263125 14.8734612531 98.4445034985 14.993042320521877
97.92792845843125 14.882205295653126 98.290902286375 14.997764760404689
95.93098085189999 14.888735071425781 96.13024947756493 15.039896529285155
98.80500085956562 14.888934634398439 99.01877685150625 14.989500978334377
97.85891773649219 14.889900274890625 98.21315878223906 15.02962877143125
98.38946555178437 14.889443595114065 98.6940001299953 15.036942969876565
97.16372624147655 14.893498826263281 97.38500874730155 14.98179492243203
97.74945157107422 14.893017888547657 98.0450566863914 15.033312140696095
97.64858190703046 14.894007816628907 97.96165119325468 14.999867817539844
98.13708112649141 14.899431255454687 98.43175021687266 15.030325046198437
97.12485847916406 14.904833276707812 97.46230860715859 15.019424865398438
99.18896606666718 14.903140985616405 99.31206429456718 15.051979700185155
99.30193932484218 14.919584643293751 99.64980457164218 15.12219601964375
96.1250013113 14.922893385661718 96.332825385535 15.04105190221328
99.80928174854061 14.923842376748437 99.89049813589999 15.048173243185937
98.95024238770469 14.925349937897657 99.33571067454062 15.085891552069532
97.44283560465703 14.926900134246875 97.83495798964452 15.036984390610938
99.23723491000702 14.929915185185939 99.47154810920858 15.035480563190626
99.90847281694062 14.929326118494531 100.0845291141 15.041672202872656
97.02010582614844 14.934261456220312 97.39082425513594 15.083143966085936
99.90740079910155 14.93272231323828 100.18710384212343 15.052954338027343
97.33810312364689 14.936445497315626 97.67098082357813 15.05440693503125
98.50164487674688 14.938345773927345 98.79125202708751 15.04289788801797
96.52074241633164 14.955978705753125 96.95705246424023 15.085174831534374
99.47561221745624 14.95431717691875 99.76124673623124 15.097552880460936
96.6457494490711 14.958949042953124 96.87116951556837 15.06287050476875
99.98445971460312 14.957698146200002 100.23416934949061 15.084014930281251
96.6590149860126 14.962777206220315 96.89324051996932 15.079867117528126
96.7096235756389 14.963996534736719 96.82811591935253 15.319742148000781
99.09717359661718 14.963702900495313 99.74432953203593 15.16230660904219
100.04356859187656 14.963473529310741 100.16279053786407 15.325674270729882
99.19180171784375 14.971209964102343 100.1185181625 15.213215608130469
96.81432089481484 14.974693961675 97.29875739538984 15.173958581065623
97.28676670223838 14.97579589924375 97.51523039256631 15.088416699575
96.87781994664961 14.977318257290625 97.14213222746719 15.105257458051561
100.21332676911562 14.975972746328907 100.47015513044063 15.10651537841953
96.53501660856561 14.984697356197655 96.91506721810859 15.14944610584297
98.48160484931952 14.98504767689375 98.78713835843828 15.121560006087499
99.1551523979711 14.98526200355 99.29603350709766 15.33473254705
98.22800423537187 14.987148500342188 98.58651532256405 15.126122125220313
97.03253902169062 14.988430452948437 97.35395728405547 15.113682613176563
99.35855312792812 14.993636050637502 99.69445509217812 15.1417374116625
98.03667826790858 14.99676044693047 98.44943779306172 15.143674557271094
96.08665768762597 14.998838473691407 96.40719277801543 15.160123015353907
98.848663053825 15.005470629496877 99.03208970130937 15.085844156460938
98.80996165132969 15.007725657714845 99.05005941297031 15.106691482619532
99.34417565895001 15.015078687984374 99.57804811820938 15.12262958549375
97.48865234572853 15.017585989685156 97.8362805007168 15.184065051696093
99.59614999264376 15.020257282770313 99.82060845377032 15.121070871064061
98.13301555877422 15.023878235610159 98.41192311994921 15.13713486402422
98.76380027787656 15.024974113379688 99.04647901225155 15.13846922709219
97.60801030814687 15.026621158730467 97.99046866367031 15.194069291219531
99.88075309762655 15.025862774039062 100.11788074186093 15.140182831889064
96.54230483620864 15.029581990091406 96.89580890166714 15.136278481172656
98.1224508564914 15.030989561248436 98.3488709487789 15.134678509851563
98.761047064 15.034883361279688 98.98482510546874 15.138085385809374
99.60126018977031 15.044151873029687 99.98411230482657 15.166963838943749
97.65412085267187 15.046777392382033 97.76725923378437 15.286255649641408
98.70066198349376 15.045950390890624 98.92427201027813 15.13277098369375
96.3509611983 15.05197829165078 96.64961483953506 15.166934575722655
98.24293663262188 15.060108656001562 98.5469277510125 15.173960502314062
96.32618305046974 15.062071966663673 96.5611121210336 15.176834556081642
99.63238733610898 15.059257579586719 99.96921318205351 15.256396136383593
96.27728102260615 15.064291044995313 96.56183573847626 15.19440846456719
96.40367803251132 15.065444063409375 96.61216753398007 15.23879620005625
98.53457580137187 15.06541761369297 98.87933874859687 15.16872833018672
96.62619136741952 15.06733545885918 96.7853060511914 15.436380210762694
99.66598026924063 15.065277682860158 99.88627379763437 15.169439819739065
98.67700746998281 15.080273863390625 99.10566906743125 15.214396960070312
96.55158772157031 15.086870746780468 96.99497926991405 15.238390529796092
96.88548656220449 15.093632562272656 97.19550271902794 15.241536048183594
100.23033606614375 15.092595210945312 100.4768239597375 15.245333299492188
96.45143142046504 15.100646743992188 96.77046099775704 15.213108288698438
99.78760597190626 15.100662271415626 100.10422526508125 15.212808489984376
96.08690786901592 15.116161248534377 96.32226648186085 15.229474810834377
97.2611858288414 15.115158507767967 97.49445013068281 15.21294663732578
99.41792967982657 15.11750257903594 99.6548741800922 15.229175410259376
98.03151741126563 15.122110880748439 98.37241681702812 15.276701908492187
96.96773367347187 15.129845549270312 97.19337022808438 15.224679486984375
97.94220061584062 15.130189443329689 98.27539483632656 15.250320738935939
97.35715844628672 15.131031976139063 97.73306741423202 15.270593254273438
99.89222715063437 15.132640409359375 100.0845291141 15.26405735483125
99.3027779559625 15.141696898562502 99.54446031107187 15.273825716678127
99.14589946905 15.14265408105 99.50482621342343 15.259460517345314
98.33154851437187 15.144548232540624 98.77216503345001 15.285334584570311
96.16345333049999 15.148298638639064 96.29002445079111 15.246922462089064
99.26622336074844 15.147956414371876 99.60015374036094 15.313641188953126
97.2417556371121 15.152721306339064 97.46273655259726 15.26319295201094
98.96818450360156 15.1534679009 99.31496920098593 15.265156259546877
99.43370784806093 15.153629322546877 99.62313285866094 15.245284517985938
97.94876099949843 15.160141214668943 98.22464230565937 15.274549559856053
97.76263972845 15.166042148796095 98.07346709361327 15.295712458200782
99.65221174136875 15.166316421912502 99.78204170453749 15.253132635185938
96.4734386970295 15.170456113717968 96.616791055317 15.523596304957032
98.39545396142343 15.169652274745314 98.70721277292343 15.29715949462344
98.19476777759218 15.170534557590624 98.46657253789218 15.292858006874999
98.86102201170235 15.170054549570313 99.0558760465586 15.249004729385938
98.49137995958203 15.186110690429686 98.71201270245703 15.283943013423437
95.99214221572865 15.189936230335936 96.10034832571645 15.462380800109374
99.26942125661405 15.187805610097655 99.53570820764688 15.294912184413281
96.6246719698291 15.191329119846094 96.72701660188768 15.463707200396094
99.76849707604218 15.193958849308594 100.08165733704219 15.362224162223438
96.67083609186446 15.198046501153906 96.89693608034571 15.291602810616405
98.26030943061407 15.199455117157031 98.56491129432656 15.342089630714844
100.3419996987125 15.204733198116408 100.5340460569 15.344267800933595
96.3454680527 15.213057924107032 96.57364689941241 15.352945278133594
98.38828620157031 15.211764967501562 98.67931789347656 15.314252332414062
97.01029420848046 15.220975480240627 97.2728107825914 15.3348870474125
99.63462462039219 15.22094884125625 99.89946752104532 15.3387709303
99.25909422139063 15.224972499267968 99.5578442371625 15.348016978394531
99.08251268239921 15.22668335520625 99.41774776371953 15.438972496817968
98.6141204028078 15.227272489562502 98.96673624490155 15.317647269776565
98.76249357142422 15.227164073128126 99.15375517975859 15.344724186668751
97.79269212302343 15.230424606118751 98.13399245482186 15.35394326886875
99.62590232757579 15.230058673404686 99.83350835846485 15.323829181682813
97.42829080101562 15.23417957855703 98.0088398629039 15.417424276489843
97.34764450789064 15.234504692315625 97.66816178155703 15.394611140492188
96.46408399804297 15.237119408750782 96.82519662540429 15.347277320841407
98.61566864991798 15.235762015475 98.87637568198986 15.341970388065624
99.80171140869062 15.236335273867189 100.13350935548438 15.346668367145313
96.86623833389142 15.247371161693751 97.18267388588907 15.374077325778126
98.18904773262345 15.248583809789844 98.50886408247032 15.389644877772657
98.88057720896562 15.250306046911719 99.25167148122812 15.388016774683594
99.00749518303125 15.255194771610938 99.35896995857188 15.429663290189064
97.21914828394219 15.261651804522655 97.57231475235938 15.419698281189843
100.00782506925 15.259867692778904 100.310506310125 15.384669955866405
96.6755621345631 15.267811960562499 97.02043257933497 15.379475634587498
97.66407046844063 15.270048149848046 97.92980838570625 15.415752713716795
97.6653879331125 15.271838241704689 97.9658389980289 15.387598766682814
97.69740161198087 15.278298595703905 97.96016284254571 15.388565199758593
98.05272347119687 15.28111550002422 98.41721978291562 15.404896536416407
100.16223831898438 15.283843342221875 100.39632019939063 15.396922599683593
99.9468993991625 15.28921418400625 100.29464838935625 15.466922758275
96.10198853826621 15.29339841801875 96.40391122469238 15.410194104559373
99.43209594806875 15.292225301271094 99.7526440775125 15.407646611767968
96.64578406606684 15.297324570075 96.98385407169799 15.41047728419375
96.61411246370196 15.297374044092187 96.97080833537345 15.460177088139062
99.97219528967344 15.294994063072657 100.25974246850468 15.43414764680703
98.68561233428984 15.301851749278907 99.03734590022108 15.427811402621094
98.1849952841 15.304239018635156 98.62808305233906 15.449319300453906
96.70904563828017 15.31459458042422 96.9278729200415 15.413727225596094
99.47052812675156 15.313059822103124 99.82650187369843 15.44036797245
100.0433504540328 15.314561933021096 100.26235082675156 15.413694976332033
98.00885805303203 15.317174458685159 98.32028601097109 15.430360616485158
97.01688652128281 15.322608508271875 97.28724165725626 15.452218698678124
96.2994412906 15.325219188141407 96.49489119033066 15.44622041759922
99.18535236693751 15.33446288719844 99.49865675427813 15.488970902947658
97.68096935511288 15.342037687839063 97.82617544887539 15.423172854829689
96.75490868126445 15.34560261096328 97.14812236542227 15.51048792230703
99.12293660055703 15.348675700310743 99.44930034728671 15.499923255742383
98.75593126940626 15.358329710814843 98.99354384701876 15.455639277219532
99.35973772093905 15.36105768666758 99.5984189037953 15.484538924345705
97.96328002161562 15.36893112381289 98.34441854614687 15.497593146041796
98.67130312565936 15.368584982363283 98.96314861380937 15.473844191428908
99.66893177787811 15.373951683584375 99.89599128149999 15.499338414815625
99.03856014900781 15.378511868871485 99.30836864004843 15.492076059711328
96.32513690703789 15.399894893489064 96.68793868913926 15.502310991509376
99.6587205187625 15.399106379075782 100.03173700641875 15.503861544088283
100.09918092642499 15.398962224867187 100.25441216178125 15.49889891187578
97.72943897388593 15.403309467506249 98.16860427608124 15.524418990789062
99.35629303714062 15.402614112832811 99.45839978110936 15.663276553329688
96.26824049593965 15.411882429745704 96.62879035373614 15.56571958117461
96.86025823535157 15.412969540428907 97.21370459552969 15.574582148678907
99.60157482284374 15.411924333882032 99.96035863529374 15.56591476885
96.18536466559861 15.422271382721874 96.37481029233695 15.515598364084376
99.26401601648125 15.420965458060547 99.57992582584689 15.551589509589453
99.51644787069688 15.422479808521093 99.70900862455314 15.51495278159453
98.37363468407031 15.425563056160156 98.6639887432922 15.535704644549218
97.32952534171407 15.434484621149219 97.49159421732969 15.510505293742968
96.3544425550752 15.438411799985156 96.65736571519805 15.570717391844532
98.20223485530782 15.43967353588828 98.40380430173126 15.543677611559374
96.78656164608849 15.444637889949218 97.0551326213881 15.558964716163281
99.67341640413399 15.442934261596093 99.98860418830976 15.575594595360156
98.62132671983906 15.44568321832969 98.7197769546578 15.644327537060938
100.12194270637814 15.444234376009375 100.38810026221563 15.55867148674375
99.89315687178126 15.445054542478125 100.29669629252501 15.600484449226562
96.85210801386874 15.449016529062499 97.26078203503202 15.593319842500781
97.43972461200548 15.44916497206875 97.72107077493828 15.59741921849375
98.91946703445156 15.448975951316408 99.25854774097655 15.567337120650782
98.09156597107423 15.450872096290626 98.39755534941953 15.576182782960938
96.5555285902044 15.454515222416015 96.7899664815836 15.597563004320703
98.7458246753828 15.456903231431252 99.11185700760468 15.572946037004687
98.76278759712187 15.461348872482032 99.16212028053124 15.604184048127344
96.6489553716957 15.463490414682813 97.06474264488438 15.598558892566407
97.4649362810492 15.467634863202344 97.84090974752264 15.61239942074453
98.1432830298453 15.468875472110156 98.47169759088594 15.598408622607813
99.98448707785312 15.48085753919336 100.1295044537 15.582206425456642
95.99804429401972 15.486591026701564 96.24150573352988 15.582924953333595
99.3380509339375 15.486104699836721 99.5762336466875 15.582549707267189
97.65895704262539 15.490627465958987 97.89317150333945 15.587271144781642
96.13928066045332 15.492640325754298 96.45320273566571 15.610335607506642
96.50178832054843 15.497199674635937 96.8861506766035 15.659738752484374
98.06685317864061 15.502862735114064 98.39331805269218 15.624105634982815
96.97239111893477 15.505470626228124 97.20734512295742 15.59857226088125
98.54142364299219 15.52220158815664 98.88647165778593 15.671062598512892
96.4579229160871 15.526448019914062 96.88062994571679 15.62068415182578
99.05433743613905 15.52499243509258 99.3396645915578 15.644806015726955
97.82859958096836 15.526954534607812 98.04804885548009 15.629128165939061
98.7518062338453 15.528383282826953 98.99431034797968 15.794730950066796
96.4849540039715 15.53261445010078 96.87403848837735 15.653120991773436
99.81888578830626 15.532656453771875 100.20715179833438 15.653019068173435
98.47200476620313 15.535880161011718 98.7831735356125 15.665474226785937
96.17608902015918 15.54095516519375 96.47649795698604 15.645689626975
99.48510491359102 15.539658824406251 99.81332737253398 15.646995523100001
96.8301775559327 15.5441394406125 97.16351157299697 15.667525124915626
99.86436848179375 15.542167751201562 100.20715984438124 15.662965332528906
96.53565157266699 15.54924606652422 96.86642829276542 15.655905331603126
99.46150470203281 15.547251195990235 100.09720458406719 15.75864313122461
97.08853869527266 15.557406171383592 97.39247666209845 15.69107718115781
96.78936366973086 15.563670392196094 97.15255249276835 15.681831695721094
98.59670231972345 15.566375486298437 98.93072148434688 15.674179003042969
96.18034361276113 15.569670107995313 96.7314967239457 15.734390589767187
98.57762108761875 15.567365151777734 98.788184097325 15.664412742679296
97.70753059664844 15.56985715366836 98.04729729677813 15.700765277418359
98.10271802689532 15.578260227223046 98.31996658773907 15.673880887724609
98.66305749446562 15.581394925095314 99.0153301406875 15.713964483153125
98.35541032056953 15.586218529408594 98.56922453386017 15.68886634436328
98.9133124363047 15.585841465523046 99.24116801010157 15.741772032142578
98.10686208564063 15.601044104132033 98.30642690188438 15.682895125157032
99.40074922948905 15.601952821315626 99.63454644046561 15.71057829615469
98.25638995595936 15.606453794232422 98.35234067374374 15.758579544901172
98.29680867936719 15.610704289517187 98.69294510238281 15.717565610170313
96.46870596036815 15.624083126860157 96.773230386033 15.722850280372658
99.8011356157875 15.622932704039064 100.09853832897187 15.72386812288594
98.84387421210155 15.625580168187891 99.4291063847125 15.887798735210547
99.3836702466414 15.633589455578516 99.57715428498359 15.718078147892578
98.119633334292 15.642329283789062 98.43769637924238 15.771082678932812
97.14506022595157 15.643487868460937 97.42180967433829 15.765141846911717
99.93656649607344 15.645141348682813 100.28901511976095 15.78372519541875
96.60300776804024 15.651042366797656 96.96066524508242 15.779682292308594
97.64590493310509 15.6515625267875 97.94273571952618 15.774312383007812
99.54167228632812 15.651030682446873 99.65173384876562 15.790320429740623
98.27876101470937 15.655702007164063 98.70827781486406 15.779749796728126
99.55924212436562 15.656582840341406 99.8967422188125 15.804370467785155
98.03257390726561 15.662911344558593 98.25096194210624 15.760292177855469
97.79057756455312 15.667672743 98.16588136112344 15.827655768067189
96.2655778273215 15.67824591844297 96.4390129759629 15.776304981632814
99.7903620356203 15.691344233271876 100.12895701248905 15.819327229329687
96.45055650569648 15.696937091752345 96.84350741807305 15.813375647553906
98.12650754879218 15.698625721450002 98.4395698675828 15.814873568640627
98.29334715358438 15.709270793201561 98.61973439051874 15.817941058685156
96.48688196301582 15.72436811120078 96.88965725536386 15.89323003550078
99.82061293596094 15.724519204975 100.21080434649531 15.896906650673436
96.81072560110508 15.72968518325703 97.16122374152539 15.846423139633593
98.86249972679374 15.736306039585157 99.18568433310936 15.88573439810547
97.61482621405546 15.737709880707815 97.89773089234843 15.846247764953127
96.0878605987668 15.74297519891836 96.42229014522891 15.920166789614454
97.45127502434767 15.74285908275 97.55310247376407 15.939679128296875
99.41512315566563 15.74244627117383 99.75696853984063 15.919323531080078
99.17233643023906 15.74824616475508 99.47098930007968 15.883396261146487
98.94654859069452 15.748638788940234 99.2903520227789 15.995783412917577
96.99609122249453 15.750609923051952 97.09776717999765 15.877496245062108
99.41445288064219 15.748302364889062 99.73915041539532 15.88456267205625
97.11943451345233 15.755657357210156 97.20766372225859 15.964761983530469
100.014063571525 15.75449815538125 100.1115885311625 15.823965857145314
96.34930791647929 15.75946184859375 96.79313084849726 15.897307545507811
99.67449855769688 15.76386934755039 99.8224987914 15.894141046008983
98.2959434603203 15.769881305795312 98.63271734911719 15.886062663762502
97.60510912375078 15.770810778496875 97.97311363781874 15.882455739985938
96.30144709031318 15.79090483189414 96.63830496156855 15.929144288341016
97.07959981379999 15.790915544978125 97.42831030982968 15.9090951629
98.3104684324625 15.790094802255469 98.7301185503703 15.912471004965624
97.66013293017735 15.79226783656328 97.9445236625211 15.91149296766328
98.30231246994843 15.7982553422625 98.67095102047344 15.9182257896875
99.72254812226875 15.80130411208203 99.93643718570313 15.896588743214842
99.60065749049531 15.804594744023438 99.96370776113906 15.92504813413125
96.89345037497344 15.807514943907421 96.98920461113046 15.958445282041016
99.08861253062578 15.805739580307812 99.29725929702421 15.896502147968748
96.57898122489999 15.81013008222461 96.76869892992016 15.97894084565508
99.09601795753828 15.8086325237125 99.23480405891796 15.896667042517187
99.46150088036796 15.81237944498789 99.68718441538984 15.939590250333984
98.82209107568515 15.813416298641405 99.05395014570547 15.93935962828203
99.21007655483437 15.815477237960938 99.468189312775 15.937124647117187
97.55468220006094 15.823592772530468 97.94395868702969 15.957229741414842
98.58932239466563 15.823052766108594 98.93287619355782 15.96094862854453
97.24529009891094 15.826740915054687 97.65394361591251 15.992974524333594
97.10551803601562 15.827281313040235 97.47272905893203 15.95079758695586
99.70068408615624 15.827266982822268 100.09905327303437 15.971892987970705
96.43629141882734 15.833746342285156 96.76862924218985 15.946818632313281
98.13454886720469 15.832479766625 98.40444494883906 15.982627363361718
97.98689519794688 15.834164061383202 98.34469958830313 15.963715128138672
99.77237006852187 15.833337652537502 100.10306118872187 15.949069511503126
96.82169762483593 15.838027227005467 97.23103554288593 15.973097496514843
99.52018428364218 15.839517073624219 99.70298465838124 15.934148756694531
96.40368083202833 15.846023548014843 96.78438538498145 15.97035083120078
99.71346646547968 15.8457648708625 99.99465058581406 15.971047687798437
99.7330931905625 15.848722333649999 100.12230916039375 15.973700972342186
97.4077444009992 15.854476331664843 97.7749317346414 15.980825763149218
97.84217284571093 15.863730247468752 98.23000090277031 15.993245680778125
97.68897049301953 15.868205319278124 97.98162619416172 16.010939765740623
98.12323798844844 15.878267927622655 98.26736592162969 15.948092361986719
97.8396231422 15.893220246773438 98.21167454076874 16.02427667732422
96.5428908692502 15.904344579865624 96.83425261843927 16.021873439489845
99.8781837417375 15.906544596790233 100.16372429969375 16.01053772363711
98.20696312817499 15.909883710757812 98.50056440959062 16.061654719521876
97.40034339174647 15.915651535409765 97.73742723180351 16.123796447519922
98.76585082924765 15.916259936157031 99.1494418904039 16.06000366514297
99.35794433139219 15.921105219100783 99.81769063614531 16.043496352025784
97.61132018530196 15.931226604567968 97.86717768452306 16.05337765963828
96.15246703929999 15.93353153738047 96.48006758014365 16.043562642179687
98.69855094586406 15.944278989840626 98.93362021114531 16.048942981007816
96.80811620242129 15.952967101544532 97.15003673534433 16.09211471319297
98.76791120680781 15.952577555916406 99.1436250866125 16.14164503763828
99.38822624678282 15.952856132540234 99.57075150742969 16.052430712071484
98.93683478593593 15.953683669820311 99.1224496057078 16.044186252673438
99.12301705819219 15.959046100079687 99.31731051324844 16.06050825690625
97.34348148727305 15.966996413290625 97.56903861314258 16.078999699935938
100.1527058210875 15.9684369938875 100.36285476616874 16.09727021591328
98.03722842632344 15.978019750933985 98.24588315550312 16.073760649432423
98.36944990568907 15.9780550829875 98.69440543455468 16.100376541576562
96.50411270031718 15.988091630514063 96.95314986056718 16.119945732676562
96.60118204541054 15.992498603253125 96.96041973639178 16.133179647500782
99.65913001838437 15.99365931482578 99.78785235868125 16.067580600142968
98.33589908312187 15.995388922321094 98.79504897555937 16.116119019077345
96.50287231010469 16.002167775310937 96.89034084759064 16.14283070423125
98.69462841338436 16.00174373625469 99.09106184814063 16.15144740793672
99.83559006890313 16.00118238113125 100.22121800950313 16.142853796296876
99.70377037277812 16.005283751951954 100.0734305481375 16.13384385058086
97.47987507885 16.007796287085938 97.90322331143985 16.121733335157813
98.9075123407578 16.012387667988282 99.30408193907344 16.14496777673125
97.04893608672774 16.017558900097264 97.22465117871054 16.093519254623047
98.67747078124219 16.020586454970314 99.00151895118438 16.176236731689844
96.87633466349385 16.023785534775783 97.21228475280303 16.133871781835158
99.27100039829219 16.021574998598048 99.52285998411719 16.165599216553517
99.20911483688593 16.025603935408984 99.52294317523281 16.135019119078517
98.10180012565155 16.030925061191017 98.48399770008906 16.168796836213673
97.46829293163984 16.033868702349608 97.85078473084452 16.167618941797265
97.5874122170414 16.051452635202732 97.96573231514921 16.187915993291796
98.61434256440468 16.058219763917872 98.89080395917968 16.16907008960557
98.0990913645789 16.070095677039063 98.46560902831797 16.184891511068752
99.80182280280313 16.073354666626564 99.9770477856 16.211886357145314
97.67794014715469 16.077348356823244 97.96363677562343 16.201843256554493
97.08208811952345 16.07893712745703 97.51102483106406 16.272538218683593
96.64574504290235 16.080189538754688 97.05993547984609 16.21059043333906
98.24169043640157 16.079974511998437 98.53173952110157 16.17873111482578
97.02909643738593 16.082294886303124 97.32565629017499 16.203220270269533
97.6916527196586 16.082119465242968 97.9795518534211 16.228914332934373
96.88619152086133 16.08481012539463 97.19468579111836 16.234035781364746
98.86121663193437 16.084531575037108 99.0387448492078 16.17590747592383
99.79701801969375 16.084172223439065 100.04599507870624 16.182180623433204
99.15949734607189 16.091434447238672 99.35595189995938 16.187308523253517
96.80869930689727 16.098829063091795 97.07804038267852 16.22424326591836
98.80655718516094 16.09786020840547 99.17331213978125 16.211687370096094
98.31934082883672 16.10012830465938 98.5985107636539 16.223729979403906
100.14176533784062 16.098346319478516 100.41697498340314 16.224626673835548
98.51242620123048 16.104267881214064 98.74274845446953 16.224990811467187
97.23385160711406 16.10656540275 97.52071279234063 16.22526638377422
96.35330695900518 16.119651287547264 96.70618253706984 16.2637167128957
98.53567650562499 16.119052067641405 98.90034003574999 16.23499553751875
96.75384825091444 16.122066399438282 97.03847298949218 16.238360032621095
96.16345333049999 16.124470723221876 96.29517200317201 16.2310740497625
97.63215642598516 16.125635268726562 97.96100893999453 16.27128986614297
98.05509949535234 16.12549513781797 98.31370116806171 16.222431249782034
99.65860017755156 16.133708482961715 100.02919120203907 16.260072247452342
98.81088669958125 16.13461299906836 99.31531296620625 16.326786761755862
99.52819729327813 16.135995039289064 99.790923686675 16.269681277882423
98.67407999637187 16.140572056091017 99.03720193204687 16.274719638323045
98.92777414312656 16.14593977005781 99.2797784436203 16.279817015866406
98.41620536392813 16.149632360721874 98.54050597179688 16.48058047968672
98.41266771389063 16.150522232290236 98.80879856295938 16.273255565739454
99.45067955449218 16.150810961690624 99.81508986817343 16.28972108338828
98.76426760831093 16.15861378009492 99.15189181817031 16.271217659516015
99.09765178303905 16.16241596378203 99.48216931379375 16.294487250803126
97.51059208377578 16.166830515300685 97.86770988331875 16.29390460964619
99.9456038326922 16.164642171277734 100.15166309332345 16.35169487027383
97.0883468165751 16.168335468163672 97.44789739509208 16.393055904793357
98.11348365163984 16.170417303270117 98.4549695162414 16.28458547106777
96.59876169251251 16.175455628215236 96.92928439988907 16.34014903653086
97.94323288208437 16.178571063928906 98.27789822640625 16.29523556364844
98.32148097041484 16.17824098384785 98.64613550614921 16.284675200821678
97.08449826325625 16.18113944854375 97.30207409440938 16.28088582508047
98.04739643340469 16.20540210198203 98.39900976133906 16.333000595240236
96.8392647932707 16.218460793939844 97.2406946741918 16.39011088609453
98.43920068432656 16.21704284339922 98.82876303514219 16.324565074896096
98.63737440012031 16.221364279334374 99.03499508556094 16.353020506382812
97.5822554527 16.22791919861953 97.92158619055624 16.380462796234376
97.12401900295077 16.246102962528518 97.51488326850078 16.362563017839452
98.0147587611664 16.245905744023048 98.31745075179609 16.36690717255039
99.76458808431562 16.24503973216211 100.11000079449062 16.35859058534336
96.43079539981582 16.24907084040254 96.78418930517246 16.355674366012696
97.76938463535292 16.248546918208984 98.15742141681582 16.375858850876952
97.56833360839767 16.252271611561717 97.81784258119767 16.364095237955077
97.28589410800546 16.25275131697578 97.77276642336484 16.439935202792967
96.83535852776602 16.256264367216406 96.96552671006836 16.329042595285156
99.2293266413703 16.254458430827736 99.49808086017343 16.39284440244961
98.38058925304531 16.25776227403125 98.63096139133282 16.37192556462539
97.5517540868789 16.260375024958204 97.89659546749921 16.391911014009764
97.22817251798203 16.265450993893165 97.48801459294062 16.366880602851367
98.63391256258281 16.267538168481448 99.01167884925468 16.37986693381035
96.91739671182734 16.274899978496094 97.18312706445077 16.380472124864845
99.3240405181961 16.27288169220508 99.63432541888672 16.40062042994805
99.15622205507422 16.286787827059374 99.46686488278203 16.402679936997657
96.94692174501914 16.28916581872773 97.2948791610121 16.439585543513672
98.47943219654374 16.291721594865624 98.83040452058749 16.401081238135937
98.21799950721562 16.294195417658596 98.46807821701405 16.397273620939846
99.84641402257968 16.293573422119923 100.12163163092343 16.409320310835156
97.27989021853672 16.296942913908985 97.51844120991953 16.42589199440195
97.99420756665155 16.297740632899217 98.34003036006094 16.463227532366407
97.80230832084766 16.298305791298436 97.95974007080234 16.369367442799216
97.70052826302265 16.299043381358203 97.96368424846797 16.399465399883987
96.51841724748222 16.3014080025918 96.8298631216791 16.41547982073633
99.12450045044453 16.30819508866133 99.40428351941796 16.44243802519883
98.49528439924843 16.3102712843375 98.78126251203437 16.443617711241014
97.33899448411952 16.313018033470314 97.71653502594296 16.43301635062969
97.97272946344238 16.312640597639064 98.35963453462011 16.434063655433594
96.16345333049999 16.31500509855215 96.35310694757294 16.46210971843418
99.35822028367187 16.31364470714297 99.70261614668125 16.458306743876562
95.81387347037803 16.320418391576172 96.1816781932877 16.46262590098945
98.03688205224452 16.322288007923436 98.13943749893672 16.47435085262031
96.59228643994571 16.32421190358672 96.87110690820079 16.438634084106248
99.92620727545625 16.32500006962832 100.20552890125626 16.43839594717949
97.51642559737108 16.33402940229375 97.76917940353046 16.442573258625
98.3671430235375 16.335820435098828 98.63562332266562 16.45192913268711
99.58807075571798 16.338808032608984 99.82057600543672 16.437087664839453
98.04856371427186 16.34529945005039 98.43643317779375 16.471980332304298
97.27377160382812 16.348965221172268 97.61342662595078 16.49953355136328
98.21869951905313 16.35240905757324 98.41330113374376 16.44767587198301
96.32953025110312 16.355941168951954 96.6564140669832 16.482223314934767
97.88177058083906 16.355120428003907 98.25043859365468 16.48515025698203
98.76655441743125 16.35472083108496 99.05125171685313 16.485681210586915
99.66948179852812 16.354825384229297 99.99443653111562 16.48371116061133
96.68635481598788 16.35785731171875 96.79019485836523 16.482877356873438
96.35266219767715 16.36402207667617 96.64860856793828 16.486623128421872
97.74757202722851 16.362651049925784 98.0026969505746 16.48445323564258
99.60971507090157 16.361647873911718 99.99153520950782 16.494465771209764
96.58002029320204 16.372990621844142 96.832851462758 16.551365481833987
96.89543060140703 16.378080757860936 97.26848730110859 16.503835369585936
98.42950516097343 16.380942941128517 98.7585105603828 16.498086800279296
98.48945596560546 16.384191801920313 98.83874097630235 16.506981472046874
96.40247737662617 16.388314582179294 96.80797673643984 16.542723660371482
99.76653190756406 16.385462825650784 100.16791659970156 16.545671595566407
99.28530415335781 16.406484022991016 99.69613270405782 16.526774375152733
98.69112707369531 16.411227739908593 99.09412263647968 16.536866990840235
96.80495725714101 16.415632146942578 96.98675870097226 16.491303651578516
99.40222953682421 16.413246273523438 99.90355549456953 16.62892158786172
99.16044210342812 16.419985805948436 99.58686815004063 16.572680099198436
95.86217151050303 16.424322834291015 96.24838431738584 16.570148631504296
97.45755290939843 16.42310163678242 97.56978233903125 16.56628588085078
99.63289550244376 16.43093374281914 99.963072226975 16.579279561228514
97.60055991091562 16.43383411979922 97.90603529173124 16.597874978191406
96.06398535900136 16.43649361338281 96.59310167214609 16.604937292597658
97.7653632406164 16.434854038946487 98.01917072180468 16.560736950984374
96.27173732251289 16.436582800665235 96.58996977563437 16.538394722658204
96.35074342016182 16.436512915269336 96.61822419117354 16.619050219622853
99.01847504114218 16.43516253909453 99.39147839020937 16.579537119425
99.60471417030625 16.436339537698046 99.9237302606375 16.538419407280077
98.63910232365156 16.440719393957814 99.03132663223906 16.5615669417375
98.49126711379688 16.443587431717578 98.82779136940157 16.594214736257225
96.18980116445537 16.446612164628515 96.5074147352879 16.577872044240234
98.12204151558906 16.445107642915236 98.57634127796719 16.604187887658203
96.55415557692389 16.45172342414551 96.69575151985347 16.528199965965822
98.72217342344453 16.45175631642207 99.0829184689164 16.56347214666426
97.5631652447379 16.45488238808379 97.7820047692754 16.54894264206465
97.48258283933632 16.456196064642775 97.93334553428319 16.602675705731446
99.1954873121 16.46048937364922 99.515253496425 16.584366759694532
97.63018649988672 16.46420080375996 98.00166079588438 16.594090288718554
97.60495023226719 16.464712262477345 97.99636950367031 16.627772902497657
96.70433179524609 16.4680723656291 97.0805523070078 16.578017472390822
97.2485402253414 16.480949145650783 97.4603597619289 16.58388551189102
97.36330045378516 16.486104256914842 97.45086477035703 16.638333921878907
96.99097139613593 16.493115220983594 97.36631938614218 16.606638104895705
99.45839314204531 16.49563024559297 99.6430970196422 16.605888886866406
98.9535520783875 16.497916563560743 99.24067563725625 16.646389089726757
99.18420752218829 16.50057761766172 99.30308268905235 16.78808179747422
96.67672149360585 16.504769473273438 97.04374718278866 16.633165936747655
96.45987375820332 16.517549476252345 96.66719800617089 16.603768381397266
96.95421072698291 16.519063752134766 97.35303812215459 16.64037055332305
100.34181973985625 16.53341317410098 100.53357466025 16.685198515871292
98.59227476033281 16.535553395380663 98.98656461437656 16.645106832839648
99.49487060260157 16.535298793577148 99.82539291183907 16.688492552281055
97.10257430811552 16.540384083708936 97.32306098372197 16.60617767111133
97.00964205669608 16.542050552225003 97.28169306600624 16.684053119555863
98.62940449583594 16.54249990191089 98.87473380475782 16.639486677070657
96.17575833292607 16.545060657588866 96.53026973998007 16.686404603375586
98.90854702649999 16.54535271499004 99.3937575094125 16.6929515249834
99.439044147825 16.546518605510204 99.85925046600312 16.691412732433545
99.03735828343517 16.547982562963966 99.28750626943048 16.662780711176953
98.88397301984219 16.55078001243555 99.04383700132969 16.633362116314064
97.31162744121406 16.55448151965703 97.75443113723203 16.70735188990742
99.68189388857499 16.554624961696142 99.9216277511125 16.66494449336245
99.03917793711719 16.556691776220656 99.27490612254687 16.662533089479346
96.74971041777754 16.559056369599805 96.95908338982598 16.649301953688084
100.08378916519375 16.559001127804883 100.29415310536875 16.649389942420896
98.01680776646874 16.561853382683008 98.2722744922 16.675776894026757
97.09993140163047 16.56639846860469 97.3674772683789 16.664763501664062
98.87377087812813 16.56624450058164 99.19942315035313 16.699021290021484
96.40247037719999 16.57013505347363 96.54556018765946 16.672400953532616
96.63891503326798 16.57018666224961 97.05206553098047 16.69154721221133
97.83202889415782 16.570283820440235 98.04537051638125 16.687375622908593
97.40834090226485 16.57296074247832 97.72305728979063 16.70944584891367
99.56148444255936 16.57430750108125 99.88776338566875 16.66886433400781
96.67539224599356 16.57892886274121 96.94961455644844 16.702239746667967
100.00059717045 16.579905896000586 100.27464584250626 16.7053182076666
97.87622291114218 16.584381242502342 98.21952747498125 16.745076140213282
97.51430524180353 16.588368763487107 97.76524253849024 16.70534540423164
98.39547322825234 16.58942054446719 98.75820339508984 16.721214029957423
98.07055759610547 16.59163353442881 98.57442845873828 16.70810099263794
96.4924315752 16.594827200845728 96.70064318804496 16.76818559574099
99.98345493431876 16.595495466639843 100.15905177900001 16.71154762848125
96.6431714960758 16.602558955414843 97.01074223763516 16.729339024062696
99.78001419964336 16.61290584340742 100.03960903024414 16.734798555993553
98.82284631148906 16.616489472336767 98.90673182312344 16.778333772637453
99.62023680871641 16.621109911008226 99.85543905244454 16.725030265499583
95.85644766819999 16.63276826281328 96.22677193951563 16.771771947190626
100.00863132235936 16.630867216527637 100.27990018748125 16.752485860136623
99.17713884033749 16.635845479627342 99.55318755509374 16.78482642937617
96.62124962870507 16.641661245716016 96.98865195744101 16.76647734413594
97.00738523328046 16.644343114166603 97.38987623620703 16.752096266319725
96.16033854561054 16.65737260526797 96.59348537866758 16.812254125225195
96.47657297405874 16.657330154162793 96.5811740716959 16.734284164253808
98.26534368739999 16.65811882939629 98.536237505525 16.787409314135353
99.50368233738281 16.658469428617774 99.90199100712343 16.816976054506444
99.77108716225469 16.66033373391306 99.91663326677656 16.72887617293772
96.20756804546836 16.66409137240791 96.56872048673594 16.806578176373534
99.33260126296172 16.663312272339404 99.64851584999609 16.76106260356997
97.39824653474844 16.66531392781172 97.72143870570625 16.782636551401563
99.37013262537656 16.671875521495313 99.59383223345 16.756121946189843
99.66169281344375 16.694356716339257 99.89599128149999 16.844378152760548
95.81371242312724 16.698225262239063 96.18929215495156 16.842025128832812
99.0289645994625 16.699835980768455 99.31598066078436 16.839677847407128
96.85582850715078 16.702614632272265 97.07321542131875 16.79348469748008
98.00865033612031 16.7026599245541 98.32241736105156 16.853227757071288
97.65761549431954 16.71131114423147 98.05984105615704 16.859370787747828
96.45342938937002 16.719554509208987 96.72561499456698 16.841283686175196
97.64321577570313 16.7193740386375 97.89991633438906 16.82988559775039
99.35323294030624 16.72686819229995 99.45876845788125 16.923188685299998
98.04446230366172 16.72823704612871 98.1427528847164 16.9418460685
97.85478813492188 16.730636543213475 98.31073380418438 16.883218113341403
99.0449485772789 16.730892210180468 99.40936446490703 16.855816602425392
96.80672128967754 16.73517014257871 96.9583063674994 16.821518592221093
100.13780842017812 16.731897862507715 100.26146085765312 16.815230259449514
98.77104855566327 16.735965824804786 99.12986939504609 16.85655970823428
97.60188073034999 16.74024482041553 98.05215212169375 16.911883267002636
96.72075012243182 16.7435638323624 96.92552752458398 16.852352295380175
98.3120726579078 16.74236312768945 98.72715174123906 16.90606198462695
98.24120175002187 16.744034581733008 98.68735319834687 16.912797966615038
98.0470841387914 16.74555350861875 98.36763943473828 16.89226118385547
100.05545922351874 16.744006986022654 100.26007403563125 16.851913322180078
97.70819108103984 16.74798861238789 98.00599989606798 16.90080677665371
99.16598114235937 16.746543520349803 99.54504297354062 16.866234971826756
96.27532533078946 16.751749615712697 96.62907776037187 16.898264293038867
98.53672204076406 16.751744813194726 98.7941507957953 16.88568058544551
99.60909566973437 16.752289691350978 99.96146625816561 16.89836850593848
97.10596653966952 16.7550245345957 97.48256468633203 16.885986855025585
97.73181692230078 16.75584763734004 98.11789754701483 16.891123744744725
96.47595213839999 16.758144887106347 96.71065372225702 16.893218192426072
98.76772083347187 16.76126257665117 99.08907121312656 16.880882064492578
97.02575023305273 16.765547013905273 97.35409910114804 16.907404932337986
98.13524904456719 16.765643699670704 98.52770188497657 16.88731564414668
95.8619408138 16.771807161542966 96.08542348585175 16.89903229989531
98.91885409936484 16.771657564185354 99.26255282087578 16.895405803872265
99.7788755585953 16.773839105927344 100.03578195517656 16.873750411570704
99.81651690022812 16.774976125330078 99.97155464000001 16.93471927161211
98.19567476724296 16.776720093611036 98.55381040929922 16.890139112995215
96.55656526967208 16.779321159949316 96.98691368279356 16.90887175391465
96.1715788222791 16.782189305028908 96.5158318280161 16.898634853147755
99.89247446142814 16.779477603717186 100.33893805077813 16.90856282288584
96.13423769332285 16.78694762635742 96.46073292547793 16.9111722892
99.46799195740311 16.786926686731103 99.79365537752187 16.91115409922158
100.0445923954453 16.788232951527636 100.20881201827656 16.866288761706738
98.29090526505938 16.790580086040038 98.53055472211562 16.90938607624199
98.87686160503125 16.792679493326563 99.21234751396094 16.918842197590624
97.09520373856914 16.796851543739844 97.37505329676603 16.9083424751791
99.49470675478125 16.795256104641698 99.84370669790937 16.901868090706934
97.61439270302735 16.798091124206884 97.85127708429454 16.905517702793993
99.37460391875938 16.7989747970958 99.600910143275 16.908675857054053
97.98797055316562 16.801840641054298 98.31752180122969 16.923054825143165
98.84659111874845 16.801990303664844 99.17373959757032 16.924469910554638
99.38458098027577 16.807751286707326 99.60927474158828 16.906820130094435
98.62970120318046 16.820422387337988 98.89986563054296 16.910357566038744
98.01175375420547 16.822409462924217 98.48603731054766 16.99024349169961
96.13995921383427 16.82439550690293 96.45067681703476 16.934157618998047
98.54171837067187 16.824394045313475 98.93473656855 16.945247465644336
97.4900486923164 16.826504065311916 97.7339009053164 16.926551833118946
96.55549645241753 16.83196521508955 96.92577416634653 16.93601092117637
98.04588321472032 16.83260609875967 98.26031036309766 16.928008373764527
96.39301305676386 16.83476233190547 96.84741777855234 16.948647397945997
99.89737420906874 16.83298139039551 100.11828485300937 16.929788256466406
98.89742026989218 16.839412688331638 99.2926489358453 16.96565123808711
99.73379676459687 16.83967061515166 100.19559348552187 16.957880840013967
98.95381364628047 16.845148318591114 99.20246303684452 16.953611253157913
96.87497407795038 16.851212231108935 97.29662056465234 16.9792857042687
98.55356967137187 16.85212440499219 98.88033991808437 16.97982268185293
99.57639965017499 16.852481399356837 99.9020487372875 17.021206911260546
97.34039704945664 16.858095881313723 97.58037795728242 16.957854500626613
97.9283416299164 16.85803936354336 98.16421354354766 16.961236411334763
97.97731672858437 16.860050819065087 98.27460756469219 16.9166654348
96.23801502879785 16.862664048496264 96.65991035241386 17.004192345110766
99.15203720179218 16.860135200014064 99.36823427737187 16.953316387828615
97.74679563420312 16.862523606761524 98.11875068311875 16.991476668645117
96.29212069879355 16.892413615321047 96.61457661109003 17.010826978198146
97.65437660106093 16.89283514898247 98.02025166835313 17.018111521042336
99.62529079333437 16.89225633794951 99.94847141825937 17.010832564586867
96.3859081987039 16.901421715229006 96.78135922532343 17.02466337272627
99.72113363638749 16.9021696443416 100.10432655848125 17.02388687713594
97.57756278663983 16.906451484427173 97.88864595615077 16.9835168677
98.22579233285332 16.91128773102383 98.55062593163105 16.972530576500002
98.57908267083437 16.916673691108397 98.94276518630937 17.05292066061699
98.80532285085313 16.923616897795704 99.15228272942501 17.13902637965869
98.15279220416875 16.925104245347022 98.559532662975 17.026729365468604
99.29117919758437 16.93324325810376 99.6944916790625 17.055630646033205
97.93846853104452 16.94499344768379 98.31341121548515 17.06192089337041
97.48893167126718 16.94627993130332 97.9303412833578 17.082003547014256
97.48826420517813 16.950846998068776 97.78761580907343 17.018824931891114
96.15246703929999 16.95339972000249 96.34152088475898 17.052701462299318
98.59126105637031 16.957490782709083 98.94992542710156 17.055734059866406
95.81413455006826 16.96991732561035 96.16149142305282 17.136084545200585
96.7170338258328 16.970884928591992 97.08299897208788 17.099888603903906
98.77886344920624 16.96895820159551 99.105520624425 17.0361632293
100.05941820199921 16.978423032322606 100.25999946726952 17.101357724602686
99.18468209191407 16.986459170531166 99.35352092414844 17.07698782527196
97.97093371014083 16.993619960258886 98.38371782038107 17.123994577665137
98.1055501755203 16.997103863332033 98.42873239300155 17.050368300600002
97.85715216887108 16.998056149760302 98.13065101088202 17.050368300600002
98.47192492929688 16.99802997833787 98.76750257301875 17.050368300600002
96.95424464612734 17.015670891763087 97.36487412729609 17.161020415122852
97.45387675366953 17.022925839178882 97.84272484300703 17.0833271742
98.75374256912656 17.04864109382207 99.10772402820469 17.186486143760156
96.3087388593041 17.05317602850427 96.74059472645096 17.144487194467796
95.8674339594 17.080389581756446 96.32188153090507 17.217130890678515
97.62293733787813 17.080950095938572 97.93538293926093 17.193041271781933
99.63671453303124 17.08331639349917 99.9035552955 17.1446854615
98.59702239845 17.084544187757324 99.08300726183906 17.208435508669826
96.2904942745836 17.08886649398779 96.94774582221015 17.288354071253416
99.18561854753476 17.090057766796974 99.64904425443399 17.231964059125783
97.05169640056405 17.09578958742832 97.45684927985859 17.23125968809121
97.98481068849844 17.096026639781055 98.14462131935156 17.167503052650193
97.93646289146797 17.098891436512012 98.23604302718515 17.20780526356709
98.2289356722375 17.103501721655125 98.49425713604374 17.1808631151
99.19543882295312 17.116127576024805 99.31218434397186 17.3475248545
98.56600518875938 17.1223026631168 98.6563007393 17.3475248545
98.79161437398437 17.128199052696093 99.01512765297656 17.214002897868358
98.87856591519531 17.133829684789063 98.9916246684953 17.3475248545
98.44299733586094 17.14000693659326 98.72510673137656 17.255130240001854
98.40543888996562 17.14144820016846 98.49257401262813 17.3475248545
99.04249031791171 17.146009554989064 99.12626196177422 17.3475248545
99.63141489248672 17.151121384077147 99.81151269926953 17.27086628572324
97.56298499207031 17.15545634310986 97.93172705875156 17.292126609092968
98.25597191195625 17.15578640710996 98.338254515725 17.3475248545
97.98274658891562 17.164355124412108 98.34506547810156 17.300335191446678
99.11398560315 17.179118124813083 99.55542388125312 17.318865458308103
95.85095452259999 17.190121158153563 96.22910882067197 17.34508710847573
98.44571557792344 17.194019060064893 98.84103382516562 17.37674767023794
97.1291129172789 17.215393607470652 97.46913243571328 17.36319758349966
96.0724367580289 17.285316989021315 96.44813545878183 17.364004291300002
99.40556798424375 17.284507217714648 99.77885361390625 17.364004291300002
98.48594340211562 17.341409761819044 98.86709625965312 17.45789315803252
99.80242240023125 17.403102152972462 99.9770477856 17.557641547056544
97.86486929630703 17.45066202886924 98.01976131718203 17.5374639837875
97.69850272953595 17.563756151096875 98.07581195256407 17.6249939203
