95.90687323924413 16.404567403096443 95.90709854421578 16.40516821613677
96.25988420259674 16.421916011835144 96.26049574419675 16.42217350313814
96.25722346435093 16.50522542115724 96.25745949788227 16.505343437922903
96.30232734099289 16.554867723680907 96.30262774718689 16.555307604412242
96.23162433773977 16.593105305593447 96.2322251507801 16.593319881353125
95.8942990827259 16.598469704889638 95.89448147215424 16.598566263883647
96.29614754865668 16.608297285140324 96.29675909025667 16.608501132340326
96.28976391368664 16.60839384413433 96.29017160808664 16.6085118609
96.55819933108528 16.60828655829726 96.55846755094795 16.6084153036226
96.29424854849893 16.611612485181464 96.29481717520791 16.611762688278468
96.28363776928146 16.611794871348245 96.28399181957846 16.61194507444525
96.28626632715256 16.613028684172217 96.28674912342721 16.613189616481208
96.29514976814525 16.62319958485561 96.29540725944824 16.6237682115646
96.31825981363409 16.626107232794006 96.31859240615942 16.62623597811935
96.50354681943926 16.641771279832707 96.50413690326761 16.642050228907365
95.8364706442136 16.64914196708065 95.8367817796196 16.649270712405993
95.90356877078389 16.662188184876587 95.90410521050924 16.66238130351691
95.89094097268608 16.68422528182753 95.89143449752041 16.68445058679919
95.90115478997708 16.6899008158774 95.90147665394275 16.690029561202742
96.0478822798384 16.703204526933266 96.04834361834139 16.70339764557359
96.04831142972698 16.703880442174405 96.04882641233297 16.70411647570574
96.0447387404256 16.70477093513215 96.04511424849427 16.70493186744114
96.04627296001006 16.70497478167984 96.04669138296974 16.705167900320163
96.04844017309539 16.70499623814688 96.04891224015806 16.705210813906554
96.05070395406675 16.70518935548258 96.05112237702642 16.70537174491092
96.05124038955206 16.705210813906554 96.05171245661474 16.70540393254688
95.90169122937628 16.7054039338515 95.90219548277028 16.705554136948503
96.048043209212 16.705382478689085 96.04851527627466 16.705564868117424
96.04989928819595 16.705629237192383 96.05028552482428 16.705800898061046
96.049502325703 16.705715068279027 96.049910020103 16.70588672914769
96.05078978450108 16.705736525072222 96.05103654659209 16.70589745738121
96.05081123803271 16.705940374229154 96.05129403430738 16.706122763657493
96.04913754512971 16.706079850723416 96.04964179852372 16.70629442648309
95.88068423659018 16.706326612162115 95.88110265954987 16.706487544471106
95.88020143868475 16.706380253003555 95.88074860762208 16.70659482876323
96.0427109942902 16.708021760794008 96.04312941724987 16.708193421662674
96.04178831891498 16.708139777885833 96.0426144382316 16.70833289652616
96.27028041257765 16.712957147469222 96.27072029330898 16.71313953689756
96.26979761825993 16.71394419876866 96.27047352991335 16.714212418631334
95.88823731498309 16.741828347771406 95.88863428082341 16.741967822308734
96.14182406648995 16.752256882040886 96.14242487953027 16.752482187012546
95.97107458969725 16.757953876488827 95.97140718222259 16.758114808797817
96.73932355895424 16.780398525625344 96.73975271112589 16.780570186494007
96.1412232586681 16.797393087417422 96.14157730896511 16.797618392389083
96.11524862048638 16.797446728070035 96.11554902668038 16.798111915729965
96.1823682058613 16.799174068114425 96.18291537479863 16.799420830205435
96.16372155068882 16.802167402559117 96.16410778731716 16.802349791987456
96.42838043199806 16.806630584904063 96.42873448229507 16.806855889875724
95.94497141495424 16.8349440241357 95.9454005671259 16.835115685004368
95.87613522454906 16.835673580647434 95.87630688541772 16.83580232597278
96.44586858500243 16.83618856814576 96.44625482163077 16.8363709575741
96.4457934792139 16.836531884664602 96.44631919037958 16.83677864675561
96.08890941930161 16.850854832613102 96.08962824649836 16.85115523880711
95.87231556494494 16.861991330497816 95.87325970037492 16.862441939788827
96.24411266243322 16.878363621065922 96.24487440517329 16.878642570140578
96.02169328011986 16.88094925994332 96.02265887005994 16.88142132700599
96.01224120108857 16.884082069680648 96.01249869239157 16.884618509405993
96.01189788326512 16.88446830565668 96.01215537456811 16.88487600005668
96.14055807035587 16.887933706752055 96.14114815418421 16.888201926614727
96.51437218028721 16.888362858271403 96.51469404425288 16.888502332808734
96.78450274657521 16.88836286316374 96.78476023787822 16.888480879929407
96.13651331236105 16.89045497609101 96.13715704029238 16.890691009622344
96.13651331627491 16.891184533152057 96.13725360450488 16.891452753014725
96.51379282697548 16.89462848112778 96.51436145368447 16.89487524321879
96.51320274379945 16.895486786775724 96.51369626863378 16.895669176204063
96.5139108447196 16.895551153567595 96.51441509811362 16.895776458539256
96.51275213189919 16.895572615905433 96.51313836852754 16.895733548214423
96.51340658773789 16.89680642896973 96.5138571970289 16.896999547610054
96.51295597844688 16.896849339946876 96.51337440140655 16.89706391570655
96.5056282093515 16.89701027616973 96.50607881864252 16.897203394810056
96.51321346844526 16.898877081430268 96.51367480694826 16.899091657189942
96.51285941749595 16.89896291251691 96.51324565412428 16.899177488276585
96.4988903159414 16.900293288248754 96.49924436623839 16.900454220557744
95.93848049601823 16.9009799281357 95.93913495316156 16.901151589004368
96.5763419378169 16.902589248290198 96.57655651357658 16.903211518449872
95.95189149258502 16.90659108887059 95.95259959578826 16.90691295283626
95.95072205153107 16.907696160849568 95.9513657794624 16.907996567043575
95.94991739716156 16.908007292994007 95.95068987041823 16.90833988551935
95.9463017873387 16.90826478658009 95.94677385440137 16.908479362339765
95.94581899073788 16.908447174377653 95.9462696000289 16.90868320790899
96.49716297315042 16.90898361084144 96.49747410855642 16.90912308537877
96.49649779064032 16.909176733395633 96.49680892604631 16.909348394264295
96.49776378873133 16.909380578312543 96.49810711046867 16.909562967740882
96.49735609694058 16.909412763339255 96.49768868946592 16.909595152767597
95.94150601181609 16.910206698693447 95.94198880809076 16.91042127445312
95.94334063694225 16.91093625738527 95.94390926365124 16.911204477247942
95.94187079067277 16.911000631352564 95.94235358694743 16.911279580427223
95.94287930039619 16.911172291242764 95.94337282523051 16.911461968877095
96.08987500695861 16.91235245596404 96.0901324982616 16.912481201289385
96.5552810928161 16.91296399919482 96.55556004189076 16.913114202291823
96.55540984107685 16.91347898049619 96.55562441683652 16.91356481093052
95.92023059277221 16.915968062765668 95.9207992194812 16.916204096297
96.53626966146486 16.915463811002436 96.53662371176186 16.915646200430775
96.53476762723326 16.916461587926154 96.5351645930736 16.916643977354493
96.53482127720707 16.917480962721534 96.53514314117274 16.917631165818538
96.53798626982535 16.9174809607646 96.53845833688801 16.91772772285561
96.53811501645531 16.9180174037515 96.53838323631798 16.918167606848503
96.53575468277273 16.918189067229406 96.53624820760707 16.918478744863737
96.53917716547522 16.918575304510057 96.53963850397822 16.91878988026973
96.53969215101661 16.918596761955563 96.54009984541662 16.918768422824225
96.54002474484658 16.91875769002453 96.54063628644658 16.91900445211554
96.5308623440161 16.91885424804007 96.53134514029077 16.91905809524007
96.53872655748883 16.918961536108736 96.5392522686545 16.919229755971404
96.51288087722453 16.919025909749873 96.51333148651554 16.9192190283902
96.53448868142017 16.919004450158607 96.53511095157984 16.919261941461603
96.5118401818221 16.919058099480093 96.51231224888477 16.919272675239768
96.51226933562454 16.919154653444437 96.51271994491555 16.919390686975774
96.5308623440161 16.919283404314424 96.53134514029077 16.919530166405433
96.53812574729808 16.919444334992637 96.53868364479509 16.91972328406729
96.5309481747766 16.91972328504576 96.53134514061692 16.919905674474098
96.51703292383733 16.920034415044437 96.51756936356267 16.920270448575774
96.51664668720899 16.92016316395749 96.51711875427166 16.92038846892915
96.10945507130162 16.9206137732485 96.11019535953159 16.920871264551497
96.53746055865967 16.92038846762453 96.53796481205369 16.92063522971554
96.53853343843652 16.92045283949756 96.53893040427684 16.92067814446922
96.51557380799863 16.92057085985094 96.51604587506131 16.920806893382274
96.53689193195069 16.92097855425094 96.53742837167603 16.921214587782277
96.53827594680737 16.921139483435702 96.53860853933271 16.921311144304365
96.54021786316075 16.92152572090518 96.54064701533241 16.921783212208176
96.51407177441935 16.921600825715238 96.51455457069402 16.921869045577907
96.53973506590762 16.92159009356785 96.54017494663896 16.92183685565886
96.54016421905776 16.922051431418538 96.54061482834877 16.922308922721534
96.53856562517984 16.92210507859426 96.5389947773515 16.922341112125597
96.53963850430438 16.922126534597815 96.54007838503571 16.922373296688825
95.93605557119294 16.92280244867166 95.93654909602726 16.923038482202998
96.5379970000158 16.922212366989083 96.53838323664414 16.92239475641742
95.93659201613677 16.922834632908735 95.93680659189644 16.923306699971405
96.53650569891006 16.92224455299426 96.53692412186973 16.922480586525598
96.4306656615229 16.92255568709563 96.43095533915724 16.922727347964297
96.54007838601417 16.922630786361044 96.54050753818584 16.92286681989238
96.53958485824444 16.922705888561858 96.54022858617579 16.922963379864854
96.53348017593677 16.922899004919095 96.53389859889646 16.92307066578776
96.5169256336744 16.922952649674404 96.51736551440574 16.923188683205737
96.51652867011717 16.92296338019101 96.51692563595749 16.923199413722347
96.5381150128676 16.92294192470244 96.53854416503927 16.923124314130778
96.54629036109401 16.92296338084332 96.54662295361936 16.923167228043322
96.53762148803327 16.92298483600574 96.53801845387359 16.9231564968744
96.53720307029208 16.923049212582274 96.53756784980108 16.92322087345094
96.53511095223216 16.923070671332404 96.53547573174114 16.923253060760743
96.53622674787847 16.92309212617553 96.53668808638147 16.92318868516954
96.53593706665643 16.923124314783088 96.53644132005044 16.923317433423414
96.5355079164417 16.923135043668918 96.53622674363845 16.923306704537584
96.53631257863896 16.923135043016607 96.53668808670763 16.92333889021661
96.5352396982098 16.923188683205737 96.53563666405013 16.923360344074403
95.9363237962741 16.92380022545805 95.93675294844576 16.924143547195378
96.54259965689808 16.923242329591822 96.54315755439508 16.92349982089482
96.54339358564333 16.9232423312226 96.54400512724332 16.92352128029726
96.5353469857635 16.92328524709208 96.53576540872317 16.92344617940107
96.54225633418228 16.923285244808987 96.54263184225094 16.923456905677654
96.5411083509 16.923338888911985 96.5415160453 16.923607108774657
96.54188082611361 16.92342472130325 96.5421919615196 16.92362856850325
96.54027150726374 16.923478361818535 96.54079721842942 16.92373585312153
96.54103324967765 16.923521281275725 96.54126928320899 16.923703670704064
96.53720306703053 16.923768037495936 96.5375249309962 16.923950426924275
96.53765367860463 16.92376804206211 96.53799700034196 16.9239289743711
96.53809355672672 16.923843139370593 96.53829740392672 16.92396115613626
96.53645205415475 16.923864598446876 96.53700995165175 16.92407917420655
96.5355830179902 16.923928975023415 96.53600144094987 16.92414355078309
96.48319407608257 16.923993343119907 96.48358031271091 16.924186461760232
96.53498220690682 16.92398261325561 96.53540062986649 16.9241435455646
96.5352075102477 16.923982617495632 96.53585123817903 16.924154278364295
96.5348856472605 16.924004074288828 96.53520751122616 16.924165006597814
96.54339358629564 16.92400407396267 96.5439729415643 16.92428302303733
96.53962777737547 16.924111362820973 96.54019640408447 16.92434739635231
96.5405719079131 16.924240108146318 96.54107616130712 16.924540514340325
96.54150531543571 16.924261566896444 96.54188082350437 16.92445468553677
96.54211685801418 16.924401040455308 96.54254601018583 16.924669260317977
96.48392363803595 16.924465415727223 96.48420258711062 16.924594161052564
96.54328629841581 16.924701445997 96.54387638224414 16.924969665859674
96.4829473188839 16.924787276105178 96.48327991140924 16.92494820841417
96.53865145528802 16.924776547545505 96.53913425156267 16.925023309636515
96.5422563318992 16.92477654787166 96.54284641572754 16.925012581402996
96.54604359835069 16.924787276843322 96.54637619087603 16.92499112404332
96.53805064607573 16.924840920860486 96.53843688270408 16.925023310288825
96.53668808833841 16.924958936973844 96.5371494268414 16.925184241945505
96.5402822351711 16.924958937626155 96.54073284446211 16.925205699717164
96.53487491609158 16.925055497684458 96.53543281358859 16.92530225977547
96.54523894202423 16.92505549833677 96.54567882275556 16.925270074096446
96.54678388853759 16.92513059629756 96.54722376926892 16.92535590126922
96.54221341863897 16.9251520527646 96.54279277390762 16.925398814855612
96.53408098799864 16.925173510210104 96.53455305506131 16.925377357410106
96.54610797394876 16.925291531215795 96.54647275345775 16.925473920644134
96.53222490371037 16.925355901921534 96.53253603911637 16.925506105018535
96.53152753298066 16.925377360345504 96.531860125506 16.925538292654494
96.53188158197304 16.925377358714726 96.53218198816704 16.925516833252058
96.15140488962778 16.9257636002354 96.15185549891879 16.92592453254439
96.54232070390955 16.925516833904368 96.54281422874388 16.9257528674357
96.15110448212914 16.92601035710792 96.15169456595748 16.926257119198933
96.53201032892916 16.92567776523489 96.53239656555749 16.925827968331895
96.53196741208122 16.925688495751498 96.53221417417222 16.9258386988485
96.53346944346323 16.92570995058776 96.53386640930356 16.925945984119096
96.53093744850001 16.9257528674357 96.53134514290001 16.925924528304368
96.53137732760057 16.925752869718792 96.53169919156623 16.92591380202778
96.53973506460301 16.92594598933758 96.540239317997 16.926182022868918
96.53635549222535 16.926096189499187 96.53682755928801 16.926278578927526
96.53512168046568 16.92613910504251 96.53549718853434 16.926321494470848
96.54072211166242 16.92614983164525 96.54130146693109 16.926407322948247
96.53475689997822 16.926160566075723 96.53511095027523 16.926342955504065
96.53427410566049 16.926235662405738 96.53459596962617 16.9264073232744
96.53398442802616 16.926289310096443 96.53427410566049 16.92648242873677
96.53952048525562 16.926332222052057 96.5400891119646 16.926600441914726
96.54430553245886 16.9263751359646 96.54487415916786 16.92662189805561
96.54248163556623 16.926385868764296 96.54297516040056 16.926621902295633
96.54359743447411 16.92640732555749 96.54402658664577 16.926632630529152
96.53163481759894 16.926718461615796 96.53199959710793 16.926900851044135
96.54047535413758 16.92673992036592 96.54111908206893 16.92701886944058
96.53931664294795 16.92678283264769 96.53986381188528 16.927018866179026
96.54560371664088 16.926825748517164 96.54582902161255 16.927351459682832
96.51484425093759 16.92686866666973 96.51528413166892 16.927061785310055
96.51528412971199 16.926890121179838 96.51575619677466 16.927083239820163
96.53121639790082 16.926965220119094 96.53164555007248 16.92713688098776
96.54447719634877 16.92709397033677 96.54504582305775 16.927308546096445
96.54325410947523 16.927126157646573 96.54371544797822 16.92733000484657
96.54270694445177 16.927147613787454 96.54316828295475 16.927372918759115
96.54026077283326 16.92719052639538 96.5408615858736 16.927458746258047
96.539016234797 16.927319271394566 96.539531217403 16.927566033485576
96.52820160740107 16.927405106068917 96.52865221669208 16.927576766937584
96.54365107433708 16.92739437261691 96.54416605694307 16.927608948376587
96.51361043754714 16.927533849763485 96.51413614871281 16.92774842552316
96.54001401074225 16.927694778158607 96.54058263745125 16.927952269461603
96.54557153454958 16.927694784355563 96.54587194074358 16.927866445224225
96.53865145594033 16.927973729190196 96.53905915034034 16.928188304949874
96.53581905445694 16.928027375250128 96.53633403706293 16.928241951009802
96.53801845843978 16.928048832695634 96.5384154242801 16.928220493564297
96.53637695325857 16.928059557667595 96.53684902032124 16.928284862639256
96.53428483552479 16.92807029079345 96.53484273302179 16.928284866553124
96.53466034587655 16.92813465888994 96.53533625752998 16.928327777530267
96.53959558941337 16.92822049193352 96.54000328381336 16.928435067693194
96.53743909925724 16.928381423590196 96.5379648104229 16.928595999349874
96.51748353280219 16.92840288038339 96.51784831231117 16.928606727583393
96.15041784158988 16.92879984524525 96.15109375324332 16.929057336548247
96.53822230335669 16.928435070628595 96.53862999775669 16.928703290491264
96.54102251981337 16.92870328788202 96.54163406141336 16.92897150774469
96.53943465743053 16.928735471930267 96.5399603685962 16.92895004768994
96.51877098996948 16.928756929375773 96.51906066760381 16.928928590244436
96.54026077348558 16.928735473561044 96.54082940019457 16.92897150709238
96.53555083426811 16.928832035164298 96.53610873176511 16.92906806869563
96.51837402478147 16.92887495201224 96.51872807507847 16.929046612880903
96.53481054832123 16.928907132798933 96.53515387005856 16.92906806510792
96.28191042942589 16.929239726628897 96.28250051325423 16.929604506137885
96.53637695195394 16.929025150216912 96.53691339167929 16.929239725976586
96.15012816265093 16.92957232339426 96.15077189058228 16.929808356925598
96.53885530142372 16.9294650312744 96.53937028402972 16.929701064805737
96.5183847507319 16.929507949753123 96.5188460892349 16.92970106839345
96.5395526777839 16.929497216953425 96.54008911750925 16.929701064153427
96.5340273448741 16.92957232404657 96.53445649704577 16.929776171246573
96.28103067220324 16.929926372472472 96.28164221380325 16.930312609100813
96.53728889746486 16.929765436816098 96.53784679496187 16.930044385890756
96.49701277422479 16.92987272934794 96.49736682452179 16.930012203885273
96.53849052363134 16.9298405383646 96.53903769256867 16.93008730045561
96.53574395388691 16.92990491624576 96.5360550892929 16.9300873056741
96.49709860074525 16.93005511812397 96.49735609204824 16.930183863449315
96.53467107378391 16.930055119102438 96.53500366630925 16.930237508530777
96.53618383266131 16.930055115840883 96.53673100159864 16.930280420812544
96.53520750861692 16.930162404939512 96.53562593157659 16.930387709911173
96.47641347453407 16.93024823578583 96.47674606705941 16.930430625214168
96.53682755961418 16.93023750681417 96.53725671178583 16.93046281178583
96.4767675278523 16.930312608688826 96.47714303592097 16.930494998117165
96.4758555796463 16.930366252791824 96.47615598584032 16.930516455888828
96.53809356096674 16.93034479314906 96.53830813672641 16.930516454017724
96.4759199506782 16.930495001138397 96.47627400097521 16.930752492441393
96.4727013126523 16.930570097142255 96.47307682072098 16.930934876651243
96.5339200553635 16.930613014882834 96.53433847832316 16.930827590642508
96.51900702447928 16.93075248820137 96.51928597355395 16.9308919627387
96.53443503894795 16.9308919656741 96.53498220788528 16.93111727064576
96.4758984968204 16.930956335075216 96.47642420798608 16.93121382637821
96.53522897160707 16.93095633344444 96.53575468277273 16.931192366975772
96.51658231413434 16.930977790889944 96.51702219486567 16.931170909530266
96.51866370176349 16.931074351840884 96.51908212472317 16.931299656812545
96.53740691357822 16.931278203280904 96.53776096387521 16.93151423681224
96.49855772276374 16.93136402849675 96.4988795867294 16.93156787569675
96.49135869533733 16.931385490182276 96.49169128786266 16.93155715105094
96.49173420014444 16.931439132002183 96.49197023367577 16.931600064311173
96.53779314890194 16.93142840344251 96.53805064020493 16.93161079287085
96.53909133341011 16.93150350792641 96.53949902781011 16.931696626566733
96.47596286728583 16.931621523387456 96.47645639212016 16.931846828359117
96.5322892796346 16.93162152110437 96.53283644857193 16.9318575546357
96.53629112184576 16.93164297854987 96.53667735847411 16.931836097190196
96.47552298940406 16.93182536667359 96.47595214157572 16.932039942433263
96.53281499145257 16.93182536960899 96.53309394052722 16.931997030477653
96.51853495774277 16.931879010124273 96.5190284825771 16.932104315095934
96.53754638909402 16.932039946020975 96.53808282881936 16.932275979552312
96.53249312618229 16.932061401183393 96.53286863425095 16.93226524838339
96.53890894976674 16.932093589797816 96.53932737272642 16.932340351888826
96.51689344962617 16.932136506645758 96.51724749992316 16.932318896074097
95.9314529209196 16.93276950308202 95.93195717431361 16.933037722944693
96.5165608564485 16.93219014911798 96.51688272041417 16.932329623655306
96.53220344463408 16.932233066292078 96.53253603715943 16.932393998601068
96.53674173178909 16.932275978247688 96.53712796841742 16.932512011779025
96.49717370334088 16.93231889672641 96.49760285551254 16.932512015366736
96.49762431393651 16.932361810638955 96.49802127977684 16.932533471507618
96.49109047645312 16.93238326873677 96.49148744229345 16.932597844496446
95.93081991845804 16.932951895771915 95.93136708739537 16.933220115634587
96.53747128852397 16.932426179387758 96.53800772824933 16.932662212919094
96.54091523519509 16.93247982544769 96.54117272649808 16.932715858979023
96.54122636929645 16.932565655555866 96.54141948793678 16.932748044984205
96.53622674820463 16.932576382810918 96.53657006994196 16.93280168778258
96.53564739065287 16.932608571099188 96.53593706828721 16.932790960527527
96.49204533587658 16.9326836762354 96.4924423017169 16.93284460854439
96.53672027401743 16.932662218137583 96.53714942618909 16.93289825166892
96.49148744327191 16.932769502755864 96.49195951033458 16.932951892184203
96.51876025977903 16.932780230010916 96.5191357678477 16.933005534982577
96.53738545906812 16.93282314979426 96.53794335656512 16.933059183325597
96.53886603422342 16.932823150772727 96.5392844571831 16.93311282840706
96.49206679593134 16.93289825166892 96.49241011766865 16.933069912537583
96.51840620915587 16.932876789983393 96.51879244578421 16.93308063718339
95.93100231245256 16.933488335171102 95.93128126152722 16.933938944462113
96.49639050145586 16.93297335386973 96.4967767380842 16.933166472510056
96.49156254514656 16.933048454439767 96.49197023954657 16.933241573080092
96.49204533848582 16.933155738405738 96.49243157511417 16.9333273992744
96.51841694065095 16.9331342819387 96.51865297418229 16.93360634900137
96.49610082577846 16.93323084060655 96.49656216428146 16.933423959246877
96.5357546778804 16.93323084060655 96.5362696604864 16.933423959246877
96.53943465873515 16.933252298052057 96.53969215003815 16.933520517914726
96.4920667939744 16.93339177650325 96.49250667470574 16.93359562370325
96.5170865695711 16.933370315470036 96.51753717886211 16.933574162670034
96.50685129418228 16.9334239634869 96.50702295505094 16.93353125169289
96.52862002807765 16.93340250310599 96.52885606160899 16.93368145218065
96.50647578676593 16.933434686828083 96.50675473584059 16.933574161365414
96.51755863304606 16.933617079191823 96.51804142932073 16.93387457049482
96.53924153879021 16.933670723620974 96.53965996174988 16.93390675715231
96.51864224170875 16.933767281636516 96.51891046157141 16.93416424747684
96.53558301831636 16.93379947025094 96.53608727171037 16.934035503782276
96.53018643040575 16.933885298402185 96.5305619384744 16.93404623071117
96.50701222551281 16.93393894250518 96.50750575034714 16.934196433808175
96.53903769550406 16.933960397667597 96.53946684767573 16.934185702639258
96.53724598453078 16.933981855765413 96.53767513670245 16.934250075628086
96.50648651075943 16.934099872531082 96.50696930703408 16.934335906062415
96.49165910022671 16.934196434786642 96.49206679462671 16.934400281986644
96.52949978986649 16.934164250738394 96.52969290850682 16.934625589241392
96.53868364227166 16.934196430872777 96.539026964009 16.934475379947433
96.5292422992158 16.934346637883646 96.52942468864414 16.93465777328964
96.49138015343514 16.934400279703553 96.49163764473813 16.934614855463227
96.53026153423734 16.93492599478309 96.53079797396268 16.935119113423415
96.53727816694825 16.934958178179023 96.53763221724526 16.93512983904769
96.08748248564007 16.935709194968663 96.08843735158663 16.936020330374657
96.4967552806387 16.935344416197815 96.49722734770137 16.935591178288828
96.53778241968995 16.935344414481207 96.53817938553027 16.935591176572217
96.496454875097 16.935623364534333 96.496969857703 16.935902313608988
96.08742884284169 16.936084703037327 96.08843734832509 16.9363529229
96.53756784914876 16.935677008311174 96.53793262865776 16.93589158407085
96.49183076109537 16.93582721173433 96.49209898095805 16.93596668627166
96.49233501612015 16.935859398391823 96.49275343907983 16.936073974151498
96.49210971017003 16.935880855511172 96.49231355737003 16.93599887227684
96.50125086070244 16.936063247960742 96.50163709733079 16.936288552932403
96.50071442195556 16.9363314671711 96.50108993002424 16.936578229262114
96.51003774652916 16.93733997134987 96.5104239831575 16.937533089990197
96.50906142672478 16.937382884610106 96.50961932422179 16.937586731810104
95.88869865120299 16.938005157379024 95.888999057397 16.938176818247687
96.12315574598338 16.937790579988572 96.12376728758339 16.93804807129157
96.29156635443839 16.93767256550599 96.29202769294139 16.93795151458065
96.50959786808092 16.93757600618583 96.51003774881225 16.937758395614168
96.12412134244657 16.938316292132708 96.12473288404657 16.938595241207363
95.88706787229837 16.938627431452566 95.88772232944169 16.93890638052722
96.53456378492561 16.938048074553123 96.53493929299427 16.93824119319345
95.88802273498338 16.93877762933108 95.88843042938339 16.939217510062416
96.41465829643758 16.938445038436516 96.41509817716891 16.93863815707684
96.12450757613951 16.938960023651752 96.12500110097383 16.93921751495475
96.49160545873296 16.93863815772915 96.49190586492696 16.93882054715749
96.29187748951823 16.938842007538394 96.29268214780161 16.939099498841394
96.53432775204658 16.938605969440882 96.53473544644658 16.938831274412543
95.88858063476347 16.939410627724275 95.88920290492315 16.939635932695936
95.88710005960817 16.939475005279277 95.88765795710518 16.939753954353936
96.12537681936865 16.93932480316074 96.12584888643133 16.9395501081324
96.49145525563596 16.93898147718339 96.49193805191061 16.93918532438339
96.29209206071172 16.93929261356785 96.2928645339684 16.93953937565886
96.12570941058938 16.939646665495633 96.12619220686403 16.939818326364296
95.8884626144101 16.940043627422092 95.88912780207004 16.94031184728476
96.29168436631173 16.93966811967958 96.29248902459511 16.939957797313916
95.88717516343976 16.940279664541137 95.88777597648009 16.940526426632147
96.29186675574006 16.940065090738397 96.2925641284267 16.940322582041393
95.88710005667276 16.940665899212544 95.88737900574743 16.941255983040882
95.88874156348476 16.94070881801742 95.88928873242209 16.94093412298908
96.50263487588528 16.940140192286897 96.50290309574795 16.94024748049289
96.49565021720842 16.94020455907877 96.49611155571142 16.94047277894144
95.88769014604576 16.94092338921092 95.8882802298741 16.94114869418258
96.4961330121098 16.940547881794565 96.49652997795012 16.940794643885575
96.4958218767038 16.94066590312641 96.49614374066947 16.940859021766734
95.88403162394113 16.94145983293596 95.88427838603214 16.941942629210615
96.47229361662153 16.941245255459673 96.47285151411853 16.941524204534332
96.11695450289643 16.941856794862417 96.11735146873677 16.94202845573108
96.41972228725668 16.941631494130778 96.42012998165667 16.94185679910244
96.47239017887709 16.941846070542763 96.47291589004276 16.942135748177094
95.90246370393757 16.942425421571407 95.9029035846689 16.942564896108735
96.46280936161006 16.942393240132404 96.46322778456972 16.942575629560743
96.47065211144032 16.9424361543711 96.47105980584033 16.94268291646211
96.4702336900256 16.9424897984741 96.47060919809425 16.94271510344576
96.46993328350543 16.94253271401742 96.47029806301443 16.942758018989082
96.51716167201225 16.94268291385287 96.51733333288091 16.9431764386872
96.53876947327248 16.942693641434076 96.53895186270081 16.94302623395942
96.50671181768801 16.943605589228085 96.50705513942535 16.943745063765412
96.50708732379975 16.943605588575775 96.50738772999375 16.943777249444437
96.46157554397958 16.943852357189893 96.4620690688139 16.944056204389895
96.50503812739427 16.943905996726713 96.5054780081256 16.944109843926714
96.47013712842234 16.944056202106804 96.47051263649101 16.944270777866482
96.46970797885993 16.9440776559646 96.47011567325993 16.94432441805561
96.46196178256486 16.94414203025805 96.46231583286185 16.944281504795377
96.46275571294088 16.944217133763484 96.46318486511254 16.94443170952316
96.4623265624 16.944399523844133 96.46273425679999 16.944624828815794
96.46754076088227 16.945214913296446 96.46791626895093 16.94540803193677
96.46947194369781 16.94544021794195 96.46992255298882 16.945708437804623
96.46999765127578 16.94548312989756 96.47037315934443 16.94570843486922
96.46779824859756 16.945504590278468 96.46822740076922 16.945762081581464
96.51067074622698 16.945644060901927 96.51118572883297 16.945901552204926
96.28413129061391 16.946319979164297 96.28465700177958 16.94655601269563
96.51103552419102 16.946180506824227 96.51155050679701 16.94641654035556
96.51289160969807 16.946480907233266 96.51324565999508 16.946674025873588
96.51277359064932 16.946684757282835 96.51305253972397 16.946867146711174
96.50699076447958 16.946781316602998 96.50748428931392 16.946985163802996
96.51228006222728 16.946952977145504 96.51260192619294 16.947135366573843
96.50723752820137 16.947092451682835 96.5075808499387 16.94728557032316
96.50716243024058 16.947349945680905 96.50769886996594 16.94758597921224
96.28163148002508 16.947596703205736 96.28242541431497 16.9479722112744
96.51251610162942 16.947414314755864 96.51300962646374 16.947596704184203
96.51413614479894 16.947553791250126 96.51450092430792 16.9477683670098
96.51229079372236 16.94767180540655 96.51266630179101 16.947864924046876
96.49801054951772 16.94792929573108 96.49845043024905 16.948165329262416
96.49838606052178 16.948058045296445 96.49864355182478 16.94825116393677
96.53153825893109 16.950096517296444 96.53177429246242 16.95028963593677
96.28344464844388 16.950504208108732 96.28397035960954 16.950772427971405
96.53181721289808 16.950278905746316 96.53217126319508 16.950579311940324
96.28333736317327 16.950836803569477 96.28400255083321 16.951126481203808
96.27932479305474 16.951137211720418 96.27988269055174 16.951459075686085
96.50246321305968 16.950997734573843 96.50276361925368 16.95111575133951
96.57736117805693 16.951180126611426 96.57767231346293 16.95133032970843
96.27883126365424 16.951577086907108 96.2794642630259 16.9518882223131
96.57723242914388 16.951383970549873 96.57755429310954 16.9515770891902
96.50233447066974 16.95155563109238 96.50273143651006 16.951727291961046
96.50237738458229 16.95175947829238 96.50275289265095 16.951931139161044
96.28153492461878 16.953025480056933 96.28210355132778 16.953336615462927
96.2783592014839 16.953111306251245 96.27889564120923 16.953358068342254
96.27768328550462 16.95312203905094 96.27802660724194 16.953358072582276
96.27865960604713 16.953379530353935 96.2791853172128 16.953712122879278
96.28196407548583 16.95344390432123 96.28255415931416 16.95378722605856
96.27896001256728 16.953679936547942 96.27949645229263 16.95402325828527
96.28189970510624 16.95410908611036 96.28240395850025 16.954420221516354
96.28286529341554 16.954377305973033 96.28343392012452 16.954677712167037
96.2807946350842 16.954388038120417 96.28142763445587 16.954709902086083
96.28299404135012 16.954430949423717 96.2836163115098 16.95474208482971
96.28197480665474 16.95446313445043 96.28253270415175 16.954774269856422
96.28113796008309 16.95467771281935 96.28173877312341 16.954956661894006
96.2832944466515 16.95477427572722 96.28388453047984 16.955106868252564
96.2823932283098 16.954806456513914 96.28299404135012 16.95512832047958
96.28186751942722 16.955214155806246 96.28240395915256 16.955514562000253
96.28211428119208 16.95549310096704 96.28268290790106 16.95580423637303
96.28126670084225 16.955750595205433 96.28163148035124 16.956115374714425
96.28164221315093 16.956051002377908 96.28208209388227 16.956394324115237
96.28166366863951 16.956136831181464 96.28215719347384 16.956490881478466
96.281899702497 16.956394322810613 96.28241468510299 16.956726915335956
96.48847265081524 16.956383594577094 96.4887408706779 16.956501611342762
96.80898586901635 16.957928540111986 96.80928627521037 16.958057285437327
96.57870227737028 16.959076664046574 96.57921725997628 16.959280511246575
96.56108537560738 16.95951654184251 96.56141796813272 16.95969893127085
96.56105318912154 16.960052979284765 96.56140723941854 16.960192453822092
96.55933658141336 16.960106624692383 96.55974427581336 16.960278285561046
96.61327046729674 16.961608659679282 96.61347431449674 16.96209145595394
96.6136137932741 16.961683759270848 96.61383909824575 16.96211291144251
96.57774741403296 16.96284246709594 96.57825166742697 16.963024856524278
96.57418545418389 16.96411919766049 96.57451804670924 16.9643659597515
96.58123427200735 16.969505051895936 96.5817707117327 16.969687441324275
96.58130937420817 16.969805460699188 96.58186727170518 16.969987850127527
96.58139520529481 16.97010586885013 96.58195310279181 16.970320444609804
96.43684545238283 16.971972682024226 96.43733897721717 16.972208715555563
96.43755376362915 16.972155068843325 96.43800437292016 16.972358916043323
96.58168488064605 16.97243401433027 96.58216767692072 16.972648590089946
96.58178143931391 16.972841708730268 96.58230715047958 16.973056284489946
96.58399157707491 16.97286317237273 96.58476405033159 16.97315285000706
96.5818458168689 16.97322795025094 96.58242517213758 16.973463983782278
96.58415250220847 16.973356696228596 96.58494643649837 16.973624916091268
96.58197456121579 16.973764391280906 96.58256464504413 16.974000424812242
96.58188872947683 16.974054063370595 96.58210330523652 16.97437592733626
96.5820603874101 16.97431156054439 96.5826719290101 16.974558322635403
96.58219986357821 16.974869457389083 96.58275776107521 16.975051846817422
96.58233934235555 16.9751376769256 96.58291869762422 16.975309337794265
96.58245735292427 16.97538443738583 96.58288650509593 16.97556682681417
96.58232861249125 16.975502452520722 96.58246808702859 16.975835045046065
96.58268266278826 16.976682622134334 96.58340148998501 16.97691865566567
96.58281140615667 16.97729416642941 96.58359460992996 16.97758384406374
96.57045182670274 16.977637487514425 96.57093462297739 16.977884249605438
96.58291869403651 16.977798417454498 96.58331565987683 16.977991536094823
96.58299379525886 16.978173923978215 96.58335857476784 16.97832412707522
96.59452725409156 16.97837777509208 96.59488130438857 16.978538707401068
96.57741481857221 16.978538703161046 96.5775757508812 16.97897858389238
96.59459162903732 16.978699636122347 96.59492422156266 16.978871296991013
96.57488282630406 16.978806924002185 96.57531197847572 16.978967856311176
96.59395862999182 16.978914213186645 96.59441996849482 16.979118060386647
96.58386282620492 16.979289721581466 96.58421687650193 16.979439924678466
96.59439850844007 16.97939700978746 96.59480620284006 16.97962231475912
96.58511809582208 16.979547213536772 96.58559016288476 16.979761789296447
96.59597564593676 16.97965449978583 96.59639406889644 16.97983688921417
96.58423833916592 16.979686686443323 96.58472113544057 16.979890533643324
96.58347659446892 16.97977251589919 96.58385210253758 16.979954905327528
96.58472113291715 16.97996563258258 96.58517174220817 16.98014802201092
96.58338003514875 16.980137297038954 96.58374481465773 16.98030895790762
96.58347659446892 16.98051280217222 96.58385210253758 16.98067373448121
96.58537559169126 16.98066300918309 96.5857189134286 16.980856127823415
96.58627681190406 16.980823935947434 96.58650211687572 16.98095268127278
96.58622316649644 16.981049240919095 96.58662013233676 16.98122090178776
96.58615879024606 16.981467667466482 96.58664158652071 16.981660786106808
96.57862717647409 16.981617872194263 96.57926017584575 16.9818539057256
96.58428125373077 16.981757345753124 96.58471040590243 16.98195046439345
96.58231788001771 16.981982650072474 96.58275776074905 16.982165039500813
96.58183508602615 16.98205775064251 96.58232861086049 16.98224014007085
96.57590206002097 16.982089937952313 96.5763419407523 16.982261598820976
96.57794053169481 16.98210066846892 96.57829458199181 16.982272329337587
96.58780029575342 16.982175770669734 96.58820799015342 16.98236888931006
96.58614806331715 16.982293782869224 96.58667377448283 16.982476172297563
96.5816634228744 16.982368885722348 96.58210330360573 16.98254054659101
96.58412032305256 16.982422526889945 96.58460311932721 16.98261564553027
96.57872373318502 16.98250836099782 96.57937819032833 16.98275512308883
96.58092313823214 16.982508359693195 96.58128791774114 16.98270147833352
96.68198864697573 16.982991156534332 96.68217103640407 16.983366664602997
96.57809073609644 16.98321646126567 96.57848770193677 16.983388122134333
96.58609441954032 16.983377396510058 96.58660940214631 16.983591972269732
96.57737190237658 16.983506136943067 96.57756502101691 16.983602695937076
96.58100896801416 16.983549053464856 96.58143812018582 16.98369925656186
96.58188873208609 16.983591970638955 96.58238225692041 16.98376363150762
96.57890612098257 16.9836348845515 96.57929235761091 16.983785087648503
96.5803866985068 16.98370998381691 96.58100896866648 16.98392455957659
96.58621243565368 16.983774358436516 96.58672741825967 16.983967477076842
96.58755353855474 16.98390310506648 96.58790758885175 16.984096223706807
96.58704928059456 16.98401039066323 96.58749988988556 16.984203509303555
96.58648065355942 16.984096224359117 96.58696344983407 16.984278613787456
96.5625768896485 16.984364443895632 96.56296312627684 16.9845361047643
96.58452801321253 16.98505108313027 96.58491424984088 16.985265658889944
96.58462457285886 16.985684088046575 96.58498935236784 16.985887935246573
96.09590459456703 16.988505759905994 96.09621572997303 16.98863450523134
95.9091048276872 16.99029746957466 95.90942669165287 16.990436944111988
96.30838911304438 16.991048482776588 96.30883972233539 16.991241601416913
96.30837838350624 16.991488366443324 96.30888263690025 16.991692213643322
95.98012969384169 16.995039598711173 95.98078415098502 16.995286360802186
95.97935722091117 16.995189801155867 95.97980783020218 16.995372190584206
95.9810094572613 16.995415106779838 95.98155662619862 16.995608225420163
95.98105237378309 16.995940816640886 95.98165318682341 16.996166121612546
95.97922847721661 16.996520170604928 95.97997949596318 16.99687422090193
96.30304616525423 17.003397475868105 96.30347531742589 17.00354767896511
96.30321783101523 17.00365496572915 96.3036898980779 17.00383735515749
96.30417269304793 17.00926612744251 96.30471986198526 17.009448516870847
96.30346458984468 17.009298312469223 96.30401175878201 17.009480701897562
96.3027457577556 17.009362687088828 96.3033143844646 17.009523619397818
96.30275649120762 17.00975965162453 96.30340021913895 17.01000641371554
96.30282086484875 17.01031755238309 96.30338949155774 17.010510671023415
96.30272430291934 17.011894686532404 96.303207099194 17.012077075960743
96.30210203504276 17.01192687155912 96.30259555987709 17.012109260987458
96.30342167593214 17.01234529093108 96.30399030264113 17.012581324462417
96.3025311859098 17.012892463129965 96.30313199895012 17.013096310329967
96.28944204776404 17.013064124650942 96.28997848748938 17.013300158182275
96.09308292401224 17.013278701801067 96.0936622792809 17.01352546389208
96.30167287830491 17.01419064861661 96.30223077580192 17.01439449581661
96.30120081222071 17.014405222745506 96.30173725194605 17.014566155054496
96.15695167965693 17.014759270433267 96.15746666226292 17.01495238907359
96.3003639682583 17.014705630244134 96.30107207146155 17.014930935215794
96.154344578991 17.016926493955562 96.15458061252234 17.01709815482423
96.17325945656673 17.025412970412546 96.17367787952641 17.025595359840885
96.17303414963814 17.02599232437659 96.17359204713514 17.02618544301691
96.15719843881254 17.026915005296445 96.15778852264089 17.02710812393677
96.15712333563326 17.027236870566735 96.15772414867358 17.02745144632641
96.17161794910244 17.027526546244136 96.17220803293077 17.027751851215797
96.17149992940136 17.028245377680907 96.1720470983387 17.02848141121224
96.17247625442423 17.028406307706806 96.17311998235556 17.02862088346648
96.1716072202166 17.02906076680706 96.1718110674166 17.02917878357273
96.17110296551797 17.02909295052915 96.1716501344553 17.029275339957493
96.15641523732235 17.02914659397984 96.156994592591 17.029339712620164
96.17248697809157 17.029232427023413 96.17304487558857 17.02944700278309
96.17038413245042 17.029339713272474 96.17089911505641 17.029522102700813
96.1563186763714 17.029457726776588 96.15686584530873 17.029650845416914
96.16916105251198 17.029468456640885 96.16969749223732 17.029693761612545
96.16897866071473 17.03025166041417 96.16952582965206 17.030444779054495
96.17232604643489 17.03025166041417 96.1728839439319 17.030401863511173
96.17056652611879 17.030358947727528 96.17113515282777 17.03058425269919
96.1722616731199 17.030509152129152 96.17286248616023 17.03069154155749
96.0667973630166 17.030809556692383 96.0672050574166 17.030981217561045
96.16874262620492 17.030788097289943 96.16930052370192 17.030981215930268
96.15761686340299 17.031152881038956 96.158121116797 17.03132454190762
96.16945072908202 17.031485473238142 96.16992279614469 17.031635676335146
96.16863534354357 17.03149620310244 96.16915032614956 17.031678592530778
96.15735937340462 17.031635677639766 96.15790654234195 17.03182879628009
96.17201491233351 17.031624949080094 96.17263718249319 17.031839524839768
96.1649446348673 17.031710774295938 96.16548107459263 17.031893163724277
96.16560981698258 17.031796609296446 96.16619990081091 17.03198972793677
96.16013812850193 17.031860979349872 96.16059946700493 17.032054097990198
96.16543815872316 17.031989728262925 96.16563127736347 17.032086287256934
96.16131830170325 17.03203264152316 96.16192984330324 17.032225760163485
96.1606209290166 17.032075559023415 96.16123247061661 17.03229013478309
96.18949234070625 17.03223648937547 96.18999659410026 17.03239742168446
96.16125392577902 17.032375961303554 96.16183328104769 17.03259053706323
96.17203636749593 17.032526167009802 96.17262645132428 17.032719285650128
96.1893743223098 17.03265491494439 96.18997513535014 17.0329016770354
96.17195053804006 17.03283729915424 96.17256207964007 17.033062604125902
96.1610822668673 17.03300896197984 96.16161870659263 17.033202080620164
96.16043854024058 17.033234269560744 96.16097497996591 17.033459574532404
96.1624233665068 17.03325572309238 96.16284178946648 17.033427383961047
96.16171526689126 17.03326645360899 96.1620585886286 17.033438114477654
96.17184324918176 17.033287908119096 96.17249770632509 17.03345956898776
96.35259197655232 17.033169891353428 96.35317133182097 17.03337373855343
96.1609857033071 17.033438116760742 96.1615006859131 17.033663421732403
96.1720363684744 17.03351321700462 96.17247624920573 17.033652691541953
96.1622517030289 17.03355613352641 96.16282032973788 17.033749252166736
96.16674707529289 17.033588318553125 96.16725132868689 17.03378143719345
96.16045999670762 17.033652691541953 96.16110372463895 17.03392091140462
96.16346405669076 17.03366341684007 96.1640004964161 17.033867264040072
96.16942927041772 17.03393163768121 96.17007299834906 17.03417839977222
96.16680071874357 17.033963824012545 96.16731570134957 17.034146213440884
96.16161870300492 17.033974553876842 96.16217660050192 17.034189129636516
96.15875411755911 17.034060381375774 96.15914035418746 17.034232042244437
96.16397904329644 17.034103299202183 96.16457985633677 17.034264231511173
96.17173596032346 17.034114031023414 96.1724011479834 17.034328606783088
96.15816403242616 17.03419985917466 96.15848589639182 17.034339333711987
96.16079259021143 17.03427496007085 96.16135048770843 17.03450026504251
96.17168231752508 17.03447880498776 96.17233677466841 17.034714838519097
96.16936490158308 17.0345324517 96.16996571462342 17.0347362989
96.15891504530192 17.03462900841092 96.15937638380493 17.03485431338258
96.17018028753351 17.03471484275912 96.1705987104932 17.034897232187458
96.16923615495313 17.034950872376587 96.16983696799345 17.035143991016913
96.1665968669774 17.034961602893194 96.16713330670274 17.03515472153352
96.16181182555911 17.03503670281092 96.16240190938746 17.03526200778258
96.06309592708527 17.0353049243902 96.06356799414795 17.035519500149874
96.16685435697578 17.03535857045013 96.16743371224443 17.035573146209803
96.13206086379425 17.035755534007365 96.13229689732559 17.036291973732705
96.17198272893758 17.03589500943733 96.17221876246892 17.0361632293
96.16635010814794 17.036034485038954 96.16669342988527 17.03620614590762
96.16226243550244 17.03605594313677 96.16285251933077 17.036270518896448
96.17141409864088 17.03621687479345 96.17204709801254 17.036431450553124
96.16064238254825 17.036291976668107 96.16099643284525 17.03644217976511
96.16116809436622 17.03640999310762 96.16166161920056 17.036646026638955
96.15992355241609 17.036485095960742 96.16040634869076 17.036710400932403
96.1767570431008 17.036603111095634 96.17718619527247 17.036774771964296
96.17123171084332 17.03662456984576 96.17196126855667 17.0368069592741
96.15802455788882 17.03671039832316 96.15855026905449 17.036903516963484
96.17742222912996 17.036699666175775 96.17782992352996 17.036871327044437
96.16730497181142 17.036817688159932 96.16786286930842 17.03702153535993
96.1765102816621 17.03687132997984 96.1770789083711 17.037064448620164
96.17140337334276 17.036892787751498 96.1718968981771 17.0370429908485
96.16010594380137 17.036978614924276 96.1606531127387 17.037203919895937
96.17713255084333 17.036978619816608 96.17774409244332 17.03718246701661
96.17108151035556 17.03703226424576 96.17166086562422 17.0372146536741
96.15407635912834 17.037236112424228 96.15508486461172 17.03747214595556
96.1712960812229 17.03723610720574 96.17178960605723 17.037407768074402
96.17481513163976 17.037300482477654 96.17541594468008 17.03753651600899
96.17638153698908 17.037321937640073 96.17697162081741 17.03752578484007
96.16717622648608 17.03733266815668 96.16766975132042 17.037536515356678
96.16609261488802 17.037439956036515 96.16663978382535 17.03763307467684
96.17475075677983 17.037515059215796 96.17537302693951 17.037697448644135
96.1767033954101 17.037675987937074 96.1769072426101 17.037783276143067
96.16710112200218 17.037761819349875 96.16766974871118 17.037954937990197
96.16598532929126 17.037869106903557 96.16653249822859 17.03808368266323
96.17107077918664 17.03787984035556 96.17176815187328 17.038051501224228
96.17685360372559 17.037976395435702 96.17743295899426 17.03814805630437
96.17595238481742 17.038094410244437 96.17658538418908 17.038330443775774
96.1553101702357 17.038115869646877 96.15588952550436 17.03833044540655
96.1572735406872 17.038115872582278 96.15779925185286 17.03828753345094
96.17107077853433 17.038158787473286 96.17171450646566 17.038362634673287
96.17676777198663 17.038180241657237 96.17697161918665 17.038298258422905
96.15862536799375 17.038341178532402 96.15914035059974 17.03852356796074
96.16703675129644 17.03839481741691 96.16763756433677 17.038609393176586
96.15741301457221 17.03849137902016 96.15798164128121 17.03870595477984
96.17026611927247 17.038502110841392 96.17065235590081 17.038652313938396
96.17131754160381 17.03871668138258 96.17163940556948 17.03889907081092
96.1556534929515 17.03874887032316 96.1562113904485 17.038941988963483
96.17231532341985 17.038770328420977 96.17299123507328 17.03900636195231
96.16734788311473 17.039092190755866 96.16789505205205 17.039274580184205
96.17222948646241 17.039253124043324 96.17280884173108 17.03945697124332
96.15599681240573 17.039306769450942 96.1565761676744 17.039542802982275
96.17121025535475 17.039617901269224 96.17156430565176 17.039800290697563
96.17601675748008 17.039789562790197 96.17663902763977 17.04000413854987
96.17116733818065 17.039993408033265 96.17149993070599 17.04018652667359
96.17513699601741 17.04000413854987 96.17576999538908 17.040197257190197
96.17209001420818 17.040261631809802 96.17264791170518 17.040454750450127
96.17599529709918 17.04028308631991 96.17658538092752 17.040476204960232
96.17554469106973 17.0403581930869 96.17573780971006 17.04046548129289
96.15612555805723 17.040454747840883 96.1566512692229 17.040680052812544
96.15659762675068 17.04068005379101 96.15713406647602 17.040916087322348
96.18751823941199 17.040669323926714 96.188022492806 17.040873171126716
96.18815124106675 17.04066932784058 96.18836581682642 17.040798073165924
96.18988930165425 17.04069078071991 96.19052230102591 17.040883899360235
96.17436451941336 17.04083025721417 96.17502970707328 17.041055562185832
96.18575850801741 17.040830259823416 96.18639150738908 17.04104483558309
96.18829071234252 17.0409160876485 96.18888079617085 17.041141392620162
96.16591022285043 17.041012646968664 96.16642520545642 17.04118430783733
96.17263718412397 17.04101264664251 96.17317362384931 17.041205765282836
96.18757188286268 17.04103410441417 96.18815123813134 17.04128086650518
96.18994294934495 17.041066290745505 96.19059740648828 17.041291595717166
96.17203636782209 17.041087748517167 96.17250843488476 17.04130232427684
96.18582288068009 17.041119934848503 96.18644515083976 17.041334510608177
96.15680147297222 17.041152121179838 96.1573700996812 17.0413774261515
96.16588877127572 17.041334511260487 96.16647885510406 17.04154908702016
96.15491320309076 17.041452527373846 96.1552457956161 17.041613459682836
96.1570804262869 17.041677971793195 96.15759540889289 17.04187109043352
96.19011461151824 17.04169942989101 96.19080125368828 17.041935463422348
96.15652252813759 17.04176380222753 96.15696240886892 17.04198910719919
96.15887213530324 17.04191400760762 96.15948367690325 17.042150041138957
96.18850529005913 17.0419032793741 96.18909537388747 17.04212858434576
96.15714479568801 17.04198910719919 96.15769196462534 17.042171496627528
96.18777573038884 17.041967648775216 96.18837654342916 17.042225140078212
96.16591022709045 17.04217149564906 96.16643593825611 17.042343156517724
96.16589949494306 17.0424289866259 96.16640374833707 17.04261137605424
96.16655395045561 17.04242898597359 96.16712257716459 17.042643561733264
96.33979251432427 17.042268054969224 96.34022166649594 17.042450444397563
96.16650030928801 17.042740121053427 96.16704747822534 17.04294396825343
96.33940627997903 17.042868868335702 96.3399856352477 17.04304052920437
96.1568658498749 17.0432980224643 96.15772415421823 17.043534055995632
96.16464422834713 17.043319481866735 96.1651699395128 17.04353405762641
96.15775633630955 17.043340937029154 96.15824986114387 17.043523326457493
96.33928826484414 17.04318000700325 96.3399212642158 17.043383854203253
96.16416142978939 17.043458952490198 96.16464422606404 17.043673528249872
96.15784217033159 17.04357697251742 96.15852881250163 17.043802277489082
96.19252859028228 17.043609153630268 96.19310794555095 17.043823729389945
96.15711260935667 17.04370571621199 96.15787435209674 17.043973936074657
96.16201567341142 17.043716441510107 96.16257357090842 17.043920288710105
96.16133975523489 17.043813003113357 96.1618976527319 17.04401685031336
96.1552457962684 17.043877376754494 96.15595389947165 17.044124138845508
96.33787206202534 17.04375936194576 96.33834412908801 17.0439417513741
96.30323928258994 17.043888103460233 96.30384009563026 17.044102679219908
96.19267879077005 17.044242156915796 96.19308648517004 17.044424546344136
96.16656468358146 17.04431725976892 96.16712258107846 17.044488920637583
96.33777550009594 17.044156327889084 96.33836558392429 17.044338717317423
96.33854797628801 17.04416705188258 96.33909514522534 17.04434944131092
96.30347532101361 17.04420997123677 96.3039903036196 17.044424546996446
96.16578147915587 17.044360172479838 96.1663715629842 17.044553291120163
96.165438158397 17.044488918131336 96.16574929380299 17.044628392668667
96.15423729372041 17.04456401664144 96.15455915768608 17.044703491178772
96.16589949950924 17.044564018375215 96.1663822957839 17.04482150967821
96.16661832637983 17.044585478429966 96.16721913942015 17.044789325629967
96.3377647734932 17.044531835202438 96.33836558653353 17.044714224630777
96.15802455812914 17.0447142259354 96.15841079475749 17.04487515824439
96.30341094378475 17.044596206011175 96.30395811272209 17.044842968102184
96.19245348905994 17.04471422081991 96.19306503065994 17.044907339460234
96.15807820157984 17.04493952513926 96.15867901462016 17.0451219145676
96.16663978154224 17.044950259466738 96.16720840825124 17.045164835226412
96.16336749900137 17.045046813019095 96.1637108207387 17.04521847388776
96.15695167509075 17.045057541475774 96.15728426761609 17.045229202344437
96.15702677957465 17.045239934165668 96.15757394851198 17.045411595034334
96.1563937772676 17.04539013693652 96.15682292943926 17.04558325557684
96.1650519243779 17.046184067312545 96.16559909331524 17.046366456740884
96.30366844095855 17.046066051199187 96.30414050802122 17.046248440627526
96.16565273611361 17.046226982306553 96.1661677187196 17.046420100946875
96.16624281635424 17.04624844105668 96.1668758157259 17.046452288256678
96.1670903905071 17.046398644479837 96.1676053731131 17.046591763120162
96.33985688927004 17.0462484423613 96.34026458367003 17.04638791689863
96.16850659299975 17.046473747882278 96.16901084639375 17.04664540875094
96.15918326549075 17.04649520402316 96.15971970521609 17.046688322663485
96.16843149047277 17.0465273911098 96.16891428674744 17.046720509750127
96.30371135226186 17.046398643501373 96.30396884356485 17.0465381180387
96.16314219500818 17.04663467605424 96.16370009250518 17.0468599810259
96.1573379153068 17.04669905034769 96.15796018546648 17.046935083879024
96.15948367592478 17.046741967195633 96.15983772622178 17.0469136280643
96.33603743592073 17.046581032826715 96.33637002844607 17.046784880026713
96.15653325376185 17.046774155707062 96.15679074506485 17.046892172472727
96.33542589790844 17.046623948799187 96.33588723641144 17.046806338227526
96.15685512164139 17.04681707059807 96.15720917193839 17.046967273695074
96.1858336098234 17.046859982879838 96.18625203278309 17.047053101520163
96.16756246376673 17.046881443689895 96.16798088672641 17.047085290889896
96.15558912061498 17.046977997688572 96.15629722381823 17.047235488991568
96.15640451137192 17.046978003010057 96.15687657843458 17.04719257876973
96.16324948125724 17.046978000400813 96.1637751924229 17.047203305372474
96.1668543612158 17.047085286649875 96.16724059784413 17.0472784052902
96.16125392838826 17.04710674474769 96.16190838553159 17.047342778279024
96.30378645381036 17.047149663123413 96.30430143641635 17.04736423888309
96.1548488346681 17.047321321382835 96.15499903776511 17.047610999017166
96.18596235058257 17.04731059054007 96.18634858721092 17.04751443774007
96.15487029080899 17.047385694045506 96.15504195167765 17.047814846217168
96.16364644914032 17.047686101320977 96.16418288886567 17.04792213485231
96.15703750780817 17.047707558011172 96.15759540530517 17.04792213377085
96.15641523569157 17.047857761863487 96.15697313318857 17.04807233762316
96.15520288594357 17.04812598368309 96.15571786854957 17.048319102323415
96.1577777940812 17.04844784308258 96.15822840337222 17.04863023251092
96.1511259421839 17.048458576208432 96.15125468750924 17.048716067511428
96.16358207647765 17.048501490773287 96.16411851620299 17.04870533797329
96.15687657778227 17.048758977510108 96.15745593305094 17.048962824710106
96.16196202474225 17.048812625853124 96.16253065145123 17.04900574449345
96.16206931751442 17.049134489818794 96.16251992680543 17.04929542212778
96.16534159679375 17.04920958745343 96.16585657939974 17.049413434653427
96.16215514729645 17.049338338323416 96.16275596033677 17.04955291408309
96.30795995728501 17.0493812500387 96.30864659945505 17.04964946990137
96.15988063752509 17.049552912778466 96.16058874072833 17.049810404081462
96.17482585954713 17.04986404696567 96.17535157071279 17.050035707834333
96.16417215900137 17.049928419868664 96.1645154807387 17.050067894405995
96.30814234860162 17.049896233211175 96.30879680574495 17.05011080897085
96.30718748402833 17.049982066666736 96.30789558723158 17.05019664242641
96.17485804392153 17.050132267068665 96.17541594141854 17.05030392793733
96.17512626223926 17.0503575747354 96.17571634606759 17.05051850704439
96.30826036471498 17.05034684291417 96.30900065294495 17.05057214788583
96.1627666862872 17.05056141965231 96.16329239745286 17.050733080520978
96.30727331374169 17.050454131120162 96.3081101570518 17.05066870687984
96.17509407721253 17.050636517939257 96.17568416104088 17.0508189073676
96.16009521850324 17.05087255701524 96.16070676010325 17.051140776877908
96.30850712908908 17.050894012829964 96.30909721291742 17.051097860029966
96.1750404334357 17.051033485736518 96.17561978870437 17.051226604376843
96.15935492962097 17.051162233671104 96.15999865755231 17.051408995762113
96.17511553465805 17.051752313585578 96.17566270359538 17.051913245894568
96.16081404374306 17.05195616274251 96.16131829713707 17.05213855217085
96.17502970291909 17.052009806845508 96.17560905818776 17.052170739154494
96.1749224188673 17.052256569588828 96.17545885859263 17.052417501897818
96.1607282172226 17.052331672115795 96.16121101349725 17.052514061544134
96.16039562045724 17.05270717659675 96.1609213316229 17.05291102379675
96.17496533123489 17.052868108905738 96.17552322873189 17.053039769774404
96.17481513163976 17.053147056675773 96.17541594468008 17.05331871754444
96.15481664344443 17.054316501969733 96.15546037137577 17.05450962061006
96.15504195167765 17.054606174385576 96.15548183240898 17.054767106694566
96.15449478013107 17.054981683518537 96.15513850806241 17.055239174821534
96.15100792443977 17.05616185443677 96.15160873748009 17.056376430196448
96.15075043378909 17.056515905059932 96.15134051761741 17.05671975225993
96.15202715978745 17.05677339668908 96.15245631195911 17.05695578611742
96.15020326322097 17.05703088505668 96.1508469911523 17.057234732256678
96.15178039769644 17.057105989866738 96.15238121073676 17.057320565626412
96.15672637598989 17.05710598595287 96.15760613484332 17.0573956635872
96.15650106775668 17.057395666196445 96.15743447267003 17.05758878483677
96.1499350433583 17.057406390189943 96.15062168552834 17.05759950883027
96.1514478022357 17.057535136167598 96.15202715750436 17.05776044113926
96.15662981438663 17.057674614618794 96.15730572604006 17.05783554692778
96.15653325604494 17.057760445053123 96.15721989821498 17.05795356369345
96.15260651570843 17.058629475346876 96.15306785421143 17.05884405110655
96.15585734112996 17.059863287106552 96.15646888272997 17.060056405746877
96.15578224055993 17.060228070855562 96.15639378215992 17.060399731724228
96.15572859449999 17.060539200476587 96.1563401361 17.060732319116912
96.15218809209644 17.0611400158 96.15278890513677 17.061343863
96.15558912322422 17.061225849169734 96.15623285115556 17.06141896781006
96.15197351698907 17.061526254059117 96.15256360081742 17.061708643487457
96.15167310557658 17.061880304029966 96.15227391861691 17.062084151229964
96.15135124422017 17.06343597942915 96.15176966717983 17.06361836885749
96.15033200626323 17.06347889236323 96.15093281930355 17.063672011003554
96.15119031484657 17.06366128309619 96.15139416204657 17.063747113530525
96.1500208718357 17.06370419896567 96.15060022710436 17.063875859834333
96.1508469911523 17.06429428116323 96.15142634642098 17.064487399803557
96.28321934510299 17.070313137276585 96.28399181835967 17.07050625591691
96.28331590214006 17.07060281556323 96.28406692088664 17.070795934203556
96.28332663265667 17.070892496459116 96.28405619037002 17.071074885887455
96.28341246048176 17.07116071534332 96.28415274871172 17.071364562543323
96.2834768370583 17.07176153042641 96.28427077134819 17.071954649066736
96.245882911309 17.07198683572423 96.24605457217766 17.072426716455563
96.28357339213844 17.072040476479838 96.2843136803684 17.072233595120164
96.28236104099999 17.07225505199919 96.28309059871336 17.072437441427528
96.28363776871498 17.072319423683393 96.28435659591173 17.072523270883394
96.28241468379836 17.072555460802437 96.28312278700162 17.07273785023078
96.28366995700324 17.072619830203557 96.2843995147166 17.07283440596323
96.16974041038989 17.075184013369224 96.17041632204332 17.075366402797563
96.16718695341498 17.07594575708776 96.1678414105583 17.076181790619096
96.16713330735504 17.076053047576842 96.16778776449837 17.076267623336516
96.16600678901986 17.076074503717724 96.16668270067328 17.07631053724906
96.1663822957839 17.076374908933264 96.16691873550924 17.07656802757359
96.16470860003133 17.076407097221534 96.16525576896866 17.076557300318537
96.16722986732752 17.07640709885231 96.16786286669918 17.076578759720977
96.16788432642778 17.076407101135402 96.16833493571879 17.07656803344439
96.16386102457385 17.07716884257085 96.16438673573951 17.077361961211174
96.16328167182859 17.07797350387547 96.16375373889126 17.07813443618446
96.16378592302534 17.078316825938956 96.16430090563134 17.07848848680762
96.16379665223732 17.079228772102184 96.16427944851198 17.079389704411174
96.16317438460106 17.079743756991267 96.16362499389207 17.079883231528594
96.16691873322615 17.07988322761473 96.16741225806048 17.080022702152057
96.16373227957466 17.079915416229152 96.16423653296866 17.08009780565749
96.16545961486403 17.08012999394576 96.16599605458939 17.0803123833741
96.16621063230599 17.08029092625475 96.16669342858064 17.080441129351755
96.16763756466293 17.080398209242254 96.16814181805692 17.080559141551245
96.17001935489837 17.080859551006807 96.17070599706841 17.08107412676648
96.16363571992834 17.080988293070593 96.16394685533433 17.08110630983626
96.03862332238283 17.08113850105993 96.0390524745545 17.08134234825993
96.16616771447958 17.081288700569225 96.16666123931391 17.081471089997564
96.1667792603196 17.08134234401991 96.16728351371361 17.081535462660234
96.16992279981822 17.081374529698934 96.17057725696155 17.081535462007924
96.0383014586575 17.081578380486643 96.03873061082916 17.081782227686645
96.3081316203681 17.08158911100325 96.3086895178651 17.081792958203252
96.30920450021361 17.0816963936646 96.3097194828196 17.08194315575561
96.16298126465611 17.0823079411354 96.16347478949045 17.08246887344439
96.3094834453744 17.082254295727783 96.31012717330573 17.082501057818792
96.30847493858639 17.082361584912242 96.30897919198038 17.082533245780905
96.30845348465992 17.082694175154497 96.30906502625993 17.082919480126158
96.309569277697 17.082855106811174 96.30988041310299 17.083037496239513
95.95103318987248 17.083327314852312 95.9516232737008 17.083498975720975
96.16349624824058 17.08333804602123 96.16382884076592 17.083477520558557
96.1667577976556 17.083606262622347 96.16712257716459 17.08377792349101
95.95181639103652 17.084593313269476 95.95241720407684 17.084882990903807
95.9525674075 17.084754244926156 95.95323259515993 17.085043922560487
96.16394685598664 17.084657685932147 96.16461204364657 17.084818618241137
95.9521060660616 17.084968823295075 95.9526639635586 17.08522631459807
96.16749808621172 17.08476497348583 96.16818472838176 17.084947362914168
96.16370009217903 17.086041699261045 96.16427944744768 17.086277732792382
96.16584585084007 17.086170444912543 96.16659686958664 17.086352834340882
96.16607115907328 17.087103850049058 96.16676853175993 17.087275510917724
96.18621984482097 17.092607723985576 96.1864558783523 17.092768656294563
96.18619838541854 17.092822304311426 96.18645587672152 17.09297250740843
96.18613401406049 17.09326218373814 96.18645587802615 17.093412386835144
96.18611255465805 17.093466030938142 96.18645587639537 17.093616234035146
96.18605890957659 17.093691334279026 96.18645587541691 17.09386299514769
96.13117037181497 17.103036120950126 96.13185701398501 17.1032506967098
96.03484678514333 17.109033520596444 96.03545832674332 17.10922663923677
96.15753103133788 17.11135093808339 96.15798164062889 17.111554785283392
96.15675855612427 17.111619161859927 96.15718770829594 17.11182300905993
96.15753103590406 17.111983937781208 96.15796018807572 17.112230699872217
96.15708042302533 17.112670580603552 96.15755249008801 17.11288515636323
96.15672637566374 17.11313192212778 96.1572520868294 17.11337868421879
96.12534463303733 17.11608233800792 96.12595617463732 17.11632910009893
96.1250013113 17.116200355099746 96.12523734483133 17.11650076129375
96.12465777825804 17.116211086268663 96.12500109999537 17.116479306131335
96.14857248496867 17.117326881588827 96.14884070483133 17.117487813897817
96.14907673607958 17.11747708762123 96.1493664137139 17.11761656215856
96.14825061937222 17.11757364270137 96.1486153988812 17.117713117238697
96.14799313198309 17.117670202021532 96.14839009782341 17.117820405118536
96.1481540603782 17.11779894702072 96.14850811067521 17.11792769234606
96.14870123127247 17.117927692019908 96.14908746790081 17.118120810660233
96.42467899280517 17.124139671013612 96.4248721114455 17.124246959219604
96.1456757049518 17.129568585458557 96.14646963924169 17.12983680532123
96.14561133489838 17.13029814004769 96.14635162312834 17.130534173579026
96.14541821495342 17.130620005832963 96.14628724981335 17.130920412026967
96.13108454162098 17.13132810558583 96.13152442235231 17.13151049501417
96.14287549347328 17.132862322097562 96.14355140512671 17.133087627069223
96.14093358135993 17.133076900140324 96.14163095404658 17.133280747340326
96.14286476458746 17.133205645791822 96.14349776395912 17.1334202215515
96.30215567490573 17.133409493729964 96.3027350301744 17.133613340929966
96.30102915591823 17.1334202215515 96.30171579808827 17.13364552652316
96.30013866393895 17.13343095043733 96.30071801920761 17.133634797637328
96.29995627353215 17.133709896662417 96.30052490024113 17.13388155753108
96.30189818523351 17.13409613361691 96.30252045539319 17.134310709376585
96.29953784992016 17.134106862176587 96.30017084929182 17.134299980816913
96.13566574073158 17.134428728099188 96.13632019787491 17.134611117527527
96.30028886573133 17.13434289864332 96.30083603466866 17.134546745843323
96.29949493470299 17.134396543072473 96.30004210364032 17.134578932500812
96.3014583058068 17.13469694926648 96.30208057596647 17.134890067906806
96.30079311814687 17.135287029833265 96.30141538830655 17.13548014847359
96.29837913897084 17.13568399567359 96.2990121383425 17.135898571433266
96.11603182752123 17.135909301297563 96.11657899645856 17.136134606269223
96.2991945251616 17.13618825395993 96.2997524226586 17.13639210115993
96.11602109798308 17.136413559257747 96.11662191102342 17.136660321348756
96.29860444459482 17.136252624013355 96.29916234209182 17.136456471213357
96.14833645078501 17.13643501442016 96.14916257010162 17.136649590179836
96.29981680062559 17.136563761050127 96.30039615589426 17.1367783368098
96.14827208073159 17.13677833615749 96.14916257010162 17.13700364112915
96.14822916518827 17.137132386454496 96.1490874695316 17.137379148545506
96.29941983339481 17.137003638519907 96.29997773089181 17.137196757160233
96.14916257010162 17.137379148545506 96.15007452050487 17.137743928054494
96.29788561674576 17.13755080778339 96.29847570057409 17.137754654983393
96.12241546101498 17.1378083026741 96.12312356421823 17.13803360764576
96.11705105765043 17.137840489005434 96.11756604025642 17.138001421314424
96.09766411855668 17.137926315852056 96.09851169238338 17.138194535714728
96.2974457353621 17.137926318787457 96.2980143620711 17.138151623759118
96.1255162945583 17.138194539062113 96.12625658278827 17.138355471371103
96.19077979330737 17.141499006217725 96.19131623303271 17.14173503974906
96.190618862303 17.14182087116186 96.19112311569701 17.142078362464854
96.19124113115805 17.14198180281854 96.19178830009538 17.142239294121534
96.19200287748583 17.142464602028593 96.19259296131418 17.142732821891265
95.94317970798065 17.14345165071879 95.944113112894 17.14381643022778
96.19340835272342 17.14326925770274 96.19403062288309 17.1435482067774
96.18500749213759 17.143537481153125 96.18544737286892 17.14373059979345
95.94335136950163 17.14391298930762 95.94409165773159 17.144149022838953
95.94346938235343 17.144245581506805 95.94416675504007 17.14446015726648
95.94359812898338 17.144535256531896 95.94435987172346 17.14479274783489
95.94375906390162 17.14488930585043 95.94444570607166 17.145200441256424
96.28331590442315 17.144867852318793 96.28374505659481 17.14502878462778
96.28247905939644 17.14562959375424 96.28307987243676 17.1458548987259
96.28196407548583 17.146166033153428 96.28255415931416 17.146369880353426
96.1491625717324 17.14914864393078 96.14975265556073 17.14937394890244
96.1502461794166 17.149202283707922 96.15094355210324 17.14944904579893
96.27793004507221 17.15046828351554 96.27849867178121 17.15062921582453
96.27759745343951 17.150715048215794 96.27788713107384 17.150897437644133
96.14783219510792 17.150875979220164 96.14828280439893 17.151090554979838
96.2779515070839 17.150843795498073 96.27848794680924 17.150993998595073
96.27740433414687 17.15101545506211 96.27782275710655 17.151176387371102
96.2779407761553 17.15109055563215 96.27841284321798 17.15125148794114
96.27843430205392 17.15121930324058 96.27897074177928 17.15134804856592
96.27836992645587 17.151433877695634 96.2789600102842 17.151605538564297
96.40272787004794 17.152066873153426 96.40307119178527 17.152270720353428
96.40228798833813 17.15223853565287 96.40284588583513 17.1525282132872
96.40465905392777 17.152485298070037 96.40510966321878 17.152689145270035
96.40419771509862 17.152624770324277 96.40466978216129 17.152850075295937
96.36574548246841 17.153440164016608 96.36645358567166 17.15364401121661
96.40361836113458 17.15344016466892 96.40416553007191 17.153611825537585
96.36651795572509 17.153504538310056 96.36722605892834 17.15371911406973
96.40317847942478 17.153708381270036 96.40373637692178 17.153912228470034
96.4020412220071 17.15403024686648 96.40255620461309 17.154223365506805
96.3447277666673 17.154244819690756 96.34526420639264 17.1545774122161
96.34538222413677 17.154244823278468 96.34600449429645 17.154502314581464
96.1981182903101 17.154427211402183 96.19872983191011 17.154588143711173
96.19747456596649 17.154448670152313 96.19807537900681 17.154620331020975
96.19655188928665 17.154480852895936 96.19739946311337 17.154663242324276
96.4026527658902 17.154287738495633 96.40286734164987 17.154459399364296
96.34537149068477 17.154523773657747 96.3459186596221 17.154770535748757
96.19926627628746 17.15468470572641 96.19989927565912 17.154877824366736
96.19997437459838 17.154695432329152 96.2006288317417 17.15487782175749
96.11226601501335 17.154995838111173 96.11294192666678 17.1551889567515
96.40216996798476 17.15470616341224 96.40271713692209 17.154877824280906
96.3664106675191 17.154963651213357 96.36699002278776 17.155167498413356
96.40137604021797 17.154985109225343 96.4019232091553 17.155156770094006
96.40063574970492 17.155006566997002 96.40119364720192 17.155210414197004
96.19747456857573 17.155306973517167 96.19806465240407 17.155532278488828
96.19815048185994 17.155306973517167 96.19876202345993 17.155500092157492
96.36633556760138 17.155188958794263 96.3668827365387 17.155424992325596
96.11223382827004 17.155457176940324 96.11289901592995 17.155661024140326
96.1829904753 17.15547863438583 96.18365566295992 17.15566102381417
96.34410549748608 17.155328431288826 96.34459902232042 17.15557519337984
96.34467412191199 17.155360619989082 96.34494234177467 17.15554300941742
96.18368784570355 17.15555373895556 96.18431011586323 17.155725399824227
96.3446419346022 17.155478631862415 96.34500671411118 17.15585413993108
96.36629265499346 17.155596653846573 96.36691492515313 17.155800501046574
96.18442813295505 17.155811225692382 96.18508259009838 17.155982886561045
96.34432007063651 17.15572539427958 96.34492088367685 17.156015071913917
96.400635751988 17.155682479062417 96.40118292092534 17.15585413993108
96.19586524385505 17.15597215669675 96.19655188602509 17.15617600389675
96.34716320687654 17.155821953599744 96.34783911852998 17.156122359793752
96.16412924541498 17.1560258011259 96.16556690633159 17.15641203775424
96.20202357385344 17.15619746656074 96.20295697876679 17.1564227715324
96.40023878745231 17.156122362729153 96.40081814272096 17.156304752157492
96.34577918802017 17.15632621025531 96.34640145817984 17.15659443011798
96.1935478257158 17.156551517510056 96.19413790954414 17.15676609326973
96.34633708495069 17.156605158677653 96.34687352467603 17.15684119220899
96.19188485941555 17.156809004899188 96.19245348612453 17.156991394327527
96.19353709682997 17.156948479436515 96.19414863842997 17.15714159807684
96.39946631126023 17.156755361122347 96.3998847342199 17.15692702199101
96.34684133932316 17.15693775022453 96.34744215236348 17.157184512315542
96.3989298692518 17.15709868188121 96.39972380354169 17.15734544397222
96.1894494238583 17.157323984895935 96.19027554317492 17.157506374324274
96.19342980895013 17.157366902070034 96.19405207910981 17.157570749270036
96.19214235267548 17.157678039759116 96.19271097938447 17.157860429187455
96.36528414787928 17.15765658100899 96.36576694415395 17.157828241877652
96.33364491647329 17.15773168255749 96.33425645807328 17.15795698752915
96.34560752878228 17.15775313902453 96.34618688405095 17.15799990111554
96.1875075102 17.158032090382275 96.18808686546868 17.15820375125094
96.36528414787928 17.157946257012544 96.36576694415395 17.158128646440883
96.34611177900057 17.158075003968666 96.34663749016623 17.158343223831334
96.33292608634115 17.158182289239257 96.33337669563215 17.158364678667596
96.1866811807834 17.15836468421224 96.18735709243681 17.158536345080904
96.36315984218339 17.158235934646875 96.3637713837834 17.158450510406553
96.36524123070518 17.158300307635702 96.36570256920818 17.15847196850437
96.17793721238827 17.15862217323215 96.17859166953158 17.158783105541136
96.33271150797222 17.158525610324276 96.33328013468122 17.158750915295936
96.17795866689838 17.158933309616607 96.17867749409513 17.15913715681661
96.31803451070519 17.158847475594566 96.31822762934551 17.159298084885577
96.31909666061773 17.158911853475725 96.31953654134907 17.159094242904064
96.31959018903977 17.15897622450762 96.3201910020801 17.159212258038956
96.1731843530613 17.159276632332404 96.17373152199862 17.159459021760743
96.31837783309483 17.15921225542971 96.31862459518584 17.159716508823717
96.31925759292672 17.159405373417723 96.31992278058665 17.15964140694906
96.33242183490407 17.15952339246648 96.33305483427573 17.159716511106804
95.95678382840624 17.160081292572727 95.95708423460025 17.16037097020706
96.17320581278989 17.160016917953122 96.17388172444332 17.160210036593448
96.17330236787004 17.160456797705994 96.17371006227003 17.16059627224332
96.18253986437821 17.16048898184007 96.18309776187522 17.16069282904007
96.18316213395424 17.160488986732403 96.1837951333259 17.160671376160742
96.17329163963652 17.160542625616912 96.17368860547684 17.160757201376587
96.1838595059199 17.160596274612242 96.18446031896023 17.160767935480905
96.17308779504576 17.161111256239767 96.17347403167409 17.161304374880093
96.31009498762671 17.161390205966736 96.3109103764267 17.16160478172641
96.31010571677002 17.161712069932403 96.31078162842346 17.16189445936074
96.18438522067328 17.161926643082833 96.18506113232671 17.162216320717167
96.33633784635475 17.16228069174906 96.33689574385176 17.162452352617724
96.33614472380056 17.162548915525598 96.33667043496624 17.16272057639426
96.33359126943489 17.163192639869223 96.3341491669319 17.163375029297562
96.33365564438066 17.163493050955562 96.334192084106 17.163664711824225
96.31141463308226 17.16361106478583 96.31199398835093 17.16379345421417
96.31203690324195 17.163707626389083 96.31250897030462 17.163890015817422
96.15905452147003 17.163954388480093 96.15966606307003 17.164168964239767
96.3353293376098 17.163782728589894 96.33593015065013 17.163986575789895
96.31059924160436 17.163836368126713 96.3112429695357 17.164040215326715
96.15904379291035 17.164276248205738 96.15955877551635 17.164447909074404
96.33506111937791 17.16422260866892 96.33540444111524 17.164394269537585
96.33528642467573 17.16457665635668 96.33587650850407 17.164780503556678
96.30790631083026 17.164791231790197 96.30852858098994 17.16500580754987
96.30771319218994 17.165241839124274 96.30831400523026 17.165467144095935
96.30739133024987 17.165327670537074 96.3075844488902 17.165434958743067
96.16066384455992 17.165563708308433 96.16154360341335 17.16582119961143
96.30676906009019 17.16566026665013 96.30739133024987 17.165874842409803
96.30747716061553 17.165670992926714 96.30804578732453 17.165874840126715
96.30649011134169 17.166046501973845 96.30714456848501 17.16623962061417
96.3062648073485 17.166389823711175 96.30686562038882 17.16660439947085
96.35152982361853 17.169833909317976 96.35199116212154 17.170177231055305
96.3515083682158 17.16989827839294 96.35209845204415 17.17018795602727
96.35120796071718 17.170477638330777 96.3517980445455 17.170702943302437
96.35215209451636 17.170509825966732 96.35265634791037 17.17072440172641
96.35106848446324 17.17099262050762 96.35166929750356 17.171228654038952
96.3509611983 17.171883110959115 96.35130452003733 17.172065500387454
96.3422064957834 17.173760652280905 96.34296823852347 17.173996685812238
96.34228159635343 17.174114700620972 96.34306480012671 17.17435073415231
96.34245325852672 17.174640411460487 96.34320427727329 17.174887173551497
96.34342958224495 17.174801346138395 96.34411622441499 17.17505883744139
96.34190608861093 17.175037375103553 96.34253908798259 17.175251950863228
96.34263564795506 17.175048105208177 96.34329010509838 17.175305596511173
96.34200264890956 17.175369972521228 96.34229232654388 17.17550944705856
96.37289086326841 17.175734750725596 96.37357750543845 17.17590641159426
96.37286940664688 17.175938596620973 96.37349167680655 17.17617463015231
96.34298969629513 17.17693637648009 96.34378363058502 17.177150952239767
96.34322573113108 17.177419167210104 96.34386945906242 17.177623014410106
96.34259273110712 17.177526457046874 96.34310771371311 17.177741032806548
96.20418006564033 17.187418409067597 96.20468431903434 17.187643714039258
96.20378310134495 17.1879226683324 96.2045019285417 17.18810505776074
96.20101506771773 17.191345149730267 96.20125110124907 17.19176357268994
96.35747358153078 17.19275062627247 96.35810658090244 17.192933015700813
96.3577632614482 17.193254879992633 96.3585679197316 17.19353382906729
96.35634705756512 17.19338362499182 96.35680839606812 17.193641116294817
96.35728045930274 17.193726947707617 96.35776325557741 17.193962981238954
96.35642215715669 17.193802049256117 96.35703369875668 17.194091726890452
95.90654064541417 17.198662194179835 95.90676595038582 17.199059160020163
95.95873646475343 17.219057783114167 95.95946602246678 17.21928308808583
95.783116109997 17.2344857985613 95.78341651619101 17.23462527309863
95.88838751775393 17.31671160066267 95.88872011027927 17.316840345988012
95.9547990008354 17.316808159742507 95.95516378034438 17.316990549170846
95.95531398278908 17.31699054982316 95.95570021941742 17.317183668463485
95.95468098398389 17.31708710849101 95.95501357650924 17.317323142022346
95.95522815170243 17.317258767728898 95.95561438833077 17.317419700037888
96.18490020041254 17.347138617545507 96.18508258984087 17.347524854173844
96.1846427117188 17.34717080559345 96.18480364402778 17.347589228553126
95.8668867877676 17.357556282448503 95.86751978713926 17.3578137737515
95.86665075717166 17.359036856625345 95.8673373993417 17.359305076488013
95.86633962437492 17.359519650943067 95.86707991260488 17.359820057137075
95.86669366945343 17.36043160199863 95.86735885711336 17.3606998218613
95.86670439997003 17.360882210311175 95.86743395768339 17.361128972402184
95.86692970168014 17.361719056230523 95.86759488934007 17.36204092019619
95.86745541717166 17.361751244192636 95.86769145070299 17.362030193267294
95.83427124014494 17.362126748999746 95.83492569728827 17.362427155193753
95.86483758786024 17.36249153013951 95.8654598580199 17.362781207773846
95.83431415307902 17.362706108508434 95.83489350834769 17.36296359981143
95.86463374131255 17.363113799406552 95.86501997794088 17.363306918046877
95.86507362367466 17.363167447989895 95.86562079261198 17.363371295189896
95.86639326717328 17.363521495677656 95.867240841 17.363789715540324
95.86743395768339 17.363553681682834 95.86819570042346 17.36376825744251
95.86771290782234 17.363854085353427 95.86845319605231 17.36405793255343
95.86661857214494 17.37789822772915 95.8673588603749 17.378284464357492
96.01317461089427 17.378327382286898 96.0134106444256 17.37843467049289
96.01259525399483 17.37841321043814 96.01294930429182 17.378563413535144
95.86274547534495 17.378842363485273 95.8634643025417 17.37911058334794
95.86355013036678 17.379003296223413 95.86421531802671 17.379217871983087
95.86143656162479 17.379174956010615 95.86199445912179 17.37950754853596
95.86321754305993 17.37933588679182 95.8639792858 17.379593378094818
95.86301369259837 17.379700664017722 95.86378616585505 17.37993669754906
95.86190862705668 17.38209318957628 95.86265964580325 17.38239359577029
95.86481613530705 17.382597442644133 95.86534184647273 17.382822747615794
95.86160822151498 17.382629628649315 95.86240215580487 17.38290857772397
95.86424750533651 17.383573762534333 95.86484831837684 17.383809796065666
95.86446208435774 17.384013643265668 95.86470884644875 17.38418530413433
95.86386127131742 17.384410611715236 95.86449427068908 17.384678831577908
95.8638290856384 17.384850489511173 95.86429042414139 17.385097251602183
95.86342139025993 17.38535474062209 95.86411876294657 17.385622960484763
95.86346430482479 17.385783892467597 95.86402220232179 17.386009197439257
95.85642621360407 17.387983301016607 95.85705921297573 17.388187148216605
95.85552498849893 17.388079857075216 95.85609361520793 17.38833734837821
95.85453794111335 17.38825151802971 95.85529968385343 17.388551924223716
95.85597560202996 17.3882515203128 95.8566729747166 17.38854119794713
95.85366890625342 17.38843390876267 95.85436627894006 17.388712857837326
95.85274623511823 17.388530468082834 95.85346506231498 17.388820145717165
95.85934444193407 17.38864848476267 95.85988088165942 17.38891670462534
95.85981651388907 17.388680674115236 95.86040659771741 17.388948893977908
95.8516733530583 17.388723584113915 95.85271404356841 17.38904544807958
95.8580247987616 17.388787958081206 95.85858269625861 17.38903472017222
95.8508579625417 17.388852329765413 95.85157678973844 17.389120549628082
95.85856124207466 17.388905974846875 95.85910841101199 17.38912055060655
95.8482186794583 17.38935658315942 95.84893750665505 17.389635532234077
95.8590118539749 17.390418737311986 95.85969849614494 17.390686957174655
95.85837885101554 17.390654773452564 95.85894747772453 17.390933722527222
95.86069627437328 17.39068695847928 95.86130781597329 17.390965907553937
95.85935517016759 17.390815705109244 95.85998816953925 17.3910946541839
95.86072845907384 17.390837158314728 95.8612541702395 17.391180480052057
95.85761710860163 17.390912258558608 95.85827156574494 17.391169749861604
95.8607606444267 17.39105173635749 95.86116833882672 17.39127704132915
95.8586899874 17.391159026520416 95.85936589905343 17.391480890486083
95.85742399224439 17.391180481356677 95.8576707543354 17.39138432855668
95.85684463232371 17.39121266573108 95.8573596149297 17.391448699262416
95.85792824139837 17.3912985013839 95.8586148835684 17.391631093909243
95.84527898683352 17.39148088950762 95.84590125699319 17.391920770238954
95.84557939246105 17.39189931051036 95.84624458012097 17.392414293116353
95.85947319149943 17.392156799856423 95.85996671633377 17.39245720605043
95.85484907945475 17.392210448199442 95.85540697695176 17.392500125833774
95.85435555429426 17.39227481662209 95.8547954350256 17.392543036484764
95.85576102431335 17.39229627374144 95.85642621197329 17.39263959547877
95.85385130057409 17.392596683197002 95.85448429994575 17.392907818602996
95.85812135808176 17.392746888577094 95.85877581522509 17.393068752542764
95.85886164631172 17.392789802815795 95.85965558060163 17.393176039444132
95.85444138603322 17.392854174173845 95.85517094374657 17.39317603813951
95.85734888482509 17.393025836999442 95.85803552699512 17.393315514633773
95.85382984182397 17.393100937569475 95.85436628154932 17.39339061520381
95.8572845115101 17.393465718056934 95.85803553025667 17.393776853462924
95.85307882764357 17.39348717321935 95.85359381024956 17.393766122294007
95.86048169991822 17.393583736127223 95.86120052711497 17.393916328652566
95.85521385928989 17.39435620522971 95.85588977094332 17.394656611423716
95.85452721059674 17.394635157565922 95.85519239825668 17.394914106640577
95.8538083834 17.394989204275216 95.85467741825993 17.395246695578212
95.8541946210068 17.394999934139513 95.85481689116648 17.395289611773844
95.85174845101909 17.39516086514388 95.85232780628776 17.395482729109546
95.85322903106673 17.395225242372728 95.85385130122641 17.39551492000706
95.8153670947166 17.422755481109803 95.8159786363166 17.422948599750125
95.81607519139675 17.422766209240326 95.81668673299674 17.422970056440324
95.8153992813741 17.42310952879756 95.81603228074576 17.42333483376922
95.81612883647821 17.423409937600812 95.81668673397522 17.423635242572473
95.8165687168834 17.424032204498932 95.81726608957003 17.42439698400792
95.8125025034 17.42419313974332 95.81311404499999 17.42439698694332
95.8130389411684 17.425555695935703 95.81377922939838 17.425931204004367
95.82403595962346 17.426403274980906 95.82478697837003 17.42663930851224
95.8316641417621 17.427883845570033 95.8320289212711 17.428087692770035
95.87898908469674 17.430308557871914 95.87974010344331 17.430576777734586
95.87943969464007 17.43099520004195 95.88022289841335 17.43126341990462
95.83149247665342 17.431392161316097 95.8322434954 17.431671110390756
95.71813155544444 17.435866073765666 95.71836758897577 17.436005548302997
95.82346733641636 17.43633814091417 95.82397158981036 17.43656344588583
95.82133230477004 17.440050307035957 95.82202967745667 17.440329256110616
95.82136449142753 17.44045799980518 95.82199749079919 17.440715491108175
95.80522816880543 17.442968536996748 95.80579679551442 17.443376231396748
95.81675110892097 17.456186420794005 95.8169871424523 17.45672286051935
95.81714807508746 17.456304439516607 95.81778107445912 17.45650828671661
95.81251323228582 17.456433182232708 95.81311404532616 17.456712131307363
95.81715880397329 17.456669216742508 95.81782399163322 17.456851606170847
95.80402654370324 17.45743095883027 95.80463808530324 17.457645534589943
95.81250250372615 17.457548977226715 95.81306040122315 17.457752824426713
95.81453024488339 17.45773136828583 95.81519543254332 17.45797813037684
95.81677256604033 17.457806469508174 95.81728754864632 17.4579995881485
95.84482837493326 17.457795740622345 95.84522534077358 17.457935215159676
95.81693349802316 17.458128333799998 95.81753431106348 17.458332181
95.81225553414438 17.458461065346874 95.8125022962354 17.45867564110655
95.8125025034 17.45848252214007 95.81294238413133 17.458686369340068
95.81443368980325 17.45866491352534 95.81516324751661 17.458933133388012
95.82121428898283 17.459072606946876 95.82170781381717 17.45928718270655
95.82172927093652 17.459104796539766 95.82212623677684 17.45929791518009
95.81815657926623 17.460778490335397 95.81865010410056 17.460939422644387
95.83933523161635 17.482311185910103 95.83983948501036 17.482515033110104
95.83928158653488 17.482804713679837 95.83983948403188 17.482997832320162
95.85435555005424 17.513113715015795 95.8547847022259 17.513296104444134
95.85447357203839 17.51351067987765 95.85473106334139 17.513639425202996
96.0283665866131 17.613063494408177 96.02866699280712 17.61321369750518
96.01554567672423 17.624006868348246 96.01578171025557 17.62415707144525
96.01721936856293 17.6311094764 96.01751977475693 17.631388425474658
96.01179059432098 17.63232182886023 96.01202662785232 17.63253640461991
96.02403215709508 17.633298151359675 96.02449349559808 17.633598557553682
96.05669062335095 17.657083901440323 96.05692665688228 17.65719118964632
96.01211245576323 17.660474203682277 96.01250942160355 17.66064586455094
96.00906547591093 17.694538279493752 96.00929078088258 17.694849414899743
95.9500032253128 17.739974890408988 95.95029290294713 17.740146551277654
