98.25016935044687 12.691941502296874 98.54617300296562 12.781264797246875
97.27361639044531 12.814723984965624 97.74468417757969 12.9449942899375
98.36672466219531 12.900714367421875 98.44876519741406 13.086239207765624
96.1414807481 12.928971388343749 96.35995114795918 13.021036268878124
99.37049880854062 12.930249016595312 99.69145303982812 13.013406730023437
96.94493343854101 12.943473205556248 97.31118295562148 13.107914193706248
98.73468669164062 12.950614311599999 99.0232411623 13.067254723906249
97.8067924305875 12.964808853169531 98.11771156680469 13.08331215814922
98.38510415001407 12.965925832309374 98.6180768149922 13.041433701790625
99.17183567561875 12.971504975946875 99.4682533927625 13.085328156246874
96.57386015038554 12.9812880909 96.68827695602772 13.2268730051
98.37471682292343 12.986405420762498 98.63890438667968 13.103517229718749
98.62104743319843 12.998797831569533 98.9918892852953 13.07883453288672
98.64974503644922 13.01011411339375 98.8182577927914 13.0865297399375
98.21898140150938 13.014296962384375 98.410531678425 13.112296503784375
99.47192881351798 13.01332671844375 99.68115168713985 13.12041179325
98.76257661005782 13.02060386231875 99.05254447438907 13.151712648156249
98.47199887838906 13.022355297009375 98.80228230418906 13.268336757715625
98.21538537589862 13.023007463065627 98.50840288591387 13.083443380196876
97.44228497888673 13.025002619714062 97.56253929946328 13.327409144635936
98.56626584723594 13.028348309996877 98.74103217383282 13.113413905812502
97.93918901817734 13.029913792790627 98.11031914071641 13.114981777440626
97.80416533628437 13.0330924900375 98.4763395341125 13.189204408999998
97.75472230618671 13.033629016975002 97.99876801477109 13.148078071881251
96.90843262877108 13.038823166821874 97.29094353865078 13.18785059930625
96.58006227198945 13.043912152681251 96.81056065199628 13.17674089926875
96.70248327012969 13.04488833348125 97.00128235654103 13.190545120662499
100.03632218852813 13.045022904484375 100.33413976261564 13.190748171584374
97.45061332246446 13.054920641578125 97.82070129824649 13.20110536115625
99.76649488063124 13.054953345162502 100.16254052794062 13.208869925334376
97.75124548302891 13.077375154153128 97.9111902867461 13.185399837146877
98.48578293368438 13.0771850675 98.84467981762812 13.166850762043751
98.38426493573438 13.07821005176719 98.54293131492189 13.18843724005469
96.64821528311211 13.082203610382813 96.84991014334022 13.158376372098438
98.40031427601407 13.0843171774 98.70538912893282 13.154670738578126
97.06264752500547 13.087381715621875 97.2977898488047 13.196224972528125
97.2983720192914 13.090316755887502 97.57983423976093 13.160401175059377
98.72578792892344 13.097167136596877 99.08565467962343 13.216174087490625
98.91200188612656 13.097082241468751 99.23333196068906 13.184908533543751
99.5797383207375 13.09808164106875 99.69875403069064 13.251041891212502
98.58185906627968 13.10743313136875 98.9991669320828 13.261067829084375
98.49126432682344 13.109388894210937 98.82803542864688 13.259487320773438
97.83018284593437 13.1163976305 98.26229591091563 13.246842320381251
97.49404556155 13.119091858490625 97.9374992195875 13.271462862821876
98.1323762103039 13.123082804453126 98.57379179448046 13.269312911884375
97.48844000196328 13.1245095814875 97.82443075122421 13.19663645405
98.02683724568281 13.125031541798437 98.37558476864531 13.194452661292187
98.66257979146093 13.1245987646375 99.00338961593437 13.193444971325
97.77895116058986 13.12917380824219 98.1781556432211 13.25458442781719
96.19708616513022 13.14692799581875 96.36783479579634 13.224612889693748
99.53348428409687 13.145362513024999 99.70253890770312 13.22578819620625
98.6433964131664 13.1611670688875 98.8717478780461 13.26695421035
98.49084328116875 13.166741916814063 98.5886935204203 13.284870572935938
97.9102944319461 13.178510214990624 98.15523436086485 13.305065882509375
96.46755301467343 13.184304780404688 96.6744542398871 13.275951614923438
98.61623879241407 13.1841274839 98.88824739991406 13.252861415371875
99.25305591552187 13.184127682969532 99.52170144236094 13.250309144911718
96.36974159599298 13.19692132644375 96.59782680537461 13.2815481730125
98.15323619565937 13.197278420850001 98.25828379381328 13.35912194975625
99.70583139358125 13.196827763764063 99.93253814599376 13.282031115695313
99.4948809542172 13.200819916403125 99.82581573552345 13.354163972603125
98.97461024905233 13.206091124225 99.31200125339609 13.294707324200001
98.90844669545625 13.211146065400001 99.39408239088749 13.358068934800002
96.63960451058946 13.214847935871875 97.06808495476446 13.353438550971875
97.327183132525 13.221815718006251 97.75208649629296 13.370827224928126
97.61876100100235 13.223257525228124 97.75401919214923 13.310336908421874
97.09313158458204 13.22858293725 97.51884536041173 13.38136641365
98.87422117340782 13.232621672159375 99.19833025862657 13.364759249334375
99.53252898296093 13.23209133866875 99.88085567293437 13.34985131801875
98.12275692856875 13.23450564625469 98.50865440931406 13.347827967614062
99.97861913726564 13.236317982956251 100.15905177900001 13.37795356560625
98.23355827529375 13.238905173296875 98.57802898844687 13.350022600528126
96.67533919396348 13.244590130517187 96.9496071411084 13.368006869667187
99.11302154340781 13.245264166584375 99.49363452437656 13.368553501234375
100.00039411952812 13.24552376661875 100.27451764172812 13.370916868075
96.79117471582188 13.25720099773594 97.14915169946173 13.383033644717187
95.92149534589609 13.261672766839064 96.17961387685313 13.35949951588594
97.39945423932032 13.260933822851563 97.71437487218516 13.386375497273438
96.72383204931874 13.26206984033125 97.0617746753336 13.382376317125
99.25234085575312 13.267385266107814 99.51300727764063 13.362242694026564
98.33149932324298 13.269861924696876 98.69054152794453 13.383251929696875
97.6240230315621 13.275904626925 97.91969682586758 13.416444530875
98.80158947990938 13.275716161471877 99.13694838247812 13.40064503278125
96.33487087070527 13.282270620084375 96.71875545988536 13.427983146734377
98.41717190301407 13.281982829412499 98.89715163492345 13.438513590668748
95.90233011667685 13.285084875518749 96.22819118795644 13.42589232891875
99.46036914912813 13.284536658984376 99.64613207663125 13.364748939628125
98.97836414410625 13.286892218321876 99.33101104104688 13.412045640062502
99.61993362582032 13.2867439000375 99.85550534259845 13.390616788887499
98.21544466879999 13.288861614976563 98.41922418515936 13.405198645317189
99.23007922439375 13.289292010992188 99.56065806937812 13.424293004304687
97.02408000044922 13.294991652778126 97.39658308778436 13.414864157993751
96.4924315752 13.299313192149999 96.67638912868237 13.428025180831249
99.0512820780828 13.305269953528127 99.40409460087344 13.388090841309376
98.40225160608983 13.307503001054688 98.4925690542789 13.495462063626562
99.77781268969726 13.30726482550625 100.00790023995899 13.40141993611875
100.01902434444686 13.308075786184377 100.27553578707811 13.420513442546877
98.74299987974062 13.314621912520312 99.06711812215781 13.42824204189844
96.16282273429101 13.322059576990625 96.59784868418828 13.476927709521876
99.50445353274687 13.3231799403125 99.90202086755312 13.482895814068751
99.30438136528124 13.329562549532813 99.62787333495312 13.433586731226562
96.36698420856172 13.34263750478594 96.55227539104315 13.416376840551564
99.70126326969374 13.342693642393751 99.886198864225 13.416338221062501
96.46714778053271 13.348253204651563 96.6863029795794 13.43265510265
99.80102673679063 13.348222547943749 100.02092849634688 13.432977595290625
99.34901315076719 13.348716551137501 99.59690647525157 13.45824142211875
99.74685576675 13.35758801145625 100.066226997125 13.472688421868751
96.61012824887968 13.36666038531875 97.06604336096913 13.497142500271876
98.05664040520313 13.390677223212501 98.38965426869375 13.487842265137502
99.94563457367187 13.389850393153125 100.24345214775937 13.514171704253126
99.04989100170626 13.39102367475 99.427025839825 13.512456885090625
97.85374137755919 13.395587829506248 98.28881112275333 13.549736126612498
98.71364166112423 13.394921456171875 98.96746327624922 13.501332879684375
99.0561500207328 13.397130331690626 99.39300433362031 13.526068463359376
96.48092226023867 13.404025707690627 96.73981347958124 13.517821814534376
97.49800312568905 13.409193568100001 97.90199781845078 13.547474431009375
98.82733732011405 13.409436432928125 99.08410516430156 13.492698458790626
98.04791983268359 13.411812134290626 98.36768780863437 13.559415025209377
98.13199863726093 13.412832957270313 98.53548311481406 13.551601142392187
97.70845584351642 13.413449665982812 98.00671575010234 13.566101756492188
98.59930694602343 13.414179840764064 98.97298434452343 13.548304131860938
99.14128181129999 13.4141872643 99.48976974759374 13.487578626525002
99.17446668019844 13.4162512744875 99.55431045649843 13.534608462431251
97.3583378682754 13.418323286246874 97.57055634020352 13.519681528778126
97.60873748128436 13.419889105321875 98.04646908471562 13.577095110428125
97.63262268873672 13.4231445305 97.89355705821328 13.496688778125
96.37799657832343 13.425102736345313 96.74442774635116 13.524466302173439
96.4795278750877 13.425383109057812 96.7006632685291 13.528936690379687
98.18610410138906 13.42405454755 98.58158757634219 13.5715762181
98.991229020475 13.424214728299999 99.42921224779374 13.56524354701875
98.25924381977812 13.425082033114062 98.68396861817655 13.584712705110938
97.57905070208594 13.427459698640625 97.9540554962203 13.532737222103126
98.6381833663086 13.429108276471874 98.97192741683985 13.510227517899999
99.7933881255625 13.42996608780625 100.03523769907812 13.5243075275
96.52575725541972 13.4372475360875 96.92690983248379 13.569048287615626
99.11378674573125 13.435739859587501 99.26311994901562 13.51629931749375
95.8619408138 13.442593623703125 96.08289744280233 13.561020884121874
99.87113877268125 13.446276533746875 100.10092234376874 13.567439805803126
96.59115720443359 13.454058195943752 96.81024885053242 13.550621251606252
98.2937133398672 13.457074559339063 98.52512052205157 13.573852727760936
98.86585743948281 13.459120466689063 99.21720680121875 13.583956969735938
98.84055433521328 13.459258750235938 99.17233635644453 13.613721577201563
99.55876995083281 13.460450192864062 99.81587780577969 13.563803112098439
97.10015838013243 13.464688591725 97.36843861438165 13.571173272825
96.3399749071 13.469510643509377 96.48660718475176 13.568059616815626
97.01109628455927 13.471438160439064 97.4669619776376 13.592752725339064
99.38430845408749 13.473735918053126 99.60769870810937 13.572913154800002
97.01100272480234 13.477138681315626 97.39414548137421 13.625967840546876
97.35656362652735 13.480346899146877 97.57151054545078 13.583888536296875
98.55267794464531 13.481400864753125 98.9460584490703 13.610469586034375
99.60473625966563 13.486062021983983 99.88376883650625 13.611797722103516
98.01135063840468 13.489740476160936 98.48610519325781 13.655731021542186
97.4904691271664 13.490781302171875 97.73260735150234 13.591994622084375
99.25765148904374 13.495268284378128 99.60202664882186 13.587875430315627
98.32698263464845 13.502373544640626 98.68750233341095 13.618998827662502
98.96242638954999 13.511549154559376 99.19660939727812 13.607785736190626
99.05093680825 13.516697791831252 99.255299996475 13.605800517740626
99.57579208996562 13.518251757235937 99.90178994689687 13.683825849157813
97.13664168236835 13.521403131582813 97.48712290187851 13.640598004114063
96.23603045487343 13.528953337096876 96.65832182732187 13.66477529315625
97.74659616653281 13.5281339127375 98.11811804014843 13.6571086732
98.42197744149844 13.532595045554686 98.84440378308906 13.66942031205156
98.6880431523875 13.534762157375 99.08522389416406 13.702531588087501
97.86471073631172 13.543773719728124 98.08853058238203 13.661525338157812
98.09680228499374 13.545589947318751 98.45380840652969 13.660365476256251
97.9359036842 13.5545566575 98.16559886841563 13.629046883537498
96.26370631018105 13.556827177484376 96.62985071854902 13.674271830696876
99.59242680255937 13.55610973089375 99.96360866541562 13.67482205888125
98.063151990525 13.560201406039063 98.15525588868749 13.744564476598438
96.65296154224491 13.569640040301564 97.08745070115117 13.687447000060939
96.40328353483261 13.570436632746876 96.76841383324101 13.674882841846877
97.65667846300546 13.570009010439064 97.97420869835547 13.692268757473439
97.57394688767421 13.572464452076565 97.88168807789452 13.694212192276565
99.73738965430937 13.57060783254375 100.10384560649375 13.676893444112501
99.03042976526173 13.572690547578125 99.31866293769767 13.6814422325
98.208172638875 13.57427076709375 98.53783934726718 13.711241752487501
99.99734726394374 13.576905680053127 100.2432682075125 13.702486703146876
95.81360883231991 13.583754045548435 96.10592108875332 13.731957330173437
99.64317837153827 13.580053342962499 99.77203010703046 13.708295527549998
98.40764105897813 13.582449354763284 98.70783552326876 13.708412591357034
99.33407658665313 13.582986423734376 99.74384449489064 13.759073775740625
99.19829080095 13.584557094595311 99.37302328572657 13.68578275681875
98.87380075694688 13.587118310925 99.30584972153908 13.760065938284376
98.80925646479064 13.589506349021875 99.13181041883125 13.799005531153124
99.41862095813751 13.58969428291875 99.58559411072501 13.66917558024375
97.85688306877421 13.59665126881875 98.3066157779664 13.733258355109374
98.15718049291561 13.607852360175391 98.53905557471249 13.72443683394336
97.48891853267813 13.6115618720875 97.93039582840937 13.7476171376375
95.98314425130664 13.616897271245312 96.31577858873592 13.812900335435938
99.34928199986093 13.613690767128126 99.70343664943124 13.74296373374844
99.31778293154687 13.616622555292187 99.64908400079062 13.81330365030625
99.30431181456093 13.616735071817189 99.67875762145155 13.740636744345313
99.18781978295 13.622203448976563 99.58759280816251 13.749091960751564
97.25942006416328 13.628706241018751 97.6843690148539 13.7591764118
96.72107598243223 13.631051678235938 97.09426665592831 13.753847320448438
96.19973801161055 13.631791135275392 96.42266498106582 13.72518799004336
97.42493006828595 13.635075786773438 97.76174297471094 13.768079714548437
96.91272196101875 13.63759370826836 97.28451257850156 13.774787850606641
100.06641211184062 13.6383236882125 100.25999926819999 13.75913022766875
99.79099373819531 13.643612334904686 99.98202563805155 13.734931102835937
97.51820734357031 13.647136070584374 97.8848926238547 13.786026086259373
96.47781582735156 13.649083513409375 96.74903069486308 13.83166929119375
98.01797528730859 13.649887016669142 98.4230152941789 13.76410654440586
97.96660967108517 13.655600507053123 98.37061332197578 13.801141037628124
97.89724661858985 13.661331465389061 98.22631134071953 13.791351739029686
97.80292221551015 13.666925930697658 98.05577894061719 13.78055203216172
99.04594705554844 13.674543277718751 99.40383824022031 13.792814467625
99.24355615085938 13.676372363898437 99.6872749695125 13.799547830776564
97.62740845359922 13.679063350495312 98.04188913391953 13.802775508829688
96.95415466669921 13.681344501849999 97.36486497009766 13.826568113731248
98.88889896808594 13.6800607022125 99.21236864197031 13.82257378335625
96.58000466186172 13.686398698903124 96.8242866162123 13.7906370794125
98.34065728597344 13.685077590681251 98.79143152695312 13.844752057975
97.72562048399531 13.689439274333596 98.10227596268282 13.797430513646095
99.91724348878438 13.687651045324218 100.16433655375313 13.791165210878905
100.18360807693438 13.694448033489843 100.4587134100625 13.819149965533594
96.8532132604961 13.698242099685938 97.13469618419688 13.809220974523438
98.35922938616093 13.698113955089063 98.62912307896093 13.824999679890627
96.3283625862535 13.700327917020314 96.75572396105859 13.853735675470313
97.39023086286093 13.700067974121875 97.8026905893 13.85306724189375
97.01104401344844 13.70220559245 97.4172609193875 13.838655811949998
97.35107963867891 13.704219898564062 97.50580045975704 14.186218991798437
98.02908446727344 13.706030106582812 98.45067113358125 13.843646077257812
98.75374774493437 13.714577575224999 99.107452099225 13.852121880868749
96.58342390516958 13.716939863575 96.9547685820187 13.813865225784376
99.92642369235 13.721899481876564 100.1349975993 13.812156014789064
99.85996359949999 13.723251659217189 100.08542019525625 13.813911905139065
100.29616653707032 13.72500129180469 100.50526519130469 13.83176467024844
99.66685853670548 13.728029935653126 99.88019976078985 13.846231053084377
99.66330663915468 13.729182249296876 99.90273552717031 13.89531692101875
96.67024913847773 13.734896417251564 97.11949153941445 13.850641016667188
98.47374369039218 13.733420879665625 98.8550534147203 13.88767348920625
99.00853049484843 13.733728269553126 99.24278914899843 13.836949802896877
98.72750501988749 13.739358842676562 99.07049664642344 13.911034017592186
95.8674339594 13.746053736040626 96.32230773877149 13.882304886009376
97.62137941972657 13.746791397221873 97.9353419309375 13.858830118243748
98.5971466178375 13.750123911676564 99.08483113688438 13.873886235532813
97.66931840384687 13.751826134959376 98.02335361169844 13.878783126653126
96.29068179808203 13.753970640796874 96.95020472906015 13.956539814406248
96.76873950474922 13.756652312804686 96.91199929570469 14.084721289139061
97.7193849682164 13.756714752196876 98.19667686331483 13.892359934512502
97.08506527191288 13.757410500208595 97.56124615995742 13.892358541025782
99.18548546955313 13.755661627896876 99.64925616395 13.897286062653126
100.02913946436249 13.756937594821094 100.2435198314 13.863976087357033
98.07492653420468 13.761283775123438 98.45468909013593 13.898110634176563
97.98447465912969 13.761866472926561 98.14470214158125 13.833197863642187
98.98980425253282 13.761340381423437 99.3768806230422 13.904636602103125
97.93653435742968 13.7644727529875 98.23635895053124 13.873473672962499
97.43028714507578 13.77024023044297 97.80074996878515 13.893509658139845
96.22081454799903 13.771992521487501 96.56213916628028 13.88143457954375
99.55468954775 13.771859941179688 99.89598231490625 13.881413478173439
96.21231188232227 13.776237235298439 96.57971261850194 13.901791583075001
96.63129348333419 13.778598506670312 96.86654738560567 13.883882400357813
99.54117834243438 13.780624727767188 99.92582208327187 13.907088027023438
99.66694349748595 13.782601271076562 99.82225674948907 13.864478569279687
99.39092759936719 13.79487783668203 99.53892544423594 13.87523663250078
98.51158453570547 13.79610385065 98.72808300255546 13.887505829645313
98.67804378359999 13.796331292828125 98.88980718257969 13.878916482284376
99.25199936234219 13.796288244310936 99.40390733094375 13.881381709860937
96.61202574298085 13.802337473148437 96.96592896773319 13.921814228135938
99.9485227372953 13.800408688460156 100.25854805131718 13.925918046522657
96.58447437049999 13.806094601807033 96.78484799380736 13.992277566021095
99.2077261907 13.805801606007813 99.31709578744687 14.069266149226564
97.61934952075937 13.810436822679687 97.72581190607187 14.05325745736875
97.34008881124218 13.810874453639062 97.69321805365702 13.916765111257813
98.56942400888906 13.815208835776563 98.6591884419203 14.059856530623438
99.63175032464687 13.816420345306248 99.8115125002 13.93556266348125
98.63192842920625 13.82043199426953 98.87607168186095 13.935713956094531
96.86677663970943 13.822742196179687 97.08949620359684 13.929316060429688
98.89695885335782 13.822047244446093 99.10739923623282 13.926945739521093
98.62078694658437 13.82355697551172 98.95104728031875 13.948885180300781
100.20201809004844 13.822314395757031 100.42588292583282 13.928697551396093
97.32120769171759 13.825449426553906 97.5116354155465 13.91240060896953
99.31803178251016 13.8272314246625 99.67130455405703 13.933192951034375
97.94490234103125 13.82889842979844 98.10640864615156 13.902349512882815
98.28409755902422 13.829289984518752 98.60782801399452 13.965329324506252
99.04535612288359 13.82861298359375 99.15172016784766 14.077836092546875
99.61910899645625 13.829685137538283 100.13707119492811 14.034688533375782
98.73282527783203 13.834477771729688 99.06694318094297 13.961238879004688
98.41133214436874 13.835980546945313 98.49445163644687 14.072216359679688
98.85143579747032 13.835895516387499 99.07105647084843 13.929185470817186
98.40057579943203 13.839049784593751 98.95926244818985 13.966955143534376
98.26008648009766 13.8428998057125 98.3459459652039 14.087618369312501
98.88947950410703 13.842840980666017 98.9952383776961 14.076949735458985
99.17221683826563 13.8439438775875 99.53498721714844 13.962571003815626
99.45337633160351 13.844325467017189 99.96203063600274 13.956908842276563
97.55775151060547 13.846386755107812 97.74853377726953 13.93101041656406
99.11586043999532 13.844872557129687 99.5546606486703 13.986192017364061
98.84865163196093 13.846632447812501 99.0674278523875 13.927750096684376
95.85095452259999 13.8546496580875 96.23364188273544 14.01345777478125
99.28291020649218 13.853299590257032 99.7249090643953 13.976440020897657
99.35570043368514 13.854698444164065 99.58299683004921 13.968093226832814
98.45384040177187 13.859801996649999 98.83899017735781 14.043869648025
98.6869740782289 13.89272353256094 98.91568585896015 13.98990768516094
98.89253422606406 13.89308499534375 99.33696770433437 14.065395202064062
96.57326632012831 13.896555523953126 96.91333142548535 13.999558877090626
99.64447840603515 13.893692986906249 99.78751782701953 14.140365617025
98.25635890312499 13.89577482285 98.70000764930312 14.060836509798438
96.71331763249414 13.897882207128125 97.1728240584621 14.032055071190626
97.79394343218749 13.897602807802345 98.0790703236578 14.002655780833594
99.91101332179687 13.896496201232814 100.1349975993 14.004466737314063
98.22624763846953 13.8987364449125 98.52520110330235 14.038449015890624
99.2696552581625 13.899491442303125 99.57401425704688 14.03313318885625
98.99406903435157 13.907217737645313 99.31906756223594 14.062734836848438
97.98384125231952 13.908699806410937 98.32612578388046 14.081174444564063
99.17915118697343 13.912725228510936 99.36917181361093 14.004599002295311
96.08869022421074 13.916538893922656 96.3034546461414 14.02329988353203
99.42437217809687 13.918807888439844 99.63017105578125 14.02191754470703
96.6513039693914 13.931870973192968 97.02274243287344 14.041645477366405
96.0607537653789 13.936026585990625 96.43841568984902 14.059995942159375
100.04852963298437 13.934008151242189 100.2435198314 14.041881541392188
99.39429348227188 13.936215702045313 99.77055241445312 14.061434418592189
99.98732329636563 13.93707266004453 100.31121101626563 14.06436568110703
97.3306007679046 13.941145568254687 97.63549212848292 14.0884876780875
99.04973689246953 13.939636635479689 99.25911504032578 14.042514972951563
97.75211181746718 13.94111451085 98.20309826656718 14.073146979312499
98.50485141898672 13.941017032201563 98.74855273728203 14.046568873478124
97.7567997058586 13.945799015059373 98.08029486064297 14.062761920006249
98.54467064616796 13.947671033168751 99.18610174000702 14.144088161984376
98.16418287202265 13.9494985610125 98.42266749184765 14.053176361721876
98.8077129430625 13.949727538459374 99.04298048159687 14.0647172662125
98.96361620718359 13.951029384753127 99.04903057281797 14.204913905850002
99.73205769060624 13.952934809865624 99.9035552955 14.100539293340624
99.3610244395 13.953576266064061 99.53772890705312 14.038733433864062
99.46466716352187 13.959792419942188 99.94147611593749 14.081179446151562
99.78043401744374 13.960176890871875 99.9133599099625 14.057343923492187
98.83020901435937 13.96152233416875 99.29938882605937 14.080530081340626
98.92172328851875 13.961604259307814 99.24110566678749 14.051144938185939
99.32144801942148 13.961521494875 99.956852681341 14.148343472284376
96.29589949919638 13.971253207979688 96.63603318400693 14.137440832196877
97.26193133320547 13.9712992066375 97.62054235330234 14.137187032140623
96.44567823455175 13.972552247351562 96.67669613626776 14.068095270735938
96.24236915465234 13.97491888101094 96.47379420332715 14.07171126477344
99.57630581619063 13.97491091822969 99.80843203752187 14.07153289847344
99.27226810807109 13.976654082501561 99.52224648682578 14.106201366935938
98.37774590682031 13.977852182037498 98.80789614622343 14.16558430534375
96.57029969429688 13.983211336782812 97.48075394987578 14.340039490157812
97.28259263245897 13.985637018869532 97.71272873792539 14.104039992805468
96.84278505337578 13.986415359782033 97.29162911618046 14.125037029728906
98.46720508354765 13.988762725606252 98.8235666179414 14.119782328293752
97.80541737396952 13.99011033794375 98.08337915580155 14.108250141959378
98.68254062855858 13.989574805678124 99.01343957734922 14.1095094205875
100.2707488573625 13.990492537171875 100.4863045309125 14.098029101675
96.93419886078536 13.994193239757813 97.15794315996857 14.100642884620312
98.52922956395469 13.995712196462502 98.7387024689078 14.079092469626564
97.57386575802968 13.999211832139064 97.98514460400938 14.1045239937
99.00154911334452 14.004588933567968 99.3394262454836 14.162731759888281
98.7440677705125 14.005518093731252 99.0274376743 14.13060661880469
99.2570040316625 14.007424386681251 99.62834515014376 14.12368099293125
97.82399211193574 14.014921470956251 98.21334832625175 14.17339674339375
98.4615544020664 14.015829825227344 98.84851013643984 14.172728466977345
97.82740873131641 14.016554545882814 98.04248663799142 14.109082064007815
96.55789839490782 14.019359197387498 96.70623545425782 14.233241890596874
100.17757194088203 14.016736237295312 100.25999906913046 14.141842678626563
96.17221853221777 14.032119419141406 96.55142862043242 14.155254275835157
97.74654599410546 14.032771603464063 98.16338266232812 14.153059765860938
96.54036176213828 14.03460121798125 96.93714655461719 14.17127439535625
98.05456126806641 14.03699139758125 98.40292458683359 14.201160854890624
97.98800724482344 14.039245312082032 98.219249995575 14.139017766727344
99.49288556717461 14.038182877993751 99.88574391221914 14.152931333475001
97.96178262060155 14.039868308307032 98.34691925759843 14.164669376977344
96.33734412935 14.042836758033594 96.74458465081874 14.17546086114297
97.86216232151406 14.045841857178123 98.13933957032344 14.156518146328125
99.70544054519063 14.046022009527345 100.01762616176562 14.159051698675782
97.42797323061406 14.049739727319533 97.80252613691249 14.18185620312422
99.38598527961328 14.050206024291407 99.61063604190703 14.155388790657033
98.88827283890468 14.050919660923437 99.19719849283594 14.171961102426563
96.48034858899766 14.0576132091625 96.7696501924915 14.195060368875
98.4427388424078 14.055743411919531 98.81360936051718 14.239248492799218
100.28209948771406 14.05467496763047 100.48276316777032 14.149738233444532
99.65084399012501 14.055996590248439 99.85297959029532 14.147543890001565
99.79639089037187 14.060077689959375 100.10447089693437 14.190056955276562
98.32400701864921 14.062898278510158 98.68313084185858 14.191011466041408
97.72792081987323 14.065219126407811 98.16564376377988 14.192858528454687
99.47667759623126 14.07134283566328 99.76787571026563 14.19931110057578
98.26569258505938 14.073113586681249 98.61739191103126 14.224412004378124
98.60287190515001 14.073544967567189 98.83493044284063 14.175166778157815
98.36117260716952 14.074122609383593 98.7639452120789 14.226402439869531
98.02304591150781 14.074661779069533 98.3836643487578 14.213719411289846
99.24029059542657 14.074123065485939 99.46945147702031 14.176848517557815
97.85358021923633 14.076679669771874 98.0604530770418 14.172927399296874
98.81238992242656 14.076048829910938 99.40371163199843 14.219521426195314
96.76583822817695 14.080894645317187 97.01171756621366 14.175865941007812
97.63429686917891 14.081989252309373 97.83860551235234 14.186381314496874
97.57519841640938 14.092553522685936 97.81862382433438 14.216486250060935
98.5957975293086 14.09259689230625 98.78407191801797 14.1784277114
96.58606520977528 14.111939256603126 96.88128442880614 14.31514346201719
98.50376331284062 14.111759773021875 98.84471606923749 14.235585799128126
96.87023078959766 14.113595334200001 97.20613255477812 14.224360806500002
98.53771530086328 14.115573155645315 98.86220540516484 14.211445041895313
99.71586223173125 14.118446325414062 99.9138631577375 14.232734532139062
97.34160089947969 14.121536164639062 97.49613897472813 14.202238156329686
97.42776192711717 14.12199388144219 97.68706193574218 14.22329956961719
96.5126408265941 14.124079456791407 96.89350266936059 14.24168854143672
96.15844068898105 14.125422055051564 96.29869862338188 14.239061693243752
96.3824121956621 14.126409902942187 96.62101255628866 14.223318543310938
98.11820721382733 14.127866004049219 98.48104885960234 14.302408576492969
98.98461265692266 14.130173281774221 99.18752343384766 14.240660853008595
99.75814114777656 14.131576669582813 100.20431728072343 14.312448856842188
99.27606617359375 14.135177557303123 99.49182808317812 14.233069601156249
98.36109200597032 14.136411523675001 98.5559245413172 14.239213418446877
98.44199794651563 14.137258079784376 98.80537747816406 14.261035532925
98.30279849352344 14.1451532060375 98.90975432780156 14.337180453550001
97.40334222130703 14.147101184113282 97.78041295903671 14.272789306614843
97.51025378873516 14.155600586596874 97.93312365724141 14.298522158418749
98.79010765170625 14.156754202995312 99.20505654356406 14.274342982548438
99.15609397 14.15712567231719 99.39695058469374 14.283919426995315
99.43098658952968 14.157107153274218 99.84196444237811 14.272872057782031
96.79233082204883 14.178034577619531 96.8745007524629 14.331566555457032
98.58161498306093 14.176980825785156 99.02772821003593 14.329626944208593
96.82200020361796 14.182099431871094 97.1484865771789 14.311213142866407
96.9753135591883 14.186098992222655 97.20332103191798 14.276828912480468
97.19549897075821 14.189625550647655 97.5122048591793 14.345784450019531
96.56640405287246 14.192655798535938 96.88510302544043 14.312133349801563
96.45725614100331 14.197370002120312 96.74808259222284 14.300799364054688
96.36408733765879 14.198067878139064 96.6800296451254 14.330346396542188
99.79179095671562 14.197045120645313 100.09061900774374 14.302028817479687
96.19152672288169 14.204191220917968 96.57622179877455 14.37363801150078
99.29479316871874 14.202658881426563 99.6254508452375 14.341407557734376
97.81106906964062 14.204528563418751 98.17021240166406 14.322128889004688
97.00397224903125 14.207142612192188 97.41544498873438 14.384640969035939
99.90902338085313 14.204586831821876 100.1240113081 14.31434819740625
99.64155907130781 14.205476847953125 99.99665372720469 14.32009710265625
99.23565567000782 14.2078378667625 99.50853779461094 14.315124399934374
97.02218322928476 14.211195402020312 97.35548793336055 14.349905856978125
96.49073264409199 14.214107972278123 96.84390548273419 14.332327404106248
99.82309889586563 14.213556947815624 100.17641864782188 14.332744255704686
96.33167654514423 14.219205793426562 96.66530496116152 14.337326486767187
96.76649041607149 14.220932220479687 97.08180222056524 14.354208475373436
100.10271787024062 14.2206188850375 100.41500222530313 14.3545273847625
97.05409031009845 14.226753267042186 97.4109481248336 14.392842550910936
96.7077048487789 14.228559446860157 96.94466049693828 14.326468610692968
96.16894647609999 14.229301551210938 96.29887424461782 14.340500198810938
97.49799746580352 14.229929618470312 97.88255520860352 14.4008853561
99.41665115152968 14.233747731176564 99.85526264228906 14.366573690790625
99.67043798499219 14.238677278495313 99.92126439995 14.351294097435936
99.23896814152656 14.242595564078906 99.48409519580468 14.332399412877344
96.69712290226995 14.247527756489063 96.87252693566835 14.336445347734376
96.15843399526807 14.255932039739063 96.54898771234932 14.391800179929689
99.50259559051094 14.254541740921095 99.71711490808124 14.35413463484922
97.40647253790605 14.25765835990625 97.81210626965331 14.39486026595625
98.92819965212969 14.264481048320313 99.24196906589532 14.404802772064063
96.7738647514664 14.274326637892187 97.14013108992226 14.431906097439063
99.20733257840313 14.276776212217188 99.60867705849532 14.41008750334844
98.58814706719845 14.287313401548436 98.87057736279844 14.437594175801562
98.03743937359062 14.29673555864375 98.40993987302187 14.435166519979688
97.820027534375 14.312397422555469 98.28458415528125 14.508921650778907
99.79413348123124 14.317354561521093 100.09342178101562 14.486076739010155
99.33571488955157 14.322011587552343 99.63048431097657 14.45302760698828
96.27746870819999 14.327275130859375 96.48832061756347 14.425372216329688
98.9501603710578 14.324642879145314 99.39059175547187 14.4743889526375
99.59161218485039 14.329974911842188 99.82132229928085 14.426099218257812
99.83952206832345 14.332661575190626 100.15134776718594 14.536733325621874
98.61477481412656 14.343870208890626 98.94684349548281 14.457469635037501
98.31430444047187 14.347976370307812 98.70010995109375 14.474457187682813
96.51224358586212 14.35319360664375 96.89514497062736 14.51639240091875
99.00527210335314 14.351168327401563 99.24814648681563 14.457094021257813
96.55495292222656 14.365625477915625 96.85010246692148 14.461420523326563
98.73403240147188 14.364252200210938 99.11914116873437 14.481551134526564
99.89024902959375 14.364399607742188 100.1898263783375 14.461255693754687
96.69819008685137 14.367607698839063 97.00373101131017 14.502345124092187
98.42416678724844 14.367280387626563 98.6904915614922 14.46741634323594
97.52004219262696 14.368436092810938 97.66581503734493 14.792984515604688
100.03257092228125 14.367957264935937 100.33538275276875 14.501663111878125
96.78012791790802 14.373377100561719 96.97146329926466 14.471275514639844
97.46074118393634 14.37421660820703 97.84355846182461 14.519534579046093
100.11469498288439 14.373370730336719 100.30458581618751 14.471590840777344
97.12280957172969 14.377342814192188 97.73314739827421 14.515946966020312
97.29740727339062 14.387421854360937 97.61670902849922 14.528977809198437
96.45679133460254 14.397061845679687 96.75482061913652 14.499354520590625
97.51382813812734 14.39723885103125 97.88158082923827 14.517953022225
99.79079762070937 14.396430795265626 100.09107887931562 14.499849009306251
99.29157530504843 14.398968010889062 99.67191834773281 14.512136650570312
97.05160822368477 14.401581900389843 97.30093863111524 14.537244998963281
98.39394074218593 14.401750652282814 98.74378235129218 14.526724911445314
99.55452924796249 14.405066375350001 99.76654148385624 14.501910517190627
96.84524138803789 14.414429364196875 97.21215888293047 14.528951676690625
96.95953568789142 14.415641271865624 97.3428868702625 14.533206959353123
99.17489029325546 14.416088394292188 99.47159307796797 14.544181674870314
97.33313049349063 14.419254830589063 97.70258881234531 14.549650947504688
97.35871697217793 14.424148740897657 97.77319815017206 14.589370479749219
96.33555221186992 14.434283157292187 96.8012597532711 14.557894188304687
99.67799103355313 14.432930678896874 99.8224987914 14.551007576940624
99.393079541 14.434822101146874 99.6206462737875 14.52092763619375
98.58703387874452 14.441673467732814 98.99394115781796 14.579001185726563
97.83730396120625 14.444957716859376 98.26929957516406 14.578401190159376
97.67774146684454 14.448198632698436 98.1500749380586 14.600666782960936
98.66346009486405 14.447988937803906 98.95480512221249 14.549624683261719
97.77659836036563 14.449280500246875 98.1147022327008 14.607838585609375
100.40969222367188 14.452174573092186 100.49847723460938 14.606850802595313
97.06537826653907 14.460173584996875 97.38351566395939 14.613056198023436
99.40412569617031 14.461277337834375 99.5670887921203 14.533463931256248
98.95957524883437 14.4652968803625 99.32158159885624 14.639413444009374
98.83403062503906 14.465738561483594 99.25999283964376 14.654134780746094
99.58704563835624 14.465688450130468 99.95542062082187 14.639767588705467
96.7592613459289 14.4777808746375 96.90101109495508 14.693774103017187
100.09003439447656 14.474701268989062 100.25155144935157 14.697208450570312
96.66926037220644 14.480530620966407 96.93574420300565 14.59305945117422
97.55500194284454 14.485712613299999 97.6993351167125 14.784179154059375
98.74543557035625 14.491234823051562 98.99006574708437 14.603253637120313
99.38031216367344 14.490723612495312 99.62535640502657 14.604656679176562
98.84833804818126 14.503596621848438 99.11093066685314 14.657274318582813
96.32338589068448 14.511737090383592 96.61014664533252 14.625198760414843
98.77452132363594 14.509448428885939 99.23889042104375 14.639710771076563
99.01667218621405 14.509993543120313 99.22905668213124 14.608538535035937
97.11703012747304 14.512030318796876 97.46477314558085 14.62700889865625
99.65241513013125 14.509783723834374 99.86730113377811 14.60855804385
96.8221094996961 14.513283502629687 97.2218654049289 14.652949093198437
99.65944739551563 14.512122488996091 99.94179806330312 14.625440828964843
98.15014603932578 14.516903072229688 98.25940137016171 14.69103795027344
96.39708832101299 14.521243194845312 96.75547907067354 14.664072000265623
98.17043589388359 14.520342002176562 98.57865663372422 14.638508083370313
98.6736215257453 14.521597662326561 98.80552579342968 14.859693372810938
99.12645490517814 14.521817057904688 99.41840072437188 14.656762311748437
99.74120407954375 14.522154137020312 100.10879313550001 14.650562743735936
97.48220875001016 14.528462712323439 97.82673878588359 14.64527034303594
98.52469501304843 14.533896512135938 98.73598820979531 14.622728503482813
96.39017196945898 14.540984140035157 96.7200218715873 14.65968094059922
99.7252551719625 14.541671925265625 100.05767262313749 14.659719759157813
99.85248490886251 14.542744847950782 100.0045135136 14.651519624938283
99.27676016543671 14.543464689282814 99.48252082177109 14.648740620189065
96.5187478145293 14.551340471240627 96.74576571261915 14.646066513268751
96.71428684577978 14.55711573849375 97.13655905778583 14.693818776298436
96.7029119884336 14.559336646128124 96.8656390874543 14.778491496803124
98.59289208854531 14.560629099590624 98.87024969435001 14.702634155290625
97.77951549072577 14.5669589105875 98.13781636049296 14.704649731406251
96.97542861547812 14.567851105000003 97.2678132834535 14.7071074086125
96.82019286705976 14.571313672940626 97.17928304751835 14.683517223534375
100.31463405029999 14.570953404575002 100.54500686719999 14.703004187434377
98.35778573392031 14.57439250884219 98.45926182561405 14.74722985168125
96.62582066423417 14.580678768409378 96.8511812089416 14.713489996878128
96.5655475359144 14.581653713889063 96.92850207899731 14.677966738220313
99.89356427025001 14.583345456364063 100.15355863340001 14.747572245698437
96.53316759766412 14.586949809296875 96.91287916691168 14.743560198365625
95.91973455100849 14.591981479960939 96.18368532155732 14.694735598045314
99.253792470775 14.593845766121095 99.518118586925 14.694715492022658
98.3323129204172 14.600436594712502 98.68925693225938 14.717177736201563
98.9908584823078 14.6017403943625 99.34632898147969 14.797671793521875
99.71123267227188 14.60619033280625 100.00039311058437 14.707514335378125
98.80074821207032 14.611447130485939 99.13462046337969 14.732063359470313
97.96998342715314 14.618149908158594 98.37223287733438 14.774979273711718
97.51443929952421 14.61878128058203 97.71698378851171 14.719250080447656
98.2184546001125 14.620733023918751 98.41967328602188 14.719981925696874
98.321199577375 14.621995593439062 98.67415543022811 14.830208786398437
97.5436386632203 14.629701268262501 97.66701578753359 14.697473295759377
96.16400562403076 14.63647739603672 96.40642028129453 14.79476474683672
98.69278213777812 14.639885477995312 99.18920740180312 14.765495167101562
98.73674969366796 14.641503046453126 99.06393559756171 14.767437617034375
98.5846916335453 14.643708397014063 98.97377462492969 14.768613379979689
100.22264850375939 14.642075758010936 100.50137451352188 14.772553891573438
97.30751850096563 14.646343021178126 97.66420650939062 14.797103951140626
96.86392698883712 14.647933976176562 97.19753457720469 14.783355404339062
97.8985596257125 14.647798567992188 98.38608130588281 14.774450585164063
98.37188054466561 14.64840628536172 98.7000343246203 14.771196353627344
97.3726406919711 14.655656729070312 97.71571353887579 14.765234154407814
97.93632523020156 14.66033481423203 98.19910338167655 14.770516614666406
98.33048779801484 14.661485401126562 98.72307043175859 14.801556297260937
99.45754307479689 14.66120753438125 99.71325346163438 14.798962853728124
97.12600414426485 14.666185077305471 97.2725272820461 14.749062898972658
98.39742505573828 14.665489299974219 98.6821569932586 14.812319801111718
99.75654739710937 14.664382309537501 100.05664312291249 14.782903530775002
97.28331585529219 14.674791848489065 97.39395631192657 14.756261850431251
97.2494201371001 14.67709772536875 97.4373556596999 14.770546537284375
99.35442863829532 14.676422629207813 99.58674835521094 14.775134441390627
99.13098224923125 14.678339458240625 99.38602933639064 14.817897551262499
97.5459263409539 14.685430501753906 98.0476388917289 14.841830673397656
98.70261502011405 14.68447991609844 99.16054581074218 14.78954881469219
98.82520067852188 14.685743671340624 99.06114425718438 14.7928964297875
97.45086989277188 14.69073413282969 97.70669773063281 14.799136251654689
98.76976963769219 14.691559475106253 99.06610255121564 14.807778656284377
99.00335527120156 14.692006323670313 99.36763818038281 14.839299064259375
99.21658790708906 14.697283031091407 99.54325623020156 14.791963685266406
99.60268992910468 14.707461759060937 99.82603638782969 14.803860781429687
98.13691607734843 14.710864479307814 98.24633146008749 14.857120067639064
99.31391748879219 14.71496946067969 99.52912717949687 14.810566630976563
97.62683437061563 14.716766247996874 97.97731340036094 14.876190285820313
96.50893666517504 14.72412797647422 96.8837730216023 14.828148574916407
99.85222211713281 14.721087189384376 100.13447165759844 14.827818716703126
97.15526704705557 14.724191480660936 97.61349718849131 14.87767329297656
97.57198413186562 14.732179815146095 97.9536935878125 14.841054923177344
99.52174798015625 14.73116987566875 99.78284120711875 14.85656138456875
98.48235407726563 14.732385348192187 98.8073175689125 14.909741171251563
98.17743736836718 14.734380168689844 98.51394609654844 14.850325430192969
96.17368582991244 14.737144748579688 96.57001159293598 14.85347859380781
98.45736847530233 14.739270653682814 98.8062660966914 14.865276889295314
99.26899365526093 14.744154653199999 99.54701416260468 14.8749481129
96.64587214879805 14.749222701762498 97.05959059188321 14.873375998178124
97.67717839449668 14.748234433671875 98.0268512921752 14.882166821740626
97.28061634404727 14.754774311716407 97.47850638832462 14.85630494846172
96.89129208039103 14.759077000564844 97.20330609903009 14.891996124719533
97.07533068010429 14.760071030864065 97.33050517176366 14.86052231261094
97.11768813186015 14.760834174051563 97.53443661228046 14.895967349532812
99.01894247735625 14.760910542303908 99.38237257266562 14.881196315866408
96.3564543439 14.76478335063906 96.57226517482168 15.014258879757811
97.23592046129843 14.775880001482815 97.6323405583961 14.944847432634376
96.86736863124082 14.777266663656249 97.19059812773575 14.9301154348625
98.19672608642891 14.776990828639843 98.6859382650586 14.961969820328905
97.9019777946875 14.777800645275 98.24982950475938 14.902275638053126
99.26988309636718 14.77902853378125 99.61878509728594 15.039925876325
97.31928544545234 14.78104409841328 97.79968601035078 14.948849361641406
100.20102037451251 14.778392202785938 100.4939233200125 14.931972753589061
97.87560821681426 14.783215713709376 98.27895643127323 14.937551932453127
99.55728828477656 14.783244962658593 99.92464880891093 14.993376787760155
96.20596194070323 14.7885195843125 96.54740473163497 14.939963322767186
96.3850479406793 14.789217413521094 96.8023726278578 14.951442359649219
98.70836852770624 14.787589998042188 99.04251350427343 14.968458203910938
96.83366845162655 14.790242235727343 97.12753210668437 14.922416839835156
96.20564046834765 14.7910108431875 96.49729853253397 14.923933948732813
99.71747197238437 14.788795585184374 100.13193792155937 14.95210187700625
96.16415287327466 14.794920863153125 96.30181495342983 14.906106372164064
99.61680196716875 14.791816196704687 99.91800929723438 14.948650339926562
97.3348365917086 14.794623125687501 97.91109590426798 15.00391368295
97.41964852791328 14.795987361675 97.86641748992422 14.955779678131249
99.24765847309844 14.796840793479687 99.55640735328595 14.926602276729687
99.41607573636406 14.797927212220312 99.85715728186719 14.924912073648436
99.19683348313437 14.803412862725 99.62999922779687 14.944964039893751
97.16442617730704 14.809406248771877 97.43173236433985 14.921429840509377
97.35854795161484 14.809645931606251 97.57679504522734 14.92066939801875
96.73558586190703 14.81080631069219 97.01001366188554 14.926059606504689
99.69543634044844 14.809808559929687 100.01814079105469 14.972678491339062
100.06914070808436 14.810612416968752 100.34391717834687 14.926126095728126
98.66323131671719 14.817874710653125 98.8742916021125 14.919021939481249
96.68418270843911 14.82704325984844 97.09398164663979 14.969991905126564
97.76380294566718 14.827183809620312 98.01877120129218 14.942867891898437
98.3266517810875 14.827865173245314 98.68589146276406 14.940245497582813
96.45582361036138 14.834308433020313 96.8577389969855 15.013857206035937
99.80271451013438 14.833551769732031 100.15094604487189 15.019155441610156
99.10622053194218 14.836569394203126 99.47992978156718 14.965365390226562
98.75589562492968 14.84465215430469 98.95281202012968 14.955437533557815
100.03464820024999 14.844396549026564 100.26501623948124 14.977607509114064
99.05583431685781 14.846009962879688 99.25043473713126 14.92828619642344
99.59772792196874 14.8456610034625 99.81237663473436 14.945827217640625
97.97815058203594 14.850708239895312 98.24838428559532 14.980237209932811
97.47116948369336 14.852187522793752 97.65889921816523 14.941158066534376
96.3059858586 14.859398428901564 96.45650936082095 14.984455500989064
97.14631753652108 14.859920986421095 97.52973142579452 14.99602323238047
98.38271946154843 14.863269067320314 98.71684413302343 14.978788718165625
96.4630391816082 14.872711284834375 96.8249472908164 14.98620560226875
98.68794958970781 14.872195569020313 99.06497931911406 15.040398573171876
97.70625594184258 14.874305145851562 97.94253097127462 14.984687608373436
99.80476832041249 14.873164566157032 100.1339688079625 14.98389938174922
98.63337585017187 14.876104844088282 99.01101433420469 15.022539196858595
98.091280892475 14.878086434589063 98.453644771375 14.986757695420312
95.93117844085161 14.888986098104688 96.13755725784789 15.039338537389062
98.25020472351875 14.888974153932812 98.48145862216406 14.986281729642187
98.88436645814922 14.88891642376875 99.11911163823359 14.98591265473125
97.1637684193335 14.895430397924999 97.3889471637915 14.98475528543125
98.39165770546249 14.894671957282814 98.69178368983437 15.035156121764064
97.87365047436093 14.896982770673437 98.21445591930468 15.032188407464062
97.6580030716664 14.904790019650001 97.96789779607577 15.027352352371876
97.12381475761171 14.907639559889844 97.47067828653047 15.021755770539844
98.1095502084586 14.91518860420078 98.41757805880391 15.074072765455469
98.23435767667343 14.922377046883593 98.648132854575 15.057523360953907
98.60771589191405 14.924736081910938 98.93168005451406 15.048822490964064
97.46033202482812 14.92635149861875 97.84744661668749 15.04749406744375
98.4912665858047 14.929054999834376 98.80785562041095 15.036856724953127
99.23723491000702 14.929915185185939 99.47154810920858 15.035480563190626
97.02010582614844 14.934261456220312 97.39082425513594 15.083143966085936
97.33518356990157 14.934366813270312 97.67989296742266 15.067331723417189
98.6846731242414 14.94975614921172 98.91462471001327 15.048746658738281
99.17599226582031 14.950709388423439 99.57277128528281 15.090208556864063
96.52074241633164 14.955978705753125 96.95705246424023 15.085174831534374
96.6457494490711 14.958949042953124 96.87116951556837 15.06287050476875
96.15796018489999 14.960482704271875 96.8221711038043 15.236899507471875
99.98445971460312 14.957698146200002 100.23416934949061 15.084014930281251
99.98228954193907 14.957969421789844 100.20738701626094 15.06229897614453
97.93884268490156 14.960216019540626 98.19673367938437 15.091144846521876
99.5312120835125 14.958977343264845 99.7602057467 15.053095825083595
96.6590149860126 14.962777206220315 96.89324051996932 15.079867117528126
98.98506163941562 14.963471354992969 99.33747403244844 15.072626354785157
97.45189704697071 14.969681836833592 97.92507019346758 15.207441327760154
97.03185321834492 14.973942404747655 97.33668022969727 15.137923940419531
96.56423269195842 14.975199872807814 96.75955940497478 15.087465533095312
97.28676670223838 14.97579589924375 97.51523039256631 15.088416699575
99.89709576529374 14.975074857142188 100.09388873738438 15.087232223604687
96.82595292566484 14.980221326279686 97.2906178403961 15.172806764757812
96.58647831134121 14.980773304180467 96.85002263167462 15.087181144441406
96.16345333049999 14.98296273865 96.36283379591596 15.163801482228125
99.19504655120312 14.980301270525 100.1185181625 15.22085529953125
99.92082789285469 14.98095346210625 100.1844278033547 15.087355330281248
99.35518072499687 14.981932898571875 99.59169443879686 15.093701681309375
98.48160484931952 14.98504767689375 98.78713835843828 15.121560006087499
96.53293994009931 14.989357374854688 96.9149901533163 15.158928782964061
98.24284048939687 14.988376162141407 98.58466039267188 15.097003627675782
96.85027876449922 14.991879881193748 97.21227605685742 15.15741973315625
99.59065299082812 14.997356763943749 99.81881772848749 15.088866638625
98.98687914524218 14.9992139656375 99.35522546169531 15.143524246509376
99.3636899181125 14.999041385619531 99.700461418075 15.150077031535158
97.99037791405 15.00287600860703 98.18841208466796 15.093999290258594
96.36079291503145 15.006106186174998 96.79004097131894 15.214947642574998
98.05121890367968 15.006655197981251 98.45651332141094 15.139215598840625
96.63665534308515 15.013596891529689 97.03630733402265 15.154968906120313
100.18318246627656 15.010905666742186 100.46516206845781 15.136831478264062
99.97394154855624 15.013449580076564 100.26485698385625 15.149367089510939
97.48865234572853 15.017585989685156 97.8362805007168 15.184065051696093
96.33204730721093 15.021138030246876 96.62991086636015 15.137127087046876
100.01650967662032 15.018862477918749 100.30285129037031 15.15529398488281
99.59614999264376 15.020257282770313 99.82060845377032 15.121070871064061
97.60801030814687 15.026621158730467 97.99046866367031 15.194069291219531
98.1343825692453 15.02740296073047 98.40908817075469 15.136290012933596
98.76497419090234 15.029074945723439 99.04555035288827 15.138375266273439
98.00401520115469 15.030272143201563 98.35826341340469 15.142306882832813
96.55648413589682 15.035810079446094 96.87550522785004 15.140798155810156
98.41197348509375 15.037375877666406 98.70307086994532 15.15579716599922
96.34647049457793 15.041386139956249 96.65404148034902 15.17105206983125
99.89648317384687 15.039022862610938 100.11754829574375 15.14072231031875
97.43340406543828 15.045376337226562 97.82278446670233 15.190300548532813
97.65412085267187 15.046777392382033 97.76725923378437 15.286255649641408
98.70066198349376 15.045950390890624 98.92427201027813 15.13277098369375
98.73479019096719 15.051280320429687 98.9786750513703 15.172161710029687
98.45302904140313 15.053586383789062 98.72183661084063 15.182745880776562
96.32705069502168 15.059422251667971 96.6260351151666 15.163877617966408
98.24293663262188 15.060108656001562 98.5469277510125 15.173960502314062
99.6615776474875 15.059827855837892 99.95796351350626 15.163820584545705
99.60813638720781 15.061440376996876 99.9516889916828 15.270820117409375
96.40293703350677 15.064671275489063 96.5982673297747 15.247632896548438
98.53457580137187 15.06541761369297 98.87933874859687 15.16872833018672
98.18109865518593 15.069814386300001 98.58305109362657 15.24074464302969
98.71317362614218 15.069472947833594 99.09372768252969 15.198287656392969
98.9613585675414 15.073401010560938 99.2544972113664 15.2699451457375
99.13665831721642 15.074592722811719 99.51169655503203 15.221513203377343
98.35234405993828 15.079448509530469 98.68099551372109 15.188636953003908
96.41509272078946 15.084502205007812 96.7627629789836 15.255268030304688
98.32048144285157 15.083884579865623 98.72496923084219 15.234879615596874
96.55158772157031 15.086870746780468 96.99497926991405 15.238390529796092
99.74814481686563 15.084047928337501 100.09663434571563 15.255817064071875
96.62121504087344 15.096957453015625 96.8884484182252 15.226277400045312
99.95517101215626 15.097462691485937 100.2225946502125 15.226456562623436
96.0720971456583 15.109404530039455 96.33621662763487 15.23348636049336
99.40450443063907 15.110438994858596 99.67072091105781 15.23392182509297
98.51337436986093 15.1174962185125 98.72380838251094 15.203237456317188
96.87826123403302 15.127800657546874 97.17566494256505 15.250261066668749
97.94220061584062 15.130189443329689 98.27539483632656 15.250320738935939
98.0400355965078 15.130903383804688 98.38344725975469 15.277135083792189
100.21447699286719 15.128753603392969 100.4733884177672 15.253411740139843
96.97399789394647 15.135083466776564 97.20163012060976 15.226256515810938
98.44298971192656 15.134989079275 98.82550699203125 15.286640646320311
97.35893135953202 15.137746193289063 97.71996107443358 15.247298137726563
99.3027779559625 15.141696898562502 99.54446031107187 15.273825716678127
97.93688679844375 15.14390921934531 98.26352486298751 15.297790365140624
99.60571140645 15.142995236728124 99.85331647825312 15.245229385196875
96.82331894295392 15.148573948682033 96.99079773215078 15.22632373922422
99.1684213995375 15.147488285546876 99.50907634791562 15.268006572321875
97.2417556371121 15.152721306339064 97.46273655259726 15.26319295201094
98.60379661098281 15.152731809538281 98.93473457740156 15.289528410022657
97.21702464216796 15.156096360591405 97.51397745821171 15.302326866161717
97.94691084727499 15.157497720596092 98.23401131407812 15.282951737328904
98.19747353066093 15.164714511007617 98.44894214392656 15.297578393367383
97.76382259960468 15.167299671025003 98.07371453704062 15.299954032703127
99.25181764017343 15.166958452582813 99.65963148189218 15.283012804189063
97.4974540500125 15.169590891782812 97.62624148604608 15.450514629170312
98.4029764008703 15.169432501982815 98.70680826363593 15.29901004498594
96.16894647609999 15.173903789458596 96.32772322690073 15.27387889688672
98.85609663336015 15.172294479935939 99.06987700483046 15.261098601548438
98.49137995958203 15.186110690429686 98.71201270245703 15.283943013423437
99.77322696810468 15.188212707289061 100.08209210489844 15.366986701689061
95.98346145288866 15.192524333311718 96.09814491216797 15.468923618392969
96.61983219138534 15.194731417204688 96.72539010428261 15.466626156932811
98.26030943061407 15.199455117157031 98.56491129432656 15.342089630714844
99.236225616 15.19953503571582 99.52398898434218 15.34228769704043
98.24433334480312 15.2038975643 98.36016792364688 15.2739700393
100.3419996987125 15.204733198116408 100.5340460569 15.344267800933595
97.69871451644258 15.207624698435938 98.00716698209804 15.358274149460938
97.32925994268516 15.218914014265625 97.69441796152579 15.340166867610938
97.01029420848046 15.220975480240627 97.2728107825914 15.3348870474125
99.25909422139063 15.224972499267968 99.5578442371625 15.348016978394531
97.31146418324374 15.22788017271172 97.41390138263438 15.402694275996094
98.6141204028078 15.227272489562502 98.96673624490155 15.317647269776565
98.76249357142422 15.227164073128126 99.15375517975859 15.344724186668751
99.62590232757579 15.230058673404686 99.83350835846485 15.323829181682813
97.34764450789064 15.234504692315625 97.66816178155703 15.394611140492188
97.81848277521406 15.23420354303047 98.14727118883437 15.34359941695547
98.61566864991798 15.235762015475 98.87637568198986 15.341970388065624
99.14034986260391 15.241870273667187 99.48221833884453 15.36029952478125
99.81014479031249 15.24351810069375 100.13374983147813 15.353798241476563
96.47412501543184 15.247432803025783 96.83285726887324 15.35208564629922
99.10814587059062 15.250523325060156 99.40516836097031 15.425145923455467
96.87274999779336 15.25643240861719 97.15465096750977 15.37520206862969
97.21914828394219 15.261651804522655 97.57231475235938 15.419698281189843
96.65416639018126 15.263506285671092 97.01154875313125 15.376760923389842
98.61040517505155 15.265638452761719 99.05352678511093 15.397181210177344
97.66055569679688 15.268325003985545 97.93491173220937 15.426531930694921
99.98998127274687 15.266695180492187 100.3115191759 15.38774896430625
98.58131082879062 15.277205921113282 98.86425472378124 15.370218372616407
97.69740161198087 15.278298595703905 97.96016284254571 15.388565199758593
98.86152667391875 15.282802593346876 99.12649419209843 15.384175567023439
100.058867670525 15.284825476165626 100.30211073075938 15.434925495284375
100.03812546300313 15.288217256728906 100.24159204205937 15.382497183937499
96.10198853826621 15.29339841801875 96.40391122469238 15.410194104559373
99.43209594806875 15.292225301271094 99.7526440775125 15.407646611767968
98.44786735448437 15.293666613945312 98.62878811470937 15.377636929200001
99.45236303202499 15.296289010373437 99.82126276177499 15.441470419514063
97.93338373891093 15.29880345389707 98.31541090982968 15.421090971131056
95.97386106281054 15.303151473917968 96.3632084682998 15.46365606115703
97.42530236921249 15.30254304163125 97.73697597895313 15.464760423117188
99.30484860877812 15.301799493196484 99.69830396334687 15.46411202991836
98.69373198233046 15.304347882131252 99.03323790137422 15.405447732410938
98.19056126819375 15.308836330389845 98.62489196775311 15.448218844085156
100.36436170257188 15.308158747741796 100.4990163149 15.458634211996484
96.70904563828017 15.31459458042422 96.9278729200415 15.413727225596094
100.0433504540328 15.314561933021096 100.26235082675156 15.413694976332033
98.00885805303203 15.317174458685159 98.32028601097109 15.430360616485158
97.01688652128281 15.322608508271875 97.28724165725626 15.452218698678124
96.2994412906 15.324267038573439 96.47924198610741 15.446323336546875
99.17617048387812 15.326180400281253 99.57300444653126 15.490343288296096
97.29404281228594 15.339615979353907 97.4385039878625 15.476155581073439
97.68096935511288 15.342037687839063 97.82617544887539 15.423172854829689
98.28368097626485 15.341799304525782 98.63842726048203 15.469210572889844
96.75490868126445 15.34560261096328 97.14812236542227 15.51048792230703
99.12091504946719 15.347622672257813 99.43552214782031 15.5025827749125
97.6483464654004 15.353941152445314 97.73657328537226 15.514792916946876
98.73772755519063 15.355643466560156 98.9941645458172 15.464841465371094
99.35973772093905 15.36105768666758 99.5984189037953 15.484538924345705
97.83868746613516 15.365934200122656 97.97848603515078 15.593655809005469
98.67130312565936 15.368584982363283 98.96314861380937 15.473844191428908
97.96447961461094 15.381868851718359 98.34825063462343 15.496356725183203
97.73015642047656 15.385493341667967 98.17418976898905 15.517944055215624
98.50629481821171 15.392795867346093 98.92401953561327 15.519147488595312
96.82632006538594 15.402735773966405 97.20618683421681 15.591263379119532
99.34671221874062 15.403284579014063 99.48294585059062 15.674144953457812
97.99650745094375 15.405726137733204 98.3029964938125 15.538672733483203
96.26977029551992 15.420118234857814 96.63253559812968 15.566012910128908
99.60440320274374 15.419965249923047 99.96264554606874 15.567442527967579
99.26401601648125 15.420965458060547 99.57992582584689 15.551589509589453
98.36971958359922 15.428152353553125 98.65592264495547 15.528304632864062
96.38223393307558 15.439777869277343 96.63109622850331 15.54670169776328
98.20223485530782 15.43967353588828 98.40380430173126 15.543677611559374
98.616060488525 15.440907052740625 98.93370180467343 15.599356844278125
99.74160035308593 15.441420358765626 100.1476281429703 15.577343840285938
98.62132671983906 15.44568321832969 98.7197769546578 15.644327537060938
97.33943761088359 15.447701046398437 97.49675549306642 15.525694498046875
97.11715567012462 15.45315569800703 97.3508775332836 15.559028439367967
98.91881209569375 15.45151030551875 99.27008780170313 15.579393766810938
96.99771087315547 15.459174668275782 97.4781401040664 15.601861736189845
98.75286138517343 15.458454978427344 99.10702598822031 15.568008316351563
98.76278759712187 15.461348872482032 99.16212028053124 15.604184048127344
96.6511881355582 15.469590402794141 97.05944192094101 15.594601290750392
96.79133090415078 15.471473856248437 97.04622127382169 15.595625759177343
97.45011455909999 15.47324165655 97.8350788018828 15.618714901623438
100.12586198730938 15.471588918437499 100.37736165542188 15.595228814532032
97.42084485766172 15.482418044242579 97.69848116081016 15.613985088141016
97.98938778466407 15.482795935838281 98.1713407204086 15.576968564569531
99.72618141417813 15.4812800423125 99.98011092498906 15.600814925603125
99.99088437630937 15.483141165321095 100.1295044537 15.584306708546094
96.55442868127686 15.487118332570311 96.77607165225557 15.606172662012499
97.65895704262539 15.490627465958987 97.89317150333945 15.587271144781642
99.2496055376328 15.499708678467186 99.52232681405468 15.63665796528203
98.06685317864061 15.502862735114064 98.39331805269218 15.624105634982815
96.53042676191835 15.511194859891406 96.88460669331913 15.64655139138672
96.97210853973516 15.515936507764062 97.2095964998211 15.613457486010937
96.15796018489999 15.517452179253125 96.75793644234297 15.716604523428124
99.4539244328871 15.519581825098438 100.10612578557539 15.75556402325
96.16781362509404 15.525420276648829 96.50166415294082 15.658796663516798
96.5095703784955 15.529902480172657 96.85530956270175 15.660455463878906
98.55407371542499 15.533115475672657 98.8880805377375 15.67137682976797
99.48394184985469 15.537529178560938 99.82949311242344 15.653012598751562
96.48615936998321 15.543214205896483 96.84476660775898 15.669846714254295
99.81938943422031 15.542779836179296 100.17626377172657 15.6703206988082
98.62040091822499 15.547876231302736 98.98258563454687 15.681338417138672
98.56973735636797 15.55677615443203 98.91776584018359 15.689541995047657
97.14075532114492 15.56420984208203 97.38689952119297 15.7146552468375
98.57762108761875 15.567365151777734 98.788184097325 15.664412742679296
97.7025578895252 15.57529165233672 98.07953018737167 15.704408150305468
98.10271802689532 15.578260227223046 98.31996658773907 15.673880887724609
98.86605820991562 15.578551691210155 99.1166162791453 15.882362452605468
96.8230156982 15.585305262269532 97.24265785332656 15.711774135472657
98.35541032056953 15.586218529408594 98.56922453386017 15.68886634436328
98.9133124363047 15.585841465523046 99.24116801010157 15.741772032142578
98.15173494588828 15.587101693257033 98.5269929564664 15.71290686864297
99.61382648279688 15.599342838965233 99.85703609935001 15.70843712255039
98.98321437793282 15.600714527570311 99.22036909562344 15.707216925858592
98.33417313033749 15.602091600416406 98.70905450136249 15.719886217864843
99.40074922948905 15.601952821315626 99.63454644046561 15.71057829615469
96.57833309808242 15.614250568315624 96.8224833181707 15.717715762765625
98.28068842686562 15.61403313021875 98.70438881345625 15.738766117109375
98.27613484855 15.619126899323438 98.58976411736562 15.736528553517187
98.119633334292 15.642329283789062 98.43769637924238 15.771082678932812
97.87440780658612 15.648004124596094 98.23137839421074 15.785973642758595
96.58828633991094 15.652187688934374 97.00825188349101 15.85121043884453
97.64590493310509 15.6515625267875 97.94273571952618 15.774312383007812
99.35390298149453 15.65116570263164 99.57362955986328 15.74246854500039
99.93132306693124 15.650837201234374 100.24128308614686 15.857124396478905
99.55924212436562 15.656582840341406 99.8967422188125 15.804370467785155
98.03847651793672 15.666676147533593 98.2521764653164 15.769290120667968
96.27103528285625 15.67117410364375 96.4576798146622 15.748702130728127
99.60561673060624 15.671032366137501 99.791886887275 15.748819581751563
98.29938820139843 15.672417477564062 98.69833946758594 15.7969868293
96.95573118994024 15.674958475508594 97.44948991759414 15.809625032008594
98.23759972205312 15.676507133470313 98.63533586782187 15.821724375126562
97.48374108404767 15.67840531094922 97.88053085326484 15.802053368894532
96.66473597384629 15.682007831453125 96.89356968466544 15.786794449451563
99.99694545836407 15.680643010746875 100.23526194583907 15.788905979969531
97.79598608464765 15.690484518725 98.14687878087891 15.825005754467188
96.46425452990917 15.69971301683086 96.85168912604004 15.822864794434766
98.12650754879218 15.698625721450002 98.4395698675828 15.814873568640627
97.61482621405546 15.737709880707815 97.89773089234843 15.846247764953127
96.13552690221172 15.743577981458985 96.3860157947793 15.896906709305078
99.4692756421125 15.743235183726172 99.72037876371876 15.897205313601955
98.86223416803905 15.747074805412892 99.18241521326718 15.877894940430078
99.17233643023906 15.74824616475508 99.47098930007968 15.883396261146487
97.07054036485468 15.75531901826289 97.38456936528905 15.887084733553515
96.34930791647929 15.75946184859375 96.79313084849726 15.897307545507811
97.42213273799415 15.759309989742968 97.54872324268086 15.953834365455467
99.31262246513126 15.763831183933204 99.40758500176251 15.962294349391017
99.67449855769688 15.76386934755039 99.8224987914 15.894141046008983
96.29994473744452 15.784014935882812 96.62442339524804 15.925958678167188
99.81728258551563 15.782145022282814 100.12318556768437 15.912388253798438
97.07448867870146 15.785045780779688 97.43219159336415 15.920286851946875
97.66013293017735 15.79226783656328 97.9445236625211 15.91149296766328
98.31678411241093 15.797013264744532 98.74179915418594 15.914075306317969
98.92531475487188 15.796955670785938 99.2735470858875 15.98956459946875
99.59664345246718 15.79821625763789 99.95205024938906 15.921092722080079
98.33199793847265 15.80722280648203 98.40975370110078 15.954494445700782
96.57898122489999 15.81013008222461 96.76869892992016 15.97894084565508
98.63857453158516 15.808249126272656 99.07922130923204 15.939850410130468
98.11354723128048 15.818040572496093 98.24076102266953 15.894221296992969
97.25550296307266 15.820042026258594 97.64670962821641 16.00598491261797
99.21237600698984 15.818848480472656 99.46532569756796 15.94218957320078
97.54379530998672 15.8212582247375 97.75225017335703 15.915346049848438
97.55468220006094 15.823592772530468 97.94395868702969 15.957229741414842
98.58932239466563 15.823052766108594 98.93287619355782 15.96094862854453
99.70068408615624 15.827266982822268 100.09905327303437 15.971892987970705
99.79487921765624 15.827437472610157 100.230900415675 15.96126355754922
99.14486548250937 15.829992097684375 99.57186086798126 15.96210797628047
97.10647575953047 15.832675798732813 97.46749711351171 15.957143226868752
97.98689519794688 15.834164061383202 98.34469958830313 15.963715128138672
96.82169762483593 15.838027227005467 97.23103554288593 15.973097496514843
96.39773507303633 15.841163066339842 96.78453155178477 15.981620953642967
99.52046298098594 15.839234394889843 99.7316924754828 15.941547773032031
99.7286595139625 15.840263172523827 100.11769074726875 15.982034122455076
98.68012791430468 15.842691923566015 98.81147080591093 16.179122218351953
96.6344316670624 15.847349628074218 97.03584029731103 15.982883331452342
99.5210664655086 15.847267077082812 99.67881354160077 15.951909966879686
96.46239471858105 15.851146852851564 96.91368698824843 15.971540123960938
98.32137017250469 15.849961235626562 98.79908210431405 16.02492702989375
96.27910962162383 15.855989665830469 96.4754082045336 15.94656470999297
99.61249456195624 15.856178980954688 99.81017219904375 15.946629009451563
97.48246176738436 15.86072011708672 97.81620999837578 15.980459842925
96.70485878891446 15.863847042882421 96.85471554506601 16.112297562984764
97.68897049301953 15.868205319278124 97.98162619416172 16.010939765740623
97.40410003509062 15.868834520210546 97.75559790269686 16.00356676965586
96.91239843112109 15.870627899164845 97.44253472677656 16.04022837142578
97.84417548519531 15.875825811722267 98.24415156132969 15.993876830726954
98.19995613469688 15.878719716930078 98.49233234221718 15.98074364797383
97.40937491867813 15.89394838794375 97.60555196963907 15.980751462628124
100.14287337824688 15.893164665571094 100.2950397391 16.010744885134375
97.8448753927125 15.896383461625 98.21827051061719 16.023771040714845
96.81222375280859 15.899030448378907 97.17691057406876 16.036635271160158
98.71419252787344 15.897996239148437 99.08361660676874 16.043337501122657
98.08431312672501 15.900874462660937 98.25914713696251 15.977300440820311
96.76613695452265 15.902989179297657 97.16360186805507 16.00931460477266
96.5428908692502 15.904344579865624 96.83425261843927 16.021873439489845
99.8781837417375 15.906544596790233 100.16372429969375 16.01053772363711
98.20696312817499 15.909883710757812 98.50056440959062 16.061654719521876
97.40457590858514 15.914131739073436 97.73891079748515 16.123000069860154
97.12501793385859 15.929573051573048 97.50274201778984 16.049985831496485
97.61132018530196 15.931226604567968 97.86717768452306 16.05337765963828
96.25351838340713 15.93643392923672 96.56831181084151 16.04434892491875
99.58783305310156 15.936096904520314 99.9021893238453 16.044305527760937
98.42586222945468 15.938471610197267 98.85631664710156 16.0774096016293
97.5800990561836 15.94104192888828 98.0535501037461 16.084206763677344
98.69855094586406 15.944278989840626 98.93362021114531 16.048942981007816
99.38334880919375 15.945035697826562 99.55473175003749 16.015157542070313
96.80749524234409 15.947698527330468 97.18980053828169 16.10276413683672
98.45858061914922 15.949672078251952 98.75231886040234 16.13096032083164
99.00167392994062 15.951231447515624 99.34449714365311 16.159924796184374
98.76791120680781 15.952577555916406 99.1436250866125 16.14164503763828
98.68476799658906 15.952900800913282 99.19138960200469 16.084295450597658
99.38822624678282 15.952856132540234 99.57075150742969 16.052430712071484
98.93683478593593 15.953683669820311 99.1224496057078 16.044186252673438
97.82171362912382 15.95540259331328 98.10512613379102 16.12880011781328
96.1809841897 15.96040318672422 96.39377652931934 16.112501465797656
99.12301705819219 15.959046100079687 99.31731051324844 16.06050825690625
100.14678230811562 15.958547418644532 100.36259916089062 16.10244721814297
98.90654883732108 15.961343793047657 99.0533080715664 16.041364568802344
97.34348148727305 15.966996413290625 97.56903861314258 16.078999699935938
99.92413640439062 15.97050427334414 100.13993733160312 16.10296354688164
98.03722842632344 15.978019750933985 98.24588315550312 16.073760649432423
99.65913001838437 15.99365931482578 99.78785235868125 16.067580600142968
96.58315430866054 16.004296035999904 96.96070181791757 16.145407717411036
96.52223975074864 16.00730852593125 96.70107570554023 16.28190822245
99.81240450290937 16.00523463282031 100.2435198314 16.13110948254219
99.85702340337501 16.00636254751875 100.03478612455625 16.284923727709376
98.33649528387812 16.010339797445997 98.65084518439687 16.127299168908692
98.9075123407578 16.012387667988282 99.30408193907344 16.14496777673125
97.69893375798671 16.018963085858594 98.12070197570702 16.151555735982033
96.48486314913202 16.02161347664297 96.94259636325039 16.138036903160156
98.67747078124219 16.020586454970314 99.00151895118438 16.176236731689844
99.27198061666407 16.02079574091797 99.5171809285297 16.156848617633596
97.84345168933437 16.025073054983984 98.2061209408953 16.14098666443164
96.91010181208087 16.02937411014258 97.29760080720509 16.174584682969535
98.1069998218078 16.028254842033594 98.47855195399218 16.162836993052345
97.47078597891445 16.030111364482032 97.84358428636445 16.15950496723828
97.62431765814765 16.03304001011133 97.95004756748983 16.155230879087892
99.21327300125468 16.038532605650783 99.53617094744531 16.14049840839141
96.5950916565586 16.041672389267188 97.00215809172226 16.162606333223437
97.5874122170414 16.051452635202732 97.96573231514921 16.187915993291796
96.28438347072733 16.057626239589062 96.46281133297988 16.12239848831953
98.61434256440468 16.058219763917872 98.89080395917968 16.16907008960557
99.61963160233749 16.057577069414844 99.79725019717812 16.122282828921875
96.40100829843789 16.063251107360937 96.7746876876332 16.180575522576564
99.73340147436562 16.06061622304531 100.10424173390625 16.182189578335937
96.88756659364844 16.07930204565078 97.2073146626461 16.23284377789531
96.64574504290235 16.080189538754688 97.05993547984609 16.21059043333906
98.24169043640157 16.079974511998437 98.53173952110157 16.17873111482578
96.880575374925 16.081866840331248 97.07346817675938 16.172194839205467
97.48181282166719 16.084593131782032 97.78579080146875 16.183712439295313
98.86121663193437 16.084531575037108 99.0387448492078 16.17590747592383
99.15949734607189 16.091434447238672 99.35595189995938 16.187308523253517
97.2838459485875 16.093320522041406 97.47283479784454 16.182447534433596
97.5823660819664 16.09336995838164 97.77633744252108 16.20389774166133
98.8941054200164 16.09211877071328 99.25984512002734 16.245205430009374
98.25379761267811 16.09721136746172 98.62452878211562 16.243803781439844
96.80869930689727 16.098829063091795 97.07804038267852 16.22424326591836
98.31934082883672 16.10012830465938 98.5985107636539 16.223729979403906
100.14176533784062 16.098346319478516 100.41697498340314 16.224626673835548
97.68329956305782 16.105232433168748 97.95824802939532 16.223997912721092
97.23385160711406 16.10656540275 97.52071279234063 16.22526638377422
98.82527051737657 16.10577153018164 99.17650043739374 16.20905955274883
97.63215642598516 16.125635268726562 97.96100893999453 16.27128986614297
98.05509949535234 16.12549513781797 98.31370116806171 16.222431249782034
96.16394443503359 16.130826615215625 96.2984019187584 16.23463819065
98.81088669958125 16.13461299906836 99.31531296620625 16.326786761755862
98.93949177387499 16.1387200158332 99.25425096135 16.271703638516016
97.24093508464843 16.14201883125586 97.47449898613438 16.25094052155742
97.88203279988672 16.144637093265626 98.11161969027734 16.252730256178126
98.6635082098453 16.144127836058203 99.02989966350155 16.270431083411328
98.06399178105859 16.14710750534531 98.46054744450703 16.28388947421914
97.2737539474914 16.149022107005273 97.74462425765077 16.279298035691404
98.41620536392813 16.149632360721874 98.54050597179688 16.48058047968672
98.42177235797188 16.15077554826875 98.80072310835469 16.294171701853124
99.45739377164219 16.152418547690235 99.80632204973905 16.288548862453517
98.17872771611405 16.16033546060791 98.58828421250936 16.278681849029592
99.10716870011953 16.164462995771874 99.47995745223203 16.296638794296875
98.31983781806562 16.168995427919533 98.67347687755 16.29328399208164
96.50595113201855 16.172367264986036 96.9660103740748 16.289932902706152
97.08564800605625 16.179157485091014 97.42913551479452 16.38003675744961
99.84007994542186 16.17950995441836 100.2435198314 16.312259272262892
97.92902286725274 16.187617442495313 98.16250116884024 16.276216522490625
99.36235129076562 16.191534555960544 99.70635697749374 16.359285572741406
96.14219993654902 16.20125581791484 96.3579459205709 16.363390784614843
97.11567719331327 16.201460127124218 97.49690549820312 16.34279083478711
97.69019107625938 16.205917178340233 98.15835563335 16.357374055383982
98.0580080338375 16.209536278472267 98.41356054965625 16.328734336116018
96.94240765349619 16.213724055708987 97.2700983479538 16.327913723016017
96.8392647932707 16.218460793939844 97.2406946741918 16.39011088609453
98.1722715150375 16.217750678371093 98.53858493343749 16.3593984042625
98.63737440012031 16.221364279334374 99.03499508556094 16.353020506382812
98.8483427179578 16.22250142948086 99.13839658032656 16.321788552608986
97.5822554527 16.22791919861953 97.92158619055624 16.380462796234376
98.36656500843125 16.234870254281446 98.44883407547188 16.42118898391582
97.94861766832226 16.243462674791797 98.11267903087617 16.331094077795704
98.0147587611664 16.245905744023048 98.31745075179609 16.36690717255039
99.77515708386875 16.249768927481252 100.10831427742187 16.38390038508125
97.56833360839767 16.252271611561717 97.81784258119767 16.364095237955077
97.28589410800546 16.25275131697578 97.77276642336484 16.439935202792967
96.44516569427739 16.25518750058711 96.78998833747808 16.38110415491055
98.38058925304531 16.25776227403125 98.63096139133282 16.37192556462539
97.53417166867031 16.258758779433983 97.8972267169828 16.399222141149217
96.57454803515077 16.260367460316015 96.69079060699882 16.56202369217461
98.72796769682186 16.262073037017185 99.00411376545937 16.384573857253905
96.83955501301953 16.265109424628907 96.96861835942343 16.33057821764922
96.94143665780615 16.27245009949082 97.31657089690322 16.446049580030273
99.77204531277499 16.285991958557034 99.99862625324374 16.389018602829687
99.15622205507422 16.286787827059374 99.46686488278203 16.402679936997657
98.47731170789687 16.289583687634767 98.82777759905312 16.404009849544924
96.9650420785207 16.291479476817187 97.26451093436991 16.42966389053867
98.21799950721562 16.294195417658596 98.46807821701405 16.397273620939846
97.27989021853672 16.296942913908985 97.51844120991953 16.42589199440195
99.2003263691664 16.29582286312539 99.53650225309141 16.55244080795586
97.99420756665155 16.297740632899217 98.34003036006094 16.463227532366407
97.80230832084766 16.298305791298436 97.95974007080234 16.369367442799216
97.35723422992031 16.306661544267968 97.7158619718578 16.437476005803514
97.72412337735312 16.30752523641094 97.97599411107187 16.4046174188875
97.9462518375086 16.308107660466405 98.17405088443907 16.40231472822656
97.99598750328906 16.308544443429298 98.3633918227203 16.430411227208985
96.16345333049999 16.319868466735354 96.35919402104844 16.474592771530276
95.81387347037803 16.320418391576172 96.1816781932877 16.46262590098945
96.59228643994571 16.32421190358672 96.87110690820079 16.438634084106248
99.92620727545625 16.32500006962832 100.20552890125626 16.43839594717949
98.08500104504219 16.327947542606445 98.39177037781093 16.43561927532129
98.36888766890937 16.329000412492967 98.64508788445937 16.46579542042109
98.54884734395156 16.335615414098438 98.80297472987655 16.445530560895705
96.05350554446105 16.34166752286875 96.4172035127084 16.48535660726836
99.58807075571798 16.338808032608984 99.82057600543672 16.437087664839453
99.37675325889218 16.341238829751955 99.69548507793282 16.462438033858593
98.65021981728124 16.34464021981406 98.81907616763436 16.418249762245313
99.37167467982344 16.348514121257033 99.74278806276094 16.474522148495314
98.21869951905313 16.35240905757324 98.41330113374376 16.44767587198301
96.8058793036873 16.354770864802735 96.93500625280645 16.664956031658203
97.88177058083906 16.355120428003907 98.25043859365468 16.48515025698203
98.76655441743125 16.35472083108496 99.05125171685313 16.485681210586915
99.88037798877187 16.35504668010117 100.24326104100938 16.487890755042578
98.4712742652953 16.357102022237694 98.80412966943905 16.602634979290038
97.44125937266172 16.358825114876172 97.56250466136485 16.662168709849023
98.4634067420422 16.361384677966992 98.66876766675782 16.452247178532616
97.74757202722851 16.362651049925784 98.0026969505746 16.48445323564258
97.28557861679609 16.364554256629688 97.61511393929766 16.500226512401564
97.48582080379062 16.36591055384785 98.05937336793359 16.50955006993418
97.80391530495312 16.367188332549706 98.4725703516078 16.520311346918945
96.5486034214125 16.369885820634376 97.0220602419914 16.516698405514063
96.58002029320204 16.372990621844142 96.832851462758 16.551365481833987
98.41878984531483 16.375494109453907 98.75980272071016 16.50214393686094
98.48410159242343 16.377368295597655 98.84454166337343 16.495929330741408
98.70021061640625 16.378954089828515 99.10016519303124 16.52793354655586
99.30407123434688 16.3824825082125 99.70010015981563 16.52164375612383
96.40247737662617 16.388314582179294 96.80797673643984 16.542723660371482
99.76653190756406 16.385462825650784 100.16791659970156 16.545671595566407
98.88744538075782 16.389202796983202 99.28619996624845 16.52990494260117
98.17789025155078 16.406892160227734 98.57346490034922 16.552363613675393
97.71880120416719 16.407424573302148 97.91732528490157 16.515783294969335
97.00625065844804 16.411570241656445 97.11108525220351 16.49006216341113
96.65571487933026 16.41558282746621 96.84719986143965 16.489987652674806
99.40222953682421 16.413246273523438 99.90355549456953 16.62892158786172
97.75029594076017 16.415406008855857 98.21609196856798 16.582042733935545
99.16044210342812 16.419985805948436 99.58686815004063 16.572680099198436
95.86217151050303 16.424322834291015 96.24838431738584 16.570148631504296
99.60848967744727 16.428150253098437 99.95075051973399 16.619090481435546
99.06750712497656 16.43174273798906 99.45022148391718 16.585182944772658
97.60055991091562 16.43383411979922 97.90603529173124 16.597874978191406
96.06398535900136 16.43649361338281 96.59310167214609 16.604937292597658
98.63910232365156 16.440719393957814 99.03132663223906 16.5615669417375
98.49126711379688 16.443587431717578 98.82779136940157 16.594214736257225
96.56928564513517 16.44843574106953 96.69014274825236 16.524711819871875
96.19037309121866 16.448915996313673 96.5083392888421 16.579165199915234
97.49295485958828 16.450419912891405 97.94315259520546 16.606657444728125
98.1311429745578 16.45410757642305 98.57887662751718 16.60500536668828
96.3481374755793 16.459380430463085 96.60661577494669 16.620118725331835
98.72572303225624 16.462603067738673 99.0973762917625 16.567630559869922
97.60495023226719 16.464712262477345 97.99636950367031 16.627772902497657
99.20460429849219 16.46838476986289 99.51162207003594 16.568214556533203
97.12779946955469 16.470595800926173 97.76461652979843 16.68983645056914
97.64573701538986 16.47732401470117 98.00395148898048 16.59472885400742
97.2485402253414 16.480949145650783 97.4603597619289 16.58388551189102
97.16721603302031 16.494072269816016 97.7270262302125 16.64336108059492
97.81795880325312 16.502898415623047 98.38181887098906 16.695171912145703
96.6836785009329 16.50681332015078 97.0371837359249 16.63867926695039
96.46839456867495 16.518850097034765 96.67433680130551 16.610203901203516
100.34181973985625 16.53341317410098 100.53357466025 16.685198515871292
99.49487060260157 16.535298793577148 99.82539291183907 16.688492552281055
98.62998856584063 16.536800802509962 98.87336301196564 16.637231356141896
97.10257430811552 16.540384083708936 97.32306098372197 16.60617767111133
96.17586112745526 16.542277068333398 96.5422787089875 16.6946432949959
97.00964205669608 16.542050552225003 97.28169306600624 16.684053119555863
98.90854702649999 16.54535271499004 99.3937575094125 16.6929515249834
99.05070171504532 16.54667117998501 99.26540138961094 16.642821788462452
98.87788328381173 16.54757352484463 99.04613247209454 16.630352234768946
99.84504410988437 16.548988887446875 100.07955677675625 16.65915097999766
97.32615274863124 16.55569563228628 97.75230089417812 16.705441133453565
96.64794731557461 16.558896782156445 97.05848323406367 16.707088421213868
97.0929452555008 16.560272900058592 97.5206091164586 16.71650167283594
97.85329963909687 16.56036157767676 98.20553366582968 16.68184883539512
96.76531431640703 16.566638090694923 97.14793690429374 16.690917199054297
99.46356394012813 16.565519182617578 99.86488254118125 16.690890286890625
98.87377087812813 16.56624450058164 99.19942315035313 16.699021290021484
97.4161558879914 16.568534178212694 97.78678393941172 16.68817785300215
98.12319965920625 16.56957302273047 98.509622285375 16.682719963832813
97.83202889415782 16.570283820440235 98.04537051638125 16.687375622908593
99.5542028772453 16.569674506113085 99.88786172601718 16.691624301887305
99.97652412951875 16.569286768433592 100.15887659781251 16.713631687403907
96.67539224599356 16.57892886274121 96.94961455644844 16.702239746667967
97.39977692 16.578923786468163 97.5926788790328 16.66159079350176
99.11250276820937 16.57914548679297 99.49359431233124 16.70350506901035
100.00059717045 16.579905896000586 100.27464584250626 16.7053182076666
98.60212666952499 16.58225007873833 99.05563413516875 16.719041478531203
97.87622291114218 16.584381242502342 98.21952747498125 16.745076140213282
97.51430524180353 16.588368763487107 97.76524253849024 16.70534540423164
97.39918400243165 16.594831566296484 97.71611364500586 16.7206211644916
98.23781283021876 16.594679074303713 98.56607570027657 16.699084722986722
96.64803446611992 16.600549547566406 97.01030398606211 16.727479117432228
98.41638199511407 16.612558002846093 98.89858413927031 16.773935211375388
95.9022827381284 16.619575696864647 96.22793891709296 16.760396935829686
99.46035003845311 16.618456548914647 99.64604368975937 16.699320185064646
99.62023680871641 16.621109911008226 99.85543905244454 16.725030265499583
95.85644766819999 16.63276826281328 96.22677193951563 16.771771947190626
96.4924315752 16.633653411174585 96.67653388955712 16.76215380138596
99.17713884033749 16.635845479627342 99.55318755509374 16.78482642937617
99.77768040799374 16.64110879529404 100.00859071262812 16.736217399193848
100.01902752955937 16.642445025814062 100.27550871362187 16.75495086349102
96.37573902144004 16.65024976941675 96.72599051471114 16.7083328962
99.70120442837813 16.64870771461846 100.0100066592 16.7083328962
96.16033854561054 16.65737260526797 96.59348537866758 16.812254125225195
97.65639120567187 16.65722708171504 98.01311265777812 16.76866759879551
99.50368233738281 16.658469428617774 99.90199100712343 16.816976054506444
99.3040300075586 16.663287799228907 99.6282043875836 16.76779084268008
98.27581036420781 16.66512192128535 98.6399368047375 16.793072369474807
96.21571297533946 16.66828773324297 96.56799569945636 16.807554786610158
96.36662906851797 16.6767769186418 96.55270582913711 16.751200605688478
99.70091012034531 16.676841641123147 99.8866117344328 16.751130806934082
98.44704712615781 16.681924055337596 98.81001776898906 16.779978589695606
95.81371242312724 16.698225262239063 96.18929215495156 16.842025128832812
96.61066727940292 16.700624717521876 97.06677160708183 16.83296514654922
98.01311785454062 16.704442685520288 98.33100084109999 16.852815490292993
98.86325633467655 16.70928889699463 99.32925103387656 16.847851343755956
97.64321577570313 16.7193740386375 97.89991633438906 16.82988559775039
97.6746785401211 16.720453847918726 98.06219644685079 16.8595545911344
99.08434402678436 16.721202479995608 99.48560808278593 16.8462410386167
99.94608287825625 16.723681249235547 100.2435039058375 16.84830504648828
99.05000666110391 16.725172395106444 99.42625922306016 16.847131397846486
99.73029246929062 16.72496437157871 100.11687753619687 16.846328604326757
97.85477420005469 16.730134738692577 98.28896037513438 16.883853344215623
98.7137847921172 16.729393764051366 98.96657443079219 16.835824895447463
99.05545208295625 16.731302094345313 99.39380658383125 16.86112618496289
96.4809166614081 16.73871427973213 96.74016842055546 16.852790054383597
99.17026989634063 16.740795487169727 99.561455061975 16.865104555493556
98.3120726579078 16.74236312768945 98.72715174123906 16.90606198462695
97.49862621332187 16.74330909361211 97.90153876411172 16.882114405201563
99.63413794420312 16.742160511381346 99.87951184469999 16.896478988053122
98.82655696755155 16.74379708768428 99.08441013882343 16.82702417684404
98.0470841387914 16.74555350861875 98.36763943473828 16.89226118385547
96.28407132552363 16.748204299675635 96.61110305006542 16.897927753892333
98.13246804321562 16.747201201552343 98.534552663825 16.885896626760548
96.47595213839999 16.749087795759376 96.72231685772128 16.891778471808692
97.70819108103984 16.74798861238789 98.00599989606798 16.90080677665371
97.61085538202734 16.753994552938966 98.04469000031484 16.91485089603975
98.1867273880914 16.75802161695918 98.58182307559765 16.905187525373144
96.29080413149394 16.76070727182881 96.62892955310586 16.88711045208662
98.25728179047812 16.759132021203932 98.68517458139686 16.92163455735154
98.76772083347187 16.76126257665117 99.08907121312656 16.880882064492578
99.62568612446874 16.76125438955176 99.959691354225 16.887006562675
99.78615871646562 16.764033003027198 100.03457997334687 16.865747580019384
95.8619408138 16.771807161542966 96.08542348585175 16.89903229989531
96.52486154206386 16.77123015780381 96.92664049140801 16.903949515683887
99.67140066429063 16.77286747504834 99.92585890377657 16.88452271350195
98.91752730093906 16.774757450042287 99.2706316596625 16.91213090426084
99.87088475995937 16.780699422615236 100.10082758667187 16.901731209246094
97.26247321451875 16.78476589189082 97.6498342544578 16.904550308838868
96.62280959618359 16.786917634454102 97.016324970216 16.90195912028535
98.29090526505938 16.790580086040038 98.53055472211562 16.90938607624199
96.78597682957306 16.79237635132007 97.04658193804492 16.910368483069043
98.87686160503125 16.792679493326563 99.21234751396094 16.918842197590624
100.12061929213438 16.792655297500733 100.37673737337188 16.91014443031162
97.61439270302735 16.798091124206884 97.85127708429454 16.905517702793993
99.37460391875938 16.7989747970958 99.600910143275 16.908675857054053
97.98761536909258 16.80198348422373 98.17177877291212 16.894193984120214
98.84659111874845 16.801990303664844 99.17373959757032 16.924469910554638
96.551471354088 16.804936556301367 96.78543672905109 16.915072645394627
97.01178327351161 16.805642893984864 97.46612090886806 16.92679914884014
98.56619123595858 16.805597407555226 98.91563988181015 16.90024275177212
99.38458098027577 16.807751286707326 99.60927474158828 16.906820130094435
97.010659728 16.81210470651631 97.3943308151078 16.96083159377588
99.11733363143983 16.810595247558204 99.3100365209414 16.91255059914844
98.55265326002343 16.815661885208886 98.94619381635155 16.944721897198143
98.01175375420547 16.822409462924217 98.48603731054766 16.99024349169961
98.63185553364765 16.824241094609494 98.91915029231328 16.91077195415173
97.4900486923164 16.826504065311916 97.7339009053164 16.926551833118946
98.89742026989218 16.839412688331638 99.2926489358453 16.96565123808711
98.95381364628047 16.845148318591114 99.20246303684452 16.953611253157913
99.57639965017499 16.852481399356837 99.9020487372875 17.021206911260546
97.13672977063594 16.855529431733302 97.48797760691093 16.97501056625049
97.64544138610546 16.855833427933202 97.98954660759921 16.962290761856348
97.9283416299164 16.85803936354336 98.16421354354766 16.961236411334763
96.23801502879785 16.862664048496264 96.65991035241386 17.004192345110766
97.74679563420312 16.862523606761524 98.11875068311875 16.991476668645117
98.56050366128437 16.864064558151025 98.8837615251875 16.982777085208056
98.42187591603751 16.867323655455664 98.84521240352501 17.004136281037304
97.7168030883297 16.88192397541543 97.87267134618594 17.132370316870702
96.25519414679218 16.886966612597753 96.6318246422535 17.014470075038478
99.58456275979687 16.886133008935644 99.96581435582188 17.014838154601758
96.39704414828203 16.903036305987744 96.77918374371855 17.02420069781011
96.65240832801757 16.90438848250459 97.08236158811953 17.028358410998244
99.73124477601874 16.90342614633916 100.10308197577187 17.023763528677637
97.57756278663983 16.906451484427173 97.88864595615077 16.9835168677
99.9990337810125 16.905399083863674 100.2435198314 17.04512616203389
99.03056174836094 16.907572913808302 99.31929777043281 17.01634965660742
98.22579233285332 16.91128773102383 98.55062593163105 16.972530576500002
98.57908267083437 16.916673691108397 98.94276518630937 17.05292066061699
99.33351401615782 16.91760422655752 99.74308444742032 17.09451119759131
98.87335523933595 16.921503028210743 99.30604719851407 17.093634495375685
98.80221975500001 16.923754977399316 99.13210743057188 17.142668953941502
98.15751751763203 16.92726535662012 98.56728861098203 17.028259028188575
98.65431515793749 16.934558738378957 98.93058544596249 17.04011306802466
99.30396264660313 16.93584346699541 99.699183349775 17.053593244031934
97.85342244404296 16.943479946921386 98.28679123962733 17.0846556789542
97.48893167126718 16.94627993130332 97.9303412833578 17.082003547014256
97.26198607042109 16.957400020754346 97.68490132678046 17.09233402716958
96.71684401303476 16.963529682667676 97.09559041854375 17.101821880098488
95.81413455006826 16.96991732561035 96.16149142305282 17.136084545200585
97.5132594703711 16.97233977573994 97.88929225956485 17.148360489220604
96.15246703929999 16.97446173053611 96.34198964373769 17.059224628687623
100.05929179284686 16.97283194058423 100.25999926819999 17.101414384768017
97.92683632107344 16.976427576570458 98.11667937768905 17.0361632293
98.02579215059218 16.987597252683642 98.42021498308281 17.0613545918
97.9653473711875 16.991890593473535 98.3685380221125 17.135656468944823
99.3104367449953 17.01289325899849 99.69039438906718 17.072340883000003
96.95424464612734 17.015670891763087 97.36487412729609 17.161020415122852
97.45387675366953 17.022925839178882 97.84272484300703 17.0833271742
98.01136058497578 17.02365142895752 98.39063661497265 17.0833271742
97.38015893992734 17.032922107991066 97.81509142667969 17.154752262977002
98.0160832361875 17.03256739097007 98.46390806299219 17.1538598591521
98.46063675338516 17.042691830934373 98.8927541978961 17.1556717527
98.75374256912656 17.04864109382207 99.10772402820469 17.186486143760156
96.3087388593041 17.05317602850427 96.74059472645096 17.144487194467796
95.8674339594 17.080389581756446 96.32188153090507 17.217130890678515
97.62293733787813 17.080950095938572 97.93538293926093 17.193041271781933
99.63671453303124 17.08331639349917 99.9035552955 17.1446854615
98.59702239845 17.084544187757324 99.08300726183906 17.208435508669826
96.2904942745836 17.08886649398779 96.94774582221015 17.288354071253416
99.18561854753476 17.090057766796974 99.64904425443399 17.231964059125783
97.05169640056405 17.09578958742832 97.45684927985859 17.23125968809121
97.98481068849844 17.096026639781055 98.14462131935156 17.167503052650193
97.93646289146797 17.098891436512012 98.23604302718515 17.20780526356709
98.79161437398437 17.128199052696093 99.01512765297656 17.214002897868358
98.44299733586094 17.14000693659326 98.72510673137656 17.255130240001854
99.20135317872656 17.141710200555274 99.32062608651405 17.3475248545
99.63141489248672 17.151121384077147 99.81151269926953 17.27086628572324
97.56298499207031 17.15545634310986 97.93172705875156 17.292126609092968
98.5687828059289 17.155526919975976 98.65762276005702 17.3475248545
97.98274658891562 17.164355124412108 98.34506547810156 17.300335191446678
99.04853128190703 17.16946785878418 99.15289905761172 17.3475248545
98.4172713838336 17.175291824548584 98.49674511651641 17.3475248545
99.11398560315 17.179118124813083 99.55542388125312 17.318865458308103
95.85095452259999 17.190121158153563 96.22910882067197 17.34508710847573
98.44571557792344 17.194019060064893 98.84103382516562 17.37674767023794
97.1291129172789 17.215393607470652 97.46913243571328 17.36319758349966
96.0724367580289 17.285316989021315 96.44813545878183 17.364004291300002
99.40556798424375 17.284507217714648 99.77885361390625 17.364004291300002
98.48594340211562 17.341409761819044 98.86709625965312 17.45789315803252
