95.64839951520324 16.0112429688
95.64845315474007 16.011639932683394
95.72270738929674 16.09864541559675
95.50083517681335 16.136995656446572
95.76720530210324 16.153158591929966
95.50216018361336 16.15477327701661
95.50241767687328 16.15486983209675
95.50513742904657 16.161065716294004
95.74557046244007 16.169579156210105
96.23996597505342 16.3681805363
95.89744262344331 16.583272218917166
96.28998921539674 16.60846358127253
96.28867493976566 16.6112530693
96.29486545568338 16.612111373643323
96.29531606734332 16.612347405870032
95.59222330359674 16.622309099073284
95.59287776074007 16.62233592210325
95.59229304217003 16.622523676789896
95.59239496577003 16.622561223813356
95.59259345097328 16.622625600389895
95.59287776074007 16.622732885986643
95.59245934234656 16.62279725604007
96.2952516972899 16.62350535924332
95.5928402137166 16.62517919248664
96.26953476300324 16.64910441614332
96.27022140517329 16.649200972940072
95.67001268074333 16.667740481056683
96.068503240294 16.677970391856682
96.0590294982834 16.694240619459933
96.03942798034008 16.697362699229966
96.03913294005667 16.69779184814007
96.03909002516568 16.698070795910105
96.04810221857329 16.703306454773287
96.05149788411661 16.704996240429967
96.04868693714333 16.705108894546576
96.04649826400325 16.705119618540074
96.05092388954009 16.705269826203253
96.05150324611336 16.705307373226717
96.04830069725344 16.705505858429966
96.05010313702672 16.70568824459675
96.04979736622673 16.70577944420325
96.05103118165994 16.706020838426717
96.27010875105667 16.714062212410106
96.03111852577004 16.73374420184657
96.07982212621661 16.74901664624332
95.68573573817328 16.75227297498339
95.66274391668338 16.757009744646574
95.6625615305166 16.757454986070037
95.65880644811335 16.763715244646576
95.6602870262899 16.763999555305993
95.66004562554332 16.76426240967004
96.12714706889675 16.764203401613358
96.1263048635899 16.764466256870037
96.11930947564656 16.765571323956678
96.1347537935899 16.76952488723733
95.2944444146899 16.78225996995343
95.698841175997 16.82904840709675
95.6503306950834 16.859496882970035
95.64237529057003 16.866019995086642
95.64626984840325 16.86617019622671
95.64269715388339 16.8704080736
95.64338379605343 16.870429528110108
95.64562611525342 16.87052072771661
95.64634494897328 16.870536820229965
95.64946702874332 16.870676290853424
95.81857500385668 16.87123955491336
95.65176835599999 16.874157792289893
95.6436144662834 16.879962208970035
95.63910300965992 16.88204896057003
95.63457009200324 16.882601494113352
95.63382443525342 16.882612224629966
95.63776727234332 16.882708779710107
95.77530554095343 16.88370119439675
96.01904325999675 16.885294424973285
96.01934903079675 16.88592742108339
95.64255768325992 16.887499190626713
95.64239138788989 16.88750455914657
95.64111465862996 16.887536744173282
95.65027168702672 16.8875689292
95.64116293617003 16.888137555256677
95.64552419165342 16.88822874834007
95.64553492217004 16.888228750056676
95.64046020148663 16.889108508910105
95.64024026177327 16.889253348053423
95.64112538914657 16.889596672399996
95.64710669171336 16.88964494994007
95.63961262765993 16.89095923274657
96.13679762930326 16.890567630859927
95.77906062335667 16.89115771142671
96.13691027689674 16.891307919089893
96.12781761855342 16.89910239194657
96.12925527947003 16.9011140361101
95.65730441714331 16.90299694497328
95.95232064475667 16.906719835826713
95.95108146904332 16.907878548973287
95.95036264184657 16.908178951253426
95.94653245887329 16.908388166973285
95.94602284087328 16.908586645653426
95.94175277847327 16.91030862285993
95.94358740327328 16.911043543874655
95.94216047287328 16.911081094159673
95.94361422630325 16.911097190346574
95.94212828784657 16.91114546788664
95.94315288584332 16.91131176154007
96.53498757118665 16.917539971756675
96.53821157284008 16.91763116484007
95.77672174735991 16.9185001997
95.77596536661659 16.91866113135668
96.5382330338733 16.918108597813358
96.53597998415668 16.918366091073285
96.53990136021336 16.91868795438664
96.5393434646733 16.918698684903248
96.5403841551834 16.918859616559928
96.54033051564659 16.918913259873285
96.5311198411899 16.91895080964332
96.51211376890001 16.91909564604007
96.53898941307168 16.919095648786644
95.63784237291335 16.92001295844007
96.5347569009567 16.919127833813356
96.51251610130325 16.91920830015668
96.5311198411899 16.919428242616608
95.63812668920325 16.920415290843323
96.53854416773433 16.919589174273284
96.53837250449675 16.919594536270033
96.53113593370325 16.91981984450325
96.14241415301336 16.920388467813357
96.51731723621336 16.9200666045
96.14214056724006 16.92057086050325
96.51690954246567 16.920227536156677
96.1098574004433 16.920726426386643
96.53769123084658 16.920522579186642
96.53874801493434 16.920554764213357
96.51579911101337 16.92061913804332
96.14274674684332 16.92148280438339
96.53716015181337 16.92109656724007
96.53853343917467 16.92119849084007
96.5384476115899 16.921236044386642
95.67599935182996 16.92222309535993
95.67561311194007 16.922244549870037
96.54044316324007 16.921675923813357
96.53993891375994 16.921729569873285
96.54036806267004 16.92217481129675
96.53877483665968 16.92221772684007
96.53984235215668 16.9222713729
96.53820621084333 16.92230355792671
95.93625405607003 16.9229204653
96.5367149103899 16.922378658496747
95.93670466601336 16.92305994244657
96.5402822315834 16.92272198219101
96.53979407461662 16.922829270397003
96.53369474769676 16.922974109540327
96.53835104998664 16.923022389037328
96.53783070147004 16.92304921076267
96.54647274987005 16.92305994244657
96.53738546004658 16.923108219471658
96.5352772494733 16.92311358342534
96.53747128461012 16.923113581983394
96.54681070569676 16.923118948031334
96.53527188095343 16.923145767010105
96.53647350964332 16.923145770082833
96.5467838891899 16.923156497526712
96.53650569467004 16.923215505583393
96.53615164632997 16.92322087410325
96.53571176690326 16.92323159809675
96.54244408821661 16.92338180575993
95.93653300384005 16.92399334735993
96.54289469815993 16.92338716775668
96.54368862592672 16.92339252975343
96.53549718918666 16.923403260270035
96.5413014675834 16.92352127638339
96.54202030130327 16.923526644903248
96.54052363232998 16.92362856850325
96.54114590444658 16.92362856850325
96.538721193209 16.92378950015993
96.53737472952997 16.923864600729964
96.53779315444658 16.923864600729964
96.53819548032672 16.923918246789896
96.53673636490001 16.923982616843322
96.53578149895344 16.924025532386644
96.53535771204008 16.924057717413355
96.53501975621336 16.924079178446572
96.54370471844007 16.924165003010103
96.53989062969676 16.924207918553428
96.54168233895344 16.924368850210108
96.54168233895344 16.924411767470033
96.54081331061661 16.92444395249675
96.5423314341 16.924502960553426
96.54359207084659 16.924835554383392
96.54060946341662 16.924867739410104
96.54620453261661 16.92488920044332
96.538914311197 16.92489993095993
96.54255673581011 16.92489993095993
96.5382330338733 16.924910657802997
96.53765903929676 16.92500185219101
96.53689193455993 16.925071589459677
96.54052363232996 16.925076955129967
96.53521287289675 16.925168149105993
96.54543742135668 16.925162786216607
96.54702528341336 16.925232524789894
96.5425030962733 16.92526470981661
96.53432238352673 16.925275436659675
96.5462957257 16.925318352072534
96.54629036370326 16.925388087926713
96.53238047141336 16.925420272953424
96.53201569255668 16.925447095983394
96.53170992175669 16.925468557016607
96.54255673581011 16.925629488673287
96.15139416204657 16.926149837189893
96.53219808524658 16.925774327816608
96.5315275355899 16.92581724335993
96.53366256267005 16.925827967353428
96.53111447267004 16.925833335873286
96.54003010684333 16.92605863758339
96.53659152575668 16.926182022216608
96.53535771204008 16.926235661753424
96.53492856312997 16.926257122786645
96.53441357661012 16.926289307813356
96.5410064273 16.926289307813356
96.53413999735993 16.926385869416606
96.53978870609676 16.9264770625
96.54274985901661 16.926498517010106
96.54461667055995 16.92650924752671
96.54380664204007 16.926514616046575
96.5318333063899 16.926809656329965
96.5408025801 16.926868664386642
96.53958485889675 16.926900849413357
96.53940247101336 16.92692767244332
96.53143633598339 16.927045688556674
96.54571100712997 16.927099334616607
96.54476150970325 16.927222712726714
96.54343650118665 16.92722808124657
96.5429215211899 16.927260266273287
96.54052899432672 16.927330004846574
96.53922008004008 16.927415829410105
96.52844836655669 16.927464113473285
96.52836790227329 16.92749093650325
96.5439622117 16.92750702901661
96.54408022822534 16.927528483526714
96.117791347597 16.928075655073286
96.54574319215668 16.927775246270034
96.54032514712671 16.927823523810105
96.53883920997467 16.928075655073286
96.53604972272997 16.928123932613357
96.53822230335669 16.928134663129967
96.53659688775343 16.92816684815668
96.53454769175994 16.928188309189892
96.5350841327899 16.928231218210108
96.53981552912671 16.92831704929675
96.53771804735342 16.92848334947329
96.15079334444007 16.92892859089675
96.53853880312835 16.92856381204007
96.53838859701011 16.928579904553427
96.54130683610326 16.928799850789893
96.53966532798665 16.92883203581661
96.54055045535993 16.928837397813354
96.53582441449676 16.928933959416607
96.5349929331834 16.928998329470033
96.53663980329675 16.929127076100002
96.1505197651899 16.929706432673285
96.53913424895343 16.929572324046575
96.53984771415344 16.929599140553428
96.53422582844658 16.929674247646574
96.53756784621336 16.92992100558339
96.53875337954034 16.92994782689675
96.53588342255344 16.929985382159927
96.53487491707004 16.93014094529675
96.53644132461662 16.930151675813356
96.47618280732533 16.93028042244332
96.47655831628664 16.930312607470036
96.53542745061335 16.930264329929965
96.53702604318664 16.930360885010103
96.53820084884657 16.93042526158664
96.5188192671834 16.930618378270033
96.47613452937327 16.930672024329965
96.47709475251011 16.930725670389897
96.53407025878664 16.930725670389894
96.51918941455993 16.930779309926713
96.47614525988989 16.9310528957
96.53471398541336 16.931042165183392
96.53549718918666 16.931063626216606
96.51886755124659 16.93114945730325
96.53754639170326 16.93134793598339
96.51311155038991 16.931417674556677
96.4922491873166 16.931514236159927
96.53793262507004 16.93151959815668
96.53928981861336 16.93160542924332
96.47618280691336 16.931728807353426
96.53648424015994 16.93172880735343
96.53251458004007 16.9317663609
96.47576438199674 16.931889739010106
96.53297592050001 16.93190583804657
96.53780924695994 16.93216869330325
96.53268088021662 16.93219014781336
96.53910742983733 16.932227701359928
96.53237510941662 16.932297433410106
95.93169968252997 16.93293579804007
96.53689729655667 16.932410087526712
95.93108814092996 16.933102098216608
95.93088965401009 16.93313428324332
96.53773950838665 16.932565657186643
96.54104398084658 16.93261393472671
96.54133365261012 16.932662218789893
96.53640377107004 16.932683673299998
96.49228137234331 16.93273731935993
96.53585123752671 16.93269440381661
96.53689193455993 16.93278023490325
96.51901775238665 16.932866065989895
96.51879781267328 16.932914343529966
96.49226527982995 16.932951890553426
96.5186476050101 16.93293579804007
96.53768586232673 16.932946528556677
96.53905915034034 16.932957259073284
96.49179857737329 16.93309672969675
95.93115787950325 16.933702909300003
96.49226527982995 16.933171836789896
96.51856714244332 16.933332768446572
96.53600680718665 16.933327399926714
96.53951512684658 16.93338640798339
96.51736015175669 16.93345614655668
96.52875413735669 16.93354733964007
95.65304508525992 16.934641676210106
96.53857098945969 16.93381019489675
96.5394775733 16.93381019489675
96.53938637850001 16.93384238644657
96.51878708215668 16.933922849013356
96.5358405070101 16.933917487016608
96.53036346044658 16.933965764556678
96.53929518541662 16.93400331810325
96.50727508044332 16.93404086512671
96.5392522715899 16.934099873183392
96.53742837558991 16.9341106037
96.50676010044658 16.934180342273287
96.53886066709401 16.9343144509
96.5296017111834 16.93440028198664
96.5295319726101 16.934437829010104
96.12405696587004 16.934850891929962
96.52933349392998 16.934507567583392
96.53674172689676 16.93487234644007
96.53051366158664 16.935006461589893
96.53742837558991 16.935033278096746
95.66182124228663 16.936111523870032
96.53799163312672 16.935451703013356
96.53775023890326 16.935789660797003
96.51197966027328 16.936578226326713
95.88888640784657 16.938090987813357
96.12346688221335 16.937946148670036
96.12444856775667 16.938461135189893
95.88736291584331 16.938772267986643
96.53475153895994 16.938171456903248
95.88818366664006 16.938960022673285
96.41486214428988 16.938557690270034
96.5092813674166 16.93853623575993
96.41531274771009 16.93872935244332
96.12474360804006 16.939126316326714
96.5344940457 16.93872935244332
95.64865163994332 16.939684218389893
95.88891322435342 16.939528648729965
95.88736291584331 16.939587656786642
96.49173420079674 16.939024392726715
95.65314164034007 16.939888065589894
95.65207412679999 16.940188467870037
95.6573848797101 16.94031185250325
95.88878448424657 16.940167013359932
95.88747556995992 16.94041377610325
95.88904197098338 16.94081610198339
95.88899905544007 16.94087511175668
95.88796909544656 16.941030681416606
95.88721271470325 16.941036043413355
96.41930922914332 16.941454468329965
96.41957208439999 16.941626130503252
96.41994222697002 16.94172268712834
96.41987249320324 16.94176560112671
96.53883920695344 16.942849213703248
95.7431564862166 16.943787980613358
95.74261467992834 16.944104481929962
95.74312966318664 16.94414202895343
95.74259858676268 16.944297598613357
95.6641708488 16.94452826884332
95.74261467992834 16.944485353300003
95.66540466251661 16.944657015473286
95.66395627304033 16.94474284655993
95.65230479702996 16.944780393583393
95.65188637211335 16.944855494153426
96.46769096137002 16.945300742100002
96.46974552588338 16.945579689870037
96.47012639725342 16.945595782383393
96.46793772411336 16.9456065129
95.70138390204332 16.947612801589894
95.70161993427004 16.947709356670032
95.74400406004332 16.94772544918339
96.51245172472673 16.947011985528338
96.51249464027003 16.94772544918339
95.7454202599267 16.948760777696748
96.53133978090327 16.950198438613356
96.5319781390101 16.950402285813357
96.2796305583101 16.95129277518339
96.57753283827327 16.951244497643323
96.2791316708267 16.951738023129963
96.57738263061009 16.951480529870032
95.92928033744332 16.952767986906863
95.65622617308665 16.954264653813357
95.65658558994657 16.95446850101336
95.65727223211661 16.955004942043324
95.6574868033101 16.955198058726715
96.55840854158666 16.95843829941661
96.57909924166566 16.95915176461661
96.56126239929675 16.95960773655668
96.5612463067834 16.96012271655343
96.5595350666166 16.960192455126716
96.61337775941661 16.961860781810106
96.61334020587003 16.961866148270037
96.61372644575992 16.961882240783392
96.57798881021336 16.962939030329967
95.33005887535992 16.964666365070038
95.71634521535992 16.966479533402996
95.70990256907166 16.967171541243324
95.70933394455993 16.96728419535993
96.58158832295666 16.969912747926713
96.58170097707327 16.970229249243324
96.58177071564657 16.97054038204007
96.58193164730324 16.972557401246576
95.67866545794331 16.97381803147004
96.58201210987002 16.972954365129965
96.58463530280898 16.972954365129965
95.67909460685343 16.973903862556682
96.5843134371267 16.973045558213357
96.58215694901335 16.973335236500002
96.58468894625966 16.973453252613357
96.58453337684006 16.97349616815668
95.67981880257003 16.974434941589898
95.68015675839675 16.974579774210106
96.5822535106166 16.97389313204007
95.68201284594656 16.975261054383395
96.58236079621335 16.974440303586643
96.58246271981335 16.974955283583395
96.58239298124006 16.975652656270036
96.48667021062997 16.976736268846576
96.5830903539267 16.976779184389898
96.48621960068664 16.976934747526716
96.58322983107328 16.977428274729967
96.58311717695668 16.977862792159932
96.59469355524656 16.978468965240072
96.59473647078988 16.97878546655668
96.59422148427004 16.979021498783396
96.59460235564006 16.97949356975993
96.58529512610325 16.979638408903252
96.58460848043133 16.97976178701336
96.59619021769674 16.979751056496752
96.58447973730324 16.97978861004332
96.58497862478663 16.980072919810105
96.58558479958339 16.98077029249675
96.58642701141335 16.981135071353428
96.58637873387329 16.98154276575343
96.57896513067003 16.98174661295343
96.58457629409999 16.981821720046575
96.57606835432671 16.981929005643323
96.5825592814166 16.982089937300003
96.58205502541335 16.98215430735343
96.57613273090324 16.982165037870036
96.57813901135341 16.982170406389898
96.58802560398664 16.98225086895668
96.58639482638664 16.982384977583393
96.58189409375667 16.982476177189895
96.58187263924657 16.982535180440074
96.57918507209999 16.98262100981011
96.58114844352997 16.982621009810106
96.57906169227329 16.98264783455668
96.57620783147328 16.98316281455343
96.57829458101335 16.983291561183393
96.58636800335668 16.983436401871664
96.58638409587003 16.983484684389897
95.82405741894007 16.98433762021336
96.58121281358339 16.983613424496752
96.58213549450323 16.98366707055668
96.58069783358664 16.983801179183395
96.58644847244656 16.98388701027004
96.58773056370325 16.983988933870037
96.58729067775343 16.98411231850325
96.58673278221335 16.98418205055343
96.58476941274031 16.985190562559932
95.794263333506 16.986531661873286
96.58481769312996 16.985780643126716
95.98044619189675 16.995179072270034
95.97955570252671 16.995302456903254
95.98129377224657 16.99551702809675
96.24756196579676 16.99602664609675
95.48499389317003 16.996820580386647
95.97956643304332 16.99668647175993
95.79378590272995 17.004105573526715
95.7914041063834 17.004341609529966
95.69174944067329 17.00844000975668
96.30580883134007 17.00833272415993
96.30446773202671 17.009389507183393
96.30370598928664 17.009421692210104
96.3033465724267 17.00944851524007
96.30304617014656 17.00949679930325
96.30307298665343 17.009925948213358
96.30307835517328 17.01044092821011
96.58616415615668 17.010886176156678
96.58451728432671 17.011551363816608
96.58459238726566 17.011562087810105
95.43780863159401 17.01336452758339
96.29052029442997 17.013707853646572
96.15749884924656 17.014276479703252
95.43731489871661 17.015134784046573
96.15715552489999 17.014861198273287
96.15690340015993 17.016148651526713
96.15793872867329 17.01637395975993
96.15749348072671 17.016921124783394
96.30068046631335 17.018551902383393
96.30119544631009 17.0185626329
96.30164605625342 17.018680649013355
96.30203229614331 17.01886304170325
96.30244535254008 17.01905079312834
96.30284768494332 17.01923318320899
96.2953536208899 17.019265369540328
96.30338412597328 17.019372657094006
96.29586860088664 17.019533589402997
96.54008375290326 17.023369136329965
96.53949366581337 17.023610530553427
96.54004083735994 17.023830476789897
96.53928981689675 17.024028955470037
96.5393649191834 17.024061140496748
96.1734203839834 17.025482710616608
96.1732594523267 17.02608888369675
96.16107690095667 17.026507308613358
96.16106617044007 17.026850632959928
96.16174745061335 17.026925733529964
96.15746129569999 17.027033019126712
96.56185248295344 17.026893548503253
96.15740764964008 17.027338789926713
96.1719129910166 17.02766065324007
96.15101865267329 17.027805492383393
96.17175742135667 17.028363394446572
96.1513780630101 17.028411671986646
96.17277665735668 17.02853505009675
96.17162331272996 17.02869061975668
96.15160873324007 17.02894811301661
96.1715052966166 17.029071491126714
96.17279811838989 17.029130499183392
96.15669418444007 17.029291430840072
96.17277129535992 17.02944163850325
96.169402449997 17.029774225810108
96.15200570364657 17.029822511589895
96.15889895661661 17.02983860410325
96.15916181358989 17.029843964383392
96.17262108769674 17.0300585421
96.15884531055667 17.03010145935993
96.16931662175992 17.030096090840072
96.15053585770325 17.0301497369
96.16890355884007 17.030139006383394
96.15902769844007 17.030149737140327
96.169043035094 17.03014437253433
96.16081940769675 17.030219474408987
96.16924151834033 17.03035894829401
96.16074967564657 17.030562795494006
96.1690913135267 17.030890025129963
96.15786362810326 17.031249441989896
96.16891428935668 17.03126553450325
96.16908058603133 17.03127625849675
96.1696599395834 17.03158202929675
96.16902694192834 17.031603490329964
96.16887137381335 17.03162494484007
96.15763831987005 17.03173759895668
96.16034734324332 17.031968269186642
96.16164016501659 17.03213993135993
96.16088914627002 17.03220430141336
96.18977128391012 17.032322317526713
96.16152751089999 17.032483249183393
96.17232604741335 17.03265491135668
96.18966936031012 17.032794388503252
96.17224558484656 17.032960682156677
96.16135584872671 17.033132344329964
96.16067993707328 17.033346922046572
96.16262721598989 17.033346922046576
96.16184937421335 17.033352284043325
96.1721865767899 17.03340056158339
96.16127001764008 17.03356686175993
96.16403268576866 17.033577585753427
96.17225094684332 17.033582954273285
96.16252529238989 17.03366878535993
96.16699920198988 17.033674147356678
96.16372155036267 17.033776070956677
96.16075503764333 17.03382971701661
96.17227776987329 17.03382971701661
96.16478369929675 17.033845809529964
96.16706357204332 17.03405501872671
96.1697028551267 17.034065749243325
96.16188692775992 17.034076479759932
96.15892577484007 17.034167672843324
96.16427408129675 17.034173034840073
96.17204709964332 17.03423204289675
96.16157578844008 17.034253503929964
96.16103934741011 17.03438225055993
96.1695902010101 17.03457000524657
96.1720149146166 17.03459145975668
96.15859854822534 17.034752391413356
96.15916181358989 17.034752391413356
96.1704055915267 17.034816767989895
96.17192908352996 17.034956238613354
96.16687045535993 17.035052800216608
96.16951510044007 17.035068892729967
96.1620585834101 17.035203003073285
96.16712794209674 17.035481949126716
96.15646888272997 17.035503405353428
96.16963311655343 17.035809179002996
96.15605045781336 17.035852091696746
96.15617384244658 17.035927198789892
96.16307781941009 17.035959383816607
96.15626503552997 17.035975476329966
96.1693970843267 17.036013026202998
96.16648958398989 17.036104220917167
96.16251456187328 17.036109585327466
96.1625682014101 17.036168593013358
96.17169841329999 17.036329524670037
96.16083550021011 17.03635098570325
96.16934344194033 17.036388532726715
96.16140949478664 17.036544102386642
96.16015958855667 17.036603110443323
96.17697161918665 17.036699672046574
96.17163404324657 17.036753311583393
96.17762070781009 17.03678013461336
96.15826595569999 17.036801595646573
96.16929516179101 17.036823050156677
96.17165013575993 17.036983981813357
96.17677850250325 17.036983981813357
96.16035270524007 17.037096635929963
96.17743295964658 17.03710199792671
96.17155893615342 17.03732730615993
96.15456451935668 17.037386314216608
96.16637692987328 17.037547245873288
95.26599699771336 17.038518197810106
96.17168232078663 17.037675992503253
96.17141946552997 17.0379871253
96.16625891375992 17.037992487296748
96.17711645832996 17.038072956386642
96.17141946552997 17.03819633449675
96.15747738821335 17.038228526046574
96.1762527919899 17.038212427010105
96.1555569323267 17.03824461855993
96.17139800449675 17.038287534103254
96.15879703301661 17.03843773524332
96.17044850707003 17.03855575135668
96.15582515610325 17.038587936383394
96.15767587341661 17.03860402889675
96.17145701255342 17.0388025141
96.15591098718988 17.03885616015993
96.17264791072671 17.03891516821661
96.16758928255668 17.039178023473287
96.1724923475899 17.039371140156682
96.15614701941661 17.039499886786643
96.17136581947003 17.039698371989893
96.15629722055667 17.039730557016608
96.1564527902166 17.040041689813357
96.1753783886101 17.04003632781661
96.17525500878338 17.040047051810106
96.17133899644007 17.04009533587329
96.16419361701335 17.0401275209
96.17232604741335 17.04039037615668
96.16419897901011 17.040449384213357
96.17632789255993 17.04044402221661
96.58657721255342 17.040089967353428
96.15854490175343 17.04063177690325
96.15687657712996 17.040663961929965
96.152622607003 17.04074442449675
96.16417216250325 17.040733700503253
96.18823706791336 17.040755155013358
96.18773817912535 17.04078197804332
96.19020580134008 17.040835624103252
96.15679074604331 17.040932179183393
96.16413997095341 17.041050197905996
96.18856966174333 17.041055561859675
96.16619990570325 17.04110384200899
96.58645919644007 17.040712239470036
96.18784546733134 17.041162850065668
96.17225630884008 17.04121112956267
96.19025408540327 17.041216494168665
96.15705896329675 17.041259409059677
96.15881312552996 17.041404248202998
96.16618917518664 17.04144716309401
96.1884140920834 17.041436434534333
96.15492929821335 17.0415544513
96.15732718707329 17.041795992146575
96.15673173798663 17.04184963168339
96.15916181358989 17.042037386370033
96.15739692564657 17.04207493991661
96.18882715500325 17.042058847403254
96.18806540769701 17.042128579453426
96.16967603209675 17.04217149499675
96.16616771415343 17.04227341859675
96.16843685638338 17.04243435025343
96.15477909707329 17.042477265796748
96.15931201472995 17.042514819343324
96.15516533044007 17.042547004370036
96.16682217129674 17.04256309688339
96.16680071678664 17.042868867683392
96.16530404781335 17.043324846146575
96.15777779701659 17.04334093865993
96.15723062547004 17.043416039229967
96.1648588063899 17.043469685289896
96.158158667494 17.043566240370033
96.15797091369998 17.04360379391661
96.15573932501661 17.043716441510107
96.1693648993 17.04374863305993
96.16866752661335 17.04385591865668
96.16868361912671 17.04390419825668
96.33810809555669 17.043839826143323
96.15565349392996 17.044075858370036
96.33811345755343 17.04389346774007
96.3035182346 17.044043673343324
96.33807054201012 17.044236790026716
96.33878400721011 17.04425825105993
96.16683290181336 17.044435275229965
96.3037220818 17.044333351629966
96.16606579055343 17.04447282225343
96.1655937261 17.044585476370035
96.15439285718338 17.044644486486643
96.16691337090325 17.04470886100325
96.16615699015992 17.04474640802671
96.3380598180166 17.044623029916607
96.158212311597 17.04481614865993
96.30368452825343 17.044762500540074
96.15833032836267 17.0450682734
96.1669080023834 17.045062909343322
96.33877864521335 17.044891247170035
96.15708578632672 17.04515946648339
96.16349088232997 17.04515410448664
96.16380201512672 17.045170197
96.15719307844657 17.045250666089895
96.15729500204657 17.04532576665993
96.1565547138166 17.045508152826713
96.16738543535668 17.046532755286645
96.15943003084331 17.046602489396747
96.16852268747004 17.046709779456677
96.16356061870599 17.046747333003253
96.16339968924657 17.04675269705993
96.15763831987003 17.04681706711336
96.15965533255343 17.046833159626715
96.15702677827004 17.046902898200003
96.16427944809999 17.047037006826713
96.15658153684657 17.047090652886645
96.16363035597465 17.047085288829965
96.15594317221661 17.047096014883394
96.16345869730324 17.04711210739675
96.16704747952997 17.047192574426717
96.16672561621661 17.04779338877166
96.16392539975993 17.047809480083394
96.15730572604006 17.047836303113357
96.15669418444006 17.047997234770037
96.1554550087267 17.048254728029967
96.1579709137 17.04854440631661
96.158067473106 17.04854440631661
96.5875320785 17.048147435910106
96.16386639170324 17.04864096139675
96.5879719579267 17.048303005570034
96.58836355981335 17.048469305746572
96.16220342255343 17.04894673219675
96.58870151564007 17.048619506886645
96.16233216918339 17.04919349494007
96.16554544855993 17.049332972086646
96.58757499404331 17.048925277686642
96.1654703479899 17.04939198185993
96.16243946130325 17.049434895686645
96.58762327158338 17.04918813294332
96.30828718448339 17.04949926745668
96.18588188449675 17.049654835400002
96.59060051701661 17.04925787151661
96.58760181707328 17.0494509882
96.16481052232672 17.049874776829967
96.16123783261335 17.050067894405995
96.58964565107003 17.049665561110103
96.30844811614006 17.049987430946572
96.17512626387003 17.05021273265668
96.1614363178166 17.050325385382834
96.1614041327899 17.050384394829965
96.17542667267328 17.050432672370036
96.16367327086566 17.05047022591661
96.58961882804007 17.050089354546575
96.30863050882996 17.050427310373287
96.16301344935667 17.050641888089896
96.16153287289674 17.050743811689895
96.17538375712996 17.050733081173288
96.16181718918664 17.050861827803253
96.16282033267328 17.050888644310106
96.16167771204007 17.051124683059932
96.3088182635166 17.050985205913356
96.17530865655992 17.051140775573288
96.58877661621011 17.051146137570036
95.68984507729999 17.052068818489893
96.1753569341 17.051854240773288
95.55740814092997 17.052524790429967
96.58699027547328 17.051548469973287
96.17530328804007 17.05210636551336
95.55782656584657 17.052787645686642
95.56878087525342 17.053007585400003
96.58684543632995 17.052015172429964
96.1606209290166 17.052825192710106
96.58678105975342 17.052487236883394
96.17521745695342 17.052964669856678
95.5588082483 17.053860527746572
96.17513163238989 17.05325434814332
95.55069191212996 17.05397317534007
96.58668450467329 17.05297540037329
95.55132490824008 17.054021459403252
95.55950025898989 17.054305769170035
96.58658258107329 17.053393825289895
95.54859979235343 17.054498885853427
96.58684543632995 17.05377469665993
96.58743015489999 17.053855159226714
95.55028957972672 17.055056783110103
95.55217248858989 17.05549130054007
95.5527035611 17.055984826026716
95.55155021647329 17.056027741570034
95.55209738149674 17.056086749626715
95.55297177835342 17.056086749626715
95.55250507589675 17.05616721871661
95.5506329040733 17.056392520426712
96.1513673390166 17.05631741985668
95.55089575932996 17.057041615573286
96.15103474518665 17.056639283170036
96.15224709787003 17.05686459140325
96.15207543569674 17.057213277746573
96.15715552489999 17.057250824770037
96.15697850072996 17.05748685699675
96.1532019638166 17.057513680026716
96.15174284838989 17.0576638876899
96.1531912350166 17.057803358313357
96.15691412415342 17.057803358313357
96.15291228463732 17.058178867686642
96.15278353865968 17.058726032710105
96.1532609735899 17.059074719053427
96.58549896849674 17.058720670713356
96.15340044421336 17.05926247374007
96.1532019590101 17.059428773916608
96.5854936065 17.05899961848339
96.58653966552995 17.05903180351011
96.15274062376866 17.059589705573288
96.58545069095666 17.059337574310106
96.58646992695668 17.059407312883394
96.58638409587003 17.059788184253428
96.5853112186166 17.059981307459932
96.58591739341335 17.06008859305668
96.58698490695342 17.060303170773288
96.08083063341661 17.061295583417166
96.152611877791 17.061258032805995
96.15247240610324 17.061263393910107
96.15224173587328 17.061644271803253
96.1519574195834 17.062003682140073
96.15154436318664 17.063521812146575
96.15056267421011 17.063607636710106
96.15109375324332 17.064396209003252
95.58905294628664 17.065281329853427
95.5662917981166 17.06556028414657
95.59836018234657 17.066016257803252
95.55801431538339 17.06674044699675
95.55776755264007 17.06704621779675
95.55718820258988 17.067850882603253
95.55698435538989 17.068140560889894
95.55680732469673 17.068451693686644
95.56474685160325 17.068537524773287
95.56451618137328 17.06889157311336
95.58101707268338 17.068902303629965
95.58191293057328 17.068923758140073
95.56421041057328 17.069159796889892
95.58205776971661 17.06978206248339
95.55865804201011 17.069969817170037
95.55755834344333 17.071343101510106
95.56705354085668 17.07273248660325
96.16738543535666 17.076235436026714
96.16662905461337 17.07645537574007
96.58131473718339 17.07701327299675
96.58127182164006 17.077351235346576
96.163603533597 17.07805933202671
96.16351770535994 17.078080793059932
96.58119672107003 17.07773746871336
96.58115917404658 17.078107616089895
96.58099287387003 17.079046383
96.16402195720899 17.079475531910106
96.57907242278989 17.07926632271336
96.57919043670599 17.079277053229966
96.16405414354033 17.07991004934007
96.16714940312997 17.079990518429966
96.16399513483134 17.080022703456677
96.58088021975342 17.07974911768339
96.16573320324656 17.080248011689896
96.16646276095992 17.080398212829966
96.58083730421009 17.080049526486643
96.16787359884657 17.080489405913358
96.58078366467328 17.08038748231336
96.03883253386269 17.081256517173287
96.58072465661661 17.080848822773287
95.45862787025993 17.08232403071336
96.58068174107328 17.081213601629965
96.58061200249999 17.081567649970033
96.16322265855342 17.082409861800002
95.95132286978989 17.08338632225668
96.16367863547165 17.08342387580325
96.1663983843834 17.08720041305993
96.29966123096565 17.088021163856677
95.61377746760326 17.091384644373285
95.58800152525993 17.095767359173287
95.5881302718899 17.09601412191661
95.58699301325342 17.096035576426715
95.58626345554006 17.097714633283392
95.58696082822671 17.097848741910106
95.47348725345341 17.104151914313356
96.12516224360898 17.11599650985668
96.12562894606566 17.116205719053426
96.12509250634032 17.11635055819675
96.61461156661011 17.121548663513355
96.6153250318101 17.121714963689897
96.61334557438988 17.122052919516605
96.61453646604006 17.125421900413357
96.61359769912995 17.12544872344332
96.6141126791267 17.125582832070037
96.61375863078663 17.12631775830325
96.61443991095993 17.126553790529968
96.61494952895993 17.126559152526717
96.14611558764007 17.130019192929964
96.14601366404005 17.13045371035993
96.14574544678663 17.131290554974658
95.52381626469675 17.13298034310325
96.14321344929999 17.13299106709675
96.14321881129675 17.133302204459675
96.30028886271009 17.133527509843322
96.30020840014332 17.133806457613357
96.2997792447101 17.134487737786642
96.30026204620324 17.136263354529966
96.2994734739101 17.13629017755993
96.29888339334332 17.136365278129965
96.30010647654332 17.136654956416606
96.29969878214331 17.137105566359928
96.29817529014005 17.13764736938664
96.2977407727101 17.13802287875993
96.17609722232996 17.1382642747
96.17603284575343 17.138752438189897
96.17579145152996 17.139342518756678
96.17606503730326 17.139814583210104
96.17753488324657 17.140088168983393
96.17607576129674 17.140774811153427
96.17763143832671 17.14105376544657
95.77284864884332 17.14167603104007
96.60697802867165 17.142872291210104
96.60912378952996 17.142979583329968
96.60762175855993 17.142984945326713
96.60835667827003 17.143001037840072
96.27823045094007 17.150543387673288
96.27773692806267 17.150822335443323
96.27820899642995 17.15092425904332
96.27765109762834 17.151106645210106
96.27868642940325 17.151278307383393
96.4025937601166 17.152383374470034
96.40465905034006 17.15266232224007
96.40387585308989 17.153542087616607
96.40345205965342 17.153815673389893
96.40333941034332 17.1538371279
96.40227725879998 17.1541428987
96.19845625265994 17.15455595509675
96.34528566481661 17.15469543395993
96.34569872162535 17.15470079595668
96.40259375857165 17.154786625326714
96.40245428297003 17.154791993846572
96.3443790764101 17.155441084186645
96.34480286984657 17.155467907216607
96.34478677081012 17.15570930144007
96.34459365412673 17.15592387915668
96.40052310308988 17.156235011953427
96.34609568746566 17.156454958189894
96.34662139732671 17.156717813446573
96.39964333771334 17.156825099043324
96.34626734898664 17.156916292126713
96.34714174584332 17.157028946243322
96.34684670555993 17.15766194235343
96.33396141778991 17.157828242529966
96.345924026597 17.157860427556678
96.34509791012997 17.157967713153425
96.34567726450601 17.15805891275993
96.34636927258666 17.158219844416607
96.34573627256268 17.15842369161661
96.17826444095992 17.15871336990325
96.3329850908101 17.15862217029675
96.3462834415 17.15872946241661
96.17830198798339 17.159045957210104
96.31985840401012 17.159110333786643
95.52487305424333 17.160113477273285
96.31964383281661 17.159555575210106
96.33276515109675 17.1596360443
95.5248408692166 17.161121983082836
96.18414918844657 17.160730382174656
95.52485696172997 17.162200228529965
96.34072055561012 17.163691528983392
96.33540980270001 17.163847098643323
96.33563510612672 17.16389537618339
96.34132673692997 17.16401876081661
96.34066691607329 17.16426552355993
96.33521131749674 17.164292346589896
96.34056499247329 17.164860972646572
96.30819062940324 17.164903888189897
96.30805115225667 17.165375952643323
96.35172830784333 17.17012894829675
96.3514708145834 17.170590288756678
96.35134206795342 17.171099906756677
96.35122405184008 17.171571971210103
96.35115968178664 17.171968941616605
96.34283412989674 17.174763791613355
95.53349900841334 17.175643556989893
95.53350973892996 17.17590641224657
96.34302725310326 17.175139300986643
96.34329547035668 17.17696856378989
96.3436334261834 17.177606921896746
96.5379379935899 17.179516653789893
96.20443755522672 17.187514969040066
96.20416396945343 17.187992402013357
96.57846624318664 17.196747104529962
96.57870227541335 17.208731315603252
95.55737595075342 17.22075829765668
96.51464576638665 17.23691587114332
96.47614525704032 17.23872903817166
96.60520777547003 17.25083126371336
96.6031156574101 17.250836625710107
96.60474107301334 17.25092782531661
96.60246120678988 17.251142396510105
96.60438702467329 17.251255050626714
96.60215543598989 17.25143744331661
96.60436556364006 17.251598374973288
96.60437093215992 17.251871960746573
96.60186038918339 17.25240303051011
96.60346434375342 17.252800000916608
96.60385594564006 17.25334180394332
96.60246120678988 17.254339578910106
96.59932302798339 17.25630295034007
96.60112546775667 17.256576536113357
96.60175847038988 17.256597997146574
96.6003637250166 17.256608721140072
96.59948932815993 17.25698423051336
96.59991311507328 17.257155892686644
96.59887241804006 17.257252454289898
96.59364749621659 17.259119259310104
96.59326662484656 17.259505499200003
96.59409273764007 17.259746899946574
96.59318615575668 17.260058032743324
96.59560013712996 17.260197509889895
96.5946881867267 17.261619071770035
95.80872575501334 17.263593171759677
96.58258073592671 17.27832381680325
96.58248954284332 17.278533026
95.73009416775344 17.287336006056677
96.55550103644333 17.287947547656678
96.57397624107328 17.29709399068664
96.57340224649674 17.29741049200325
96.5739065025 17.297743079310106
96.64266759145667 17.3045397772
96.55264181364657 17.3050493952
96.55329090227005 17.305172773310105
96.55915955724333 17.30625101908339
96.55868212427004 17.306385127710104
96.55819396730325 17.306524604856676
96.55904690312673 17.30732926314007
95.86698871625993 17.35920852010325
95.86703163180326 17.36064617449675
95.86725157151662 17.36191754175993
95.86764853515967 17.36195508878339
95.86484295214007 17.363221089243325
95.86536330065668 17.363296189813358
95.86684387711661 17.363655606673284
95.86780410505992 17.363719976726713
95.86766462791336 17.364020385529965
96.01226802314008 17.379244692729962
95.86449426579675 17.383659592882836
95.86454254985992 17.383723964326713
95.86455327385343 17.384142389243323
95.86416704048665 17.384587637189895
95.8637539840899 17.3855264041
95.856758803606 17.38807985609675
95.85969849288338 17.388745045473286
95.85940345259999 17.388846969073285
95.85807308380325 17.38899180821661
95.85893675014333 17.389120551825343
95.85884555705992 17.389168832386645
95.858282293 17.390922988096747
95.85739180191335 17.391303865989894
95.85747763471662 17.391303865989894
95.85708603152534 17.39140042107003
95.85728988002997 17.39156135272671
95.85673198122834 17.3916310913
95.85976823145668 17.392290910440067
95.85497782054006 17.392403564556677
95.85453794111336 17.392526949189893
95.85200594362672 17.39532716564657
95.6472837176 17.40488115792671
96.5205734294166 17.41672052985668
96.52062706895344 17.417208693346574
96.52080946164332 17.41783095894007
96.5208577391834 17.418093814196748
96.52048222981011 17.418378130486644
96.52086310770326 17.41838886100325
96.52102940135669 17.41890920505668
96.52057879141336 17.418952120599997
96.5186154199834 17.43147799631661
95.65071156645342 17.43790990882671
96.52610949055993 17.43766314608339
96.52622750667328 17.43788308579675
96.52630260724334 17.438108394029967
96.5263508847834 17.438419526826713
96.52639916884658 17.43873602814332
96.52666202410325 17.44007712745668
96.52487567684332 17.440243421110104
96.52485958432997 17.440554560429966
95.81743775174331 17.456384902083393
95.81735192065668 17.456760411456678
95.81738410568339 17.45989336002671
95.81671355602671 17.45990409054332
95.81735728265343 17.460295692429966
95.81665454797003 17.460676561053425
96.60112010356266 17.481903491510103
95.64166182365342 17.48288517983433
96.64225453334333 17.50367237161661
96.64238328168989 17.503683097670034
96.57834822707329 17.504128343556676
96.6684542626 17.544307842303255
96.26500184534657 17.59782859629675
96.04920191714007 17.602876499408993
96.24179523785668 17.61332635064332
96.01908081354333 17.625374931770033
96.01732665611661 17.625385662286643
96.01884478131662 17.625568048453427
96.02840950239676 17.625584147489896
96.01726227954008 17.626286882173286
96.0349272477101 17.62681259268664
96.03662240188665 17.626860870226714
96.01627523508989 17.627456319313357
96.01688140817004 17.62798202982671
96.02040045834659 17.629977588343323
96.22312712791661 17.63050329885668
96.22311103540326 17.630508665316608
96.22242438671012 17.63058376588664
96.01736420314008 17.63125431489101
96.02043264337328 17.631468891172535
96.02084033777328 17.631468891172535
96.0208617922834 17.63151180434007
96.0201483270834 17.63178002811661
96.01742857971661 17.631801482626713
96.01226266114332 17.6318712212
96.01731056360325 17.63206970640325
96.02275006314332 17.632434485259928
96.0128527417101 17.632568593886642
96.01277227914332 17.63307821360325
96.01344819079677 17.633164044689895
96.02292708731336 17.63341616836567
96.02425745782672 17.63345908390899
96.0119247053166 17.633603924116606
96.21220520677005 17.633512727359673
96.2122105752899 17.633577101086644
96.0138290686899 17.634542691026713
96.21215692922996 17.63434957434332
96.01681703657167 17.63538490285668
96.21236077642996 17.63782570725993
96.21368041471011 17.638088562516607
96.0200464034834 17.639150711972533
96.02067940611661 17.643034536570035
96.01908081354333 17.64341004594332
96.02257840097005 17.652701189489896
96.06402933330324 17.659117009486643
96.01229484617005 17.66058149017166
96.05237228097329 17.661826032859928
96.00970383891011 17.669416794053426
96.00878116451337 17.670006883889894
96.18879496345343 17.69707564525993
