95.70747785872672 16.084821360573287
95.7035511206733 16.085727944516606
95.53920673344658 16.090019459710106
95.70076162992672 16.151661922956677
95.7672106658166 16.153158591929966
95.76429779524332 16.159499311356676
95.49059433088989 16.16100670823733
95.505947450391 16.161414400440073
95.66407965399999 16.168903244556677
95.74555973707328 16.169573796959927
95.69682416135669 16.1710490049
95.5725198634267 16.219934924259928
95.97778545430324 16.29806232383433
95.4740451555166 16.38287912989675
96.01839953337004 16.473162267146577
95.34251501250324 16.589183925296748
96.52976801135993 16.588513378386644
96.2838094259101 16.611853880383393
95.62308469851334 16.66512788100325
96.19962569151662 16.683914147400003
96.0557572142834 16.686177924371663
95.58541587999673 16.696161075346573
96.03936360857004 16.697373429746577
96.03913830685994 16.697797216659932
96.03909539131661 16.698070795910105
96.4213047873166 16.70186879385668
95.61368626799674 16.703907265856678
95.6140081313101 16.704395429346576
96.04293093628664 16.70812368439401
96.04359612394657 16.708134413605997
96.04326889211336 16.70814514216567
96.04221210908989 16.708263158931338
96.24667147642671 16.710097922526714
96.27010338905993 16.71406221618664
95.73204144667002 16.720349289553425
95.53055395452995 16.731657450589893
95.53030182978989 16.73167354310325
95.54007039978664 16.732258261673287
96.1261010163899 16.7630768783
95.65880644811335 16.763720606231338
96.13474842507003 16.76952488504007
96.1401664701 16.775136049472536
95.99607805487003 16.779524130073288
95.29444441184032 16.78225996995343
96.11104293009674 16.786127705082833
96.11536127655992 16.798653716010108
95.68531731325666 16.81186623561336
96.44604024228339 16.836311945826715
96.44606706531334 16.836671362686644
95.66768452874007 16.845072010683392
96.71462049704006 16.8584025464
96.039025652503 16.864528688110106
95.81856427570898 16.87123955491336
96.23535795682673 16.873819829940068
96.2372515896834 16.878985888513355
96.78464758474007 16.888427235259925
95.64719788716566 16.88963958794332
96.13679226558989 16.890567630859927
96.1368244506166 16.891313281086642
95.93879162555342 16.901065758570034
96.07643182438665 16.910228155486642
95.94360885949999 16.911097190346574
95.94319043654032 16.91131176154007
96.06817600935342 16.911821379540072
96.06796680015667 16.9121807964
96.0911946525 16.91283525354332
96.55549030699102 16.9135058032
96.53644668661337 16.9155442752
96.53496611015343 16.916558146594006
96.7065309839 16.91648304537166
96.1423980605 16.920399194553426
96.5173118742166 16.92007196924332
96.1421352052433 16.920554764213357
96.51683980519701 16.92022217038339
96.1098252154166 16.92072642364007
95.9362808791 16.922936558603
95.9366993040166 16.923017024431335
96.08742884610325 16.922979473356676
96.08437649838339 16.923714399589894
95.97139108709999 16.923869962726712
96.51770347610326 16.928504803983394
96.51865297352998 16.92958304804007
96.51882999770001 16.93061301520899
96.51916259152998 16.930773946865667
95.9317050476166 16.93293579804007
95.93115787737464 16.933075275186646
95.93117397054031 16.93371900181336
96.53882848076267 16.942854575699997
96.27842893614331 16.952843085410105
96.27787640259999 16.953245417813356
96.2786005983166 16.953250779810105
96.27888490808338 16.953540458096747
96.27924968694006 16.953856959413358
96.28269899682671 16.954216376273287
96.28211964025343 16.954286114846575
96.28313887625342 16.95456506261661
96.28107894974332 16.95459724764332
96.2821893788267 16.95460260964007
96.2813632595101 16.954822549353423
96.28364849425341 16.954876195413355
96.28264535728988 16.954951295983392
96.28049959317002 16.955042495589893
96.28213037077003 16.955375082896747
96.2823020329433 16.955691584213355
96.28147055162995 16.95592761644007
96.28172804488989 16.956163655189897
96.28213573928988 16.95654452655993
95.636544188491 16.960299747246573
95.62732278417002 16.977707222740328
95.62775193960324 16.97773404446567
96.59620094992997 16.97976178701336
96.56276464400898 16.984450274329966
95.617993883291 16.9959998295899
96.30581956357328 17.008338086397004
95.43781399619999 17.013369891296747
96.29053102494657 17.01370248667166
96.30202156562672 17.018857674899998
96.29541262894656 17.018932775470034
96.30245072105993 17.019050791583393
96.30284232294656 17.01922245375668
96.29534825237003 17.019260007303252
96.30335194094657 17.019378023416607
96.29589542391659 17.019544317070036
96.29607781008337 17.019710617246574
96.29592224694656 17.020273874783392
96.30570690774006 17.021099994100002
96.30620043435968 17.02135748735993
96.30676369900326 17.022119230100003
96.06388449415992 17.035197634553427
96.06331586810325 17.03538002724332
96.1525904222166 17.040771247526713
96.16969212632671 17.04217149499675
96.1693541705 17.04375399505668
96.30352896511661 17.044027582889896
96.3037113512834 17.044327985170035
96.30366843574006 17.04476786459675
96.5949027644433 17.044488916826715
96.30828182385991 17.049520726773288
96.18588725164332 17.049649468596748
96.59060051547166 17.04925787151661
96.17507798461335 17.04999815494007
96.30844811751335 17.049992792531334
96.17512090015668 17.05021273265668
96.17529256232996 17.050438040889894
96.30877534934658 17.050325385382834
96.1752871938101 17.05071698865993
96.17525500878338 17.05113540705343
96.17524964678664 17.05183277974007
96.17525500878338 17.052090273
96.17517990821335 17.05234239774007
96.17519063872996 17.052970031853427
96.17511553815993 17.053238255629964
95.55028957801011 17.05506215162997
96.57833749655667 17.055126526489893
96.57885784507329 17.055164073513357
95.55757980310325 17.071386018770035
96.16366254450324 17.083434599796746
96.24793211317329 17.08338632225668
96.32285174195668 17.08374573911661
96.5907829031834 17.11146895419675
96.59073998764006 17.111839101573285
96.59055759992833 17.113298218716608
96.59093310604007 17.11342159682671
96.1248294391267 17.116007240373285
96.12484016964332 17.11635055819675
96.61183281118664 17.124413253525343
95.5238109027 17.132974976299998
96.14321881129675 17.132991068813357
96.1432241798166 17.13329147761661
96.30244535254008 17.133522144825342
96.30021912585343 17.133806457613357
96.30219322779999 17.134219514010105
96.30058927322996 17.13445555275993
96.29980070550299 17.134482375789894
96.30172116334657 17.134809601100002
96.3010720682 17.135394319670034
96.30031032545992 17.136257986010108
96.299591493697 17.136300901553426
96.30012793277004 17.136660318413355
96.29973633284033 17.137089473846572
96.1760918538101 17.138248180470036
96.17602212175993 17.138763163728342
96.19155226917329 17.142164194529965
96.19234619694008 17.142620166470035
96.19395552174657 17.143226346073288
96.60624310398339 17.142861567216606
96.60698339221335 17.142872291210104
96.60614118038339 17.143317539156676
96.60608217232671 17.143891528926716
96.60609826484006 17.144610362646574
96.28353584446266 17.144942949953425
96.60602316427003 17.1452862743
96.28263998877003 17.145752976756675
96.28238249551009 17.146230409729966
96.60763248255341 17.145930000926715
96.60914524404006 17.145962185953426
96.60634502758339 17.145972916470036
96.6117791651267 17.145983646986643
96.14945761364658 17.149282750926716
96.27820899471334 17.150543387673288
96.27773693025992 17.150822335443323
96.2782036327166 17.15092425904332
96.27761891414656 17.15109592121661
96.34515691818666 17.154309192353427
96.34561289012672 17.154577416129968
96.20029087265343 17.154791993846572
96.34526420378339 17.154663247216607
96.34438444492997 17.155441083774654
96.34480823184333 17.155473270105993
96.14879778798338 17.157152324353426
96.1855707517 17.15933563549675
96.17354913061335 17.16015102429675
96.17338819895667 17.160392426759927
96.18347327027004 17.160623096989895
96.17349548455343 17.160719652070036
96.1841438199267 17.160730382586642
96.17329700587328 17.1612560931
96.15938175330325 17.164109953900002
96.15843761656865 17.16417432395343
96.15934419975667 17.1644157247
96.37783705548989 17.16674401498664
96.37750446165992 17.166765469496745
96.3517658565834 17.170118224303252
96.35146545169401 17.170590288756678
96.35240958321012 17.17061711178664
96.35136352809401 17.171099906756677
96.3774293610899 17.171217924929962
96.35125087593434 17.171561247216605
96.37653886519675 17.171834828526713
96.35119186722534 17.171963573096747
95.53350437343133 17.17563818847003
95.53350437343133 17.175906412246572
96.37318054481662 17.176078067896746
95.60222791234332 17.178089723389895
96.2534791131166 17.18083629378664
96.25348447511334 17.181034778989893
96.2534898371101 17.181227895673285
96.20444292089701 17.187509607043317
96.20426589607466 17.18798704001661
96.1057482697 17.19605509864657
96.61753516598338 17.221391300289895
96.6872564842567 17.229470084629966
96.47474514599674 17.237613243829962
96.47495436171661 17.238541284137327
96.4759843217101 17.238723674629963
96.61121053907003 17.241035732403247
96.60729989524657 17.243460437770032
96.60787924529674 17.243487260800002
96.59946250512996 17.256115198400003
96.57396551096866 17.297083258110106
96.57361146067166 17.297389028910104
96.57390113830598 17.297743082468664
96.66217791322671 17.298960800513356
96.55265253764009 17.305060120910106
96.55329090227005 17.305172775026712
96.78323674946267 17.346623636329966
96.52056269890001 17.41639852579101
96.69096349750325 17.45938374202671
96.69060944264007 17.459716335856676
96.69551786967003 17.47159312020325
96.69679996092671 17.4724245998
96.59138908450325 17.47693606294657
96.66847035511336 17.544323932070036
96.24056142414008 17.60434634641661
96.2403092994 17.604405354473286
96.02459005165669 17.632740251253427
96.02425745782672 17.63345908497329
96.02304510514332 17.636168106629967
96.01836734834333 17.664508231486643
96.18879496345343 17.697075642891008
