96.10235260587328 16.51180217965993
96.10111342820298 16.512118674453426
96.30314809374657 16.554610231073287
96.29654988105992 16.608420665859676
96.29001067642996 16.608458216927467
96.29487082420324 16.612100643126713
95.59282948319999 16.622309099073284
95.59223403411335 16.622314461070033
95.59251835040325 16.622684608446573
95.59288849125667 16.622754340496748
96.50384186135344 16.641916122889896
95.90383699064657 16.662279382199998
96.04810758057005 16.703322547286646
96.04435250184034 16.703955543396752
96.04565605217329 16.704717292659932
96.04493185645669 16.704867493800002
96.0464821714899 16.70508743351336
96.04869766765992 16.705108894546576
96.0514656990899 16.705344926773286
96.04820414217329 16.70548976591661
95.85177527820325 16.70589209179675
96.05011386754333 16.705715067626716
96.04971690365994 16.705806260710105
96.05103118165994 16.70604229945993
96.04936284879676 16.706181770083397
95.88088272057465 16.70640707831661
95.88060377149999 16.70647144837004
95.85315928825344 16.71306979944007
96.27009265854332 16.714062212410106
95.84574032607466 16.738829653046572
95.8457778766 16.739006677216608
95.84579396911334 16.739189063383392
95.84582079214331 16.739382186589893
95.6699804957166 16.739634311329965
95.8472960018 16.739612850296748
95.84682929934331 16.73972014241661
95.84636259517004 16.739795242986645
95.84593880825668 16.739827428013356
95.84751594151335 16.73994544412671
95.67010387382672 16.74036386904332
95.66969081742997 16.74040142258989
95.84754812654006 16.74031022298339
95.84759641060324 16.74076083292671
95.66951915354008 16.7426651963
95.66957279959999 16.743035337153426
95.66959425411011 16.743394754013355
95.6695835301166 16.7437863559
95.68571428057328 16.752256882470036
95.74870863952997 16.755829576989896
95.74865499347004 16.75646793509675
95.66222893668663 16.756848812989894
95.66274391668338 16.757015106643323
95.66228258274657 16.757422801043322
95.66254543800325 16.757433531559933
95.65892982794007 16.763742064002997
95.65862942565992 16.763795708105995
95.66035675834007 16.764063927968664
95.66007244857329 16.76406929257466
95.65868306519675 16.764106842859675
95.66004026354656 16.764267778189897
95.88768477915667 16.801185715213357
95.82664306420325 16.81989674069675
95.75517295187328 16.85399300685343
95.87279299602997 16.8621737196
95.63944632748338 16.86568203925993
95.64337843405667 16.870418804116607
95.64569049182995 16.870483174170033
95.64635031097004 16.87049390468664
95.70807330781335 16.87640561348664
95.70759051284332 16.876443160510107
95.70719891095668 16.876507537086642
95.70679657855342 16.876545084110106
95.70567005695668 16.87665773822671
96.01933830680326 16.885938151599998
95.64026708480324 16.887386536510103
95.64940802068664 16.88744018257003
95.64108783559999 16.887520651659926
95.65026632502996 16.887547474689892
95.6400900541101 16.889237255540067
95.63999349902997 16.89072319399675
95.63962872017328 16.890991417773286
96.13684590684332 16.890583723373286
96.13692100741335 16.891291820053425
96.51345486821336 16.89554042794332
96.51358897684008 16.896854704226712
96.1292606479899 16.901103312116607
96.1289548771899 16.901269605770032
95.9522509061834 16.906741296859927
95.95104391549674 16.90785708794007
95.95033045029675 16.90816285874007
95.9465431893899 16.908382798453424
95.94604429538339 16.908586645653426
95.72157013718339 16.910367626110105
95.94170986292995 16.910319346853427
95.94357130856267 16.911048907828338
95.94219801989675 16.911070365599997
95.94312606281335 16.911317130059928
95.71423700307002 16.913178577889894
95.71425309558339 16.91380621200325
96.55550103644333 16.913521895713355
95.69975312444333 16.915646198799998
95.70041294358339 16.915710568853427
95.70008571827329 16.915715937373285
95.69829936929675 16.916606426417164
95.69830473781661 16.91672458295668
95.69883044743733 16.916740675470038
95.72040069832671 16.916987438213354
95.71331969067003 16.91798521970325
95.7132338595834 16.91820515941661
95.71097008587329 16.918312445013356
96.53496611015343 16.917566794786644
95.71327141312997 16.91843046112671
96.53822230335669 16.917641895356677
95.63631888417166 16.918779147470033
95.77597072861334 16.91865576935993
95.71074477764006 16.918773785473284
96.5382437643899 16.918108597813358
96.53598534615344 16.91833390604657
95.63750977908339 16.919428239870037
96.53990136021336 16.91868795438664
96.53938638021661 16.918709408896746
96.54034123964007 16.91894008290325
96.53109838015669 16.918977632673286
96.51211376890001 16.919079553526714
95.63792284200325 16.919986135410106
96.53478908598339 16.91909564604007
96.53898404609674 16.919111738553426
96.51250537078664 16.919219030673286
96.53111447267004 16.9194389666101
96.53836178050327 16.919573079013357
96.53112520318665 16.919803751989896
96.14241951501009 16.920415290843323
96.51727968747329 16.9200666045
96.1420922897 16.92056549198339
96.51687735507004 16.92021680564007
96.10983057741336 16.920721064389895
96.53769123084658 16.920495753410105
96.53871582884332 16.9205762225
96.51580447301012 16.920629868559928
95.70955388427328 16.921606185240073
95.70943049964006 16.921788577929966
96.53717624432673 16.921107295010103
95.7094036766101 16.921970964096747
96.5384476115899 16.9212092186101
96.54044316324007 16.921665197073285
96.51435072610326 16.92170274409675
96.53994427575668 16.921724205129962
95.71110955649675 16.922979473494006
96.51556307878664 16.92219626958339
96.54036806267004 16.922180177070032
96.53880165992996 16.922228454610106
96.53985308267329 16.92225527764007
95.70884578107004 16.923102854865668
96.51585811907003 16.922303561703252
95.93627014858339 16.922909734783392
96.53820621084333 16.9223089237
95.71095399335994 16.923140405672534
96.53669344935669 16.922357201240068
95.93668321150325 16.923086758953424
96.54027686958665 16.922754171646574
96.53978334410002 16.922839996210108
96.53369474941337 16.922979473356676
96.51715630284008 16.923017026903253
96.53832958895343 16.92302775089675
96.51679689250327 16.923054573926713
96.54648348038666 16.92306530392834
96.53781997095344 16.923081396956675
96.53738009152673 16.9231243125
96.54682143621335 16.923129676917164
96.53526651895669 16.923151135529963
95.81388651825668 16.923891423759926
96.5365217871834 16.9232262361
96.53571176690326 16.923236966616606
96.53612482330001 16.923242328613355
96.54288396764332 16.92337643724007
95.93655446487327 16.923987978840067
96.53552401221661 16.923403260270035
96.54369935644333 16.923403260270035
96.54135511364333 16.923462268326713
96.54204175581336 16.92351591438664
95.66294776388338 16.92442249798664
95.66350029742671 16.924481504326714
96.54114590444658 16.923612475989895
96.54050753981662 16.92362319998339
96.53869436781011 16.923805592673286
96.53738009152673 16.923864600729964
96.53780924695994 16.923864600729964
95.66180514977329 16.9247443613
96.53820621084333 16.923912878270034
96.53674709541662 16.923987978840067
96.53578686747329 16.924052355416606
96.53534698804657 16.924079178446576
96.53505194124008 16.92408454044332
95.66146719394656 16.92504477010325
96.54369399444658 16.924175733526713
96.53990136021336 16.924224017589893
95.71416726449675 16.925162786216607
96.54169306947004 16.924379580726715
96.54081867261337 16.924411765753426
96.54234752661336 16.92454051238339
96.54360279484007 16.924840920534333
96.54621525661011 16.924873106865668
96.53889821501011 16.92491602240899
96.54255673581011 16.92492138636267
96.53823839587005 16.924942844134332
96.53765903929676 16.925039403128338
96.53689193455995 16.925076954065666
96.54050753981662 16.925076954065666
96.53515923335993 16.925189606225345
96.54544815187329 16.92518960622534
96.54701992141662 16.925248614934333
96.53429556049676 16.92527007270599
96.5425138267899 16.925264708100002
96.5462849951834 16.925312987727466
96.5323858334101 16.925425641473286
96.53201569255668 16.925441733986645
96.53170992175669 16.925452464503252
96.54258892735993 16.925640219189894
95.7029824946166 16.926557531589893
96.53217662421336 16.925768959296747
96.53367329490325 16.92582260535668
96.5311091106733 16.925827967353428
96.53153289758666 16.925838697870034
95.70296103358339 16.926782833300003
96.53999792181662 16.926042545070036
96.54645665735669 16.926047913589894
96.53660761827004 16.926198114729964
96.53532552701336 16.926230299756675
96.53496611015342 16.926262484783393
96.53441894512997 16.92632686135993
96.54104934284332 16.92632686135993
95.715433265609 16.92715297415343
95.70210272924007 16.927179797183392
96.53415608987329 16.926380500896748
96.53979407461662 16.92647170050325
96.54277668204658 16.926498517010106
96.54461666884333 16.926503885529964
96.54382810307328 16.92651461604657
96.53180111484008 16.926798925813358
96.54078648758664 16.926890118896747
96.51506955330001 16.92692231044657
96.51556307878664 16.926938402959927
96.53959022741662 16.92692231044657
95.70215101330325 16.927818161813356
95.72004664998664 16.92783425432671
96.53143097398664 16.927061781070037
96.54570027661336 16.92709396609675
95.72075475034032 16.92800055450325
96.54473468495668 16.927201258216606
95.70212419027328 16.928048832043324
96.54348477872672 16.927228081246575
96.5429322451834 16.927276358786642
95.72043825187329 16.928145393646574
96.54055581735668 16.927330004846574
96.53923617255343 16.927458744953427
96.52841618152996 16.92748556798339
96.54393538867004 16.92749093650325
95.71746100644008 16.928343872326714
96.51390547815669 16.927598222100002
96.54571636912672 16.927775246270038
96.54028760010326 16.927850346840067
96.53888212486567 16.928070286553428
96.5360443542101 16.928118570616608
96.53821157284008 16.928129294610105
96.53659688775343 16.92816148615993
96.53455841575342 16.92819903318339
96.53509485678339 16.928225856213356
96.53979407461661 16.928300956783392
96.5377126853567 16.928488711470035
96.15077188992996 16.928933959416607
96.53852807456866 16.92856381204007
96.54131756009676 16.928842759810106
96.53967605850326 16.928853490326713
96.54053436284659 16.92887495135993
96.53582441449674 16.928950051929966
96.53500366370001 16.929014421983393
96.53663444130001 16.92913780661661
96.15049830415667 16.929706432673285
96.53983162164008 16.92957768604332
96.53911279444333 16.92959377855668
96.53422045992673 16.929679609643323
96.53754639170324 16.929904911353425
96.49716833834006 16.92997465164332
96.53877483665968 16.929958557413357
96.53591561410326 16.92998001844657
96.53485882455668 16.930157042616607
96.5364520486101 16.930167766610104
96.47619353653732 16.930269691926714
96.47656368 16.930317975989894
96.53543818112996 16.93027505742534
96.47694455137002 16.930371615526713
96.53703677370326 16.930344794694008
96.47604869739399 16.930462808610105
96.53819548032672 16.930430625128338
96.51884072821662 16.930613016273284
96.47613989243433 16.930666655810104
96.47710548302672 16.930709571353425
96.53409171329676 16.93073103197466
96.51919477655669 16.930773947929964
96.47616671415967 16.931063626216606
96.53470325489675 16.931026072670036
96.51683444059103 16.93104753370325
96.53550791970326 16.931063626216606
96.51887827524007 16.931133364789893
96.53760539975994 16.931342573986644
96.4915357221166 16.931417674556677
95.71580341061662 16.93222233284007
96.51311155038991 16.931433767070036
96.49185758542995 16.93145522810325
96.51348169124333 16.931433767070033
96.51274676501012 16.931439135589894
96.4922599113101 16.931514236159927
96.5379701786166 16.931535690670035
96.5392737243834 16.93160006724657
96.47622572286866 16.93171808335993
96.53254140307004 16.931744906389895
96.5365217871834 16.931750268386644
96.47574292748664 16.931889739010103
96.53294373547328 16.931911200043324
96.53744446810326 16.932007761646574
96.53784143198665 16.93215796278664
96.51709193189402 16.932179417296748
96.53265405718665 16.932190147813355
96.53911816124658 16.932200878329965
96.51676470397467 16.932243793873283
96.53236974089675 16.93231353244657
96.49741510108339 16.932367171983394
95.93169968252997 16.932941166559928
96.4978442565166 16.932399357010105
96.53689729655667 16.932410087526712
96.49135869794657 16.932458371589895
95.9310827724101 16.933107460213357
96.53774487038339 16.932560295189894
96.54106007335994 16.93261930324657
96.54135511364333 16.93263539575993
96.49227601034656 16.93273195084007
96.53578149895344 16.93269440381661
96.53642523210326 16.932705127810106
96.53690265855343 16.93276950438664
96.51899092935668 16.932849966953427
96.5186154199834 16.932925074046572
96.4922599113101 16.932957259073284
96.53768586232673 16.932946528556677
96.53907524570326 16.932957259073284
96.4965997122834 16.933016267129965
96.49179857737329 16.933086005703252
95.93114714898664 16.933729732329965
96.4922599113101 16.933204021816607
96.4963368570267 16.9332952149
96.51856178044657 16.933354222956677
96.53603899221336 16.93333813044332
96.51734942124008 16.93343469204657
96.50664207781011 16.933509792616608
96.52876486787329 16.933536615646574
96.53937028598665 16.93381019489675
96.51881390518665 16.933928211010105
96.53582978301661 16.933922849013356
96.53037955295994 16.933976495073285
96.50728581095993 16.934019410616607
96.53924153935668 16.934083780670036
96.53744446810326 16.9341106037
96.50676010044657 16.93415351924332
96.49188977045668 16.93426617335993
96.53884993747005 16.934330543413356
96.5296017111834 16.934405643983393
96.4915464461101 16.934448559526714
96.52930130890326 16.934512936103253
96.53674172689675 16.93491526198339
96.53052439210326 16.93501718558339
96.53746056061661 16.935044008613357
96.49697522165667 16.935387332959927
96.5386621827834 16.935435612216608
96.53800236364333 16.935457066726713
96.49672845891335 16.935752109859674
96.53776096289675 16.935778930040073
96.51191528850325 16.936572864329964
96.51096042255668 16.937372160616608
96.51025768787329 16.937398983646574
95.66012072611335 16.93828947301661
96.50941011404657 16.937457991703248
95.88883812378339 16.938090987813354
95.6607376297101 16.938353843070033
96.1234507927899 16.93791932564007
95.88724489972995 16.938214372446573
95.6588010861166 16.938445036153425
96.50983926295669 16.937640377870032
95.66005098754007 16.93853086724007
95.658221729303 16.93861669832671
96.12456122187328 16.93817145690325
96.12443783724007 16.938450404673286
95.88735755384657 16.9387883605
96.50827822392998 16.93818218089675
96.5347569009567 16.93816608838339
95.88820512767327 16.938960022673285
96.41487823680325 16.93853086724007
96.50926527490326 16.93853086724007
96.12474897655993 16.93908876930325
96.53453159924658 16.93873471444007
95.8888810393267 16.939539379246572
95.8873521853267 16.939609111296747
95.66527591588664 16.939866604556677
95.66485212897328 16.939871966553426
95.88809783555342 16.939780773470034
95.66443906605343 16.940403045586642
95.88880593875666 16.940183105873288
95.88746483944331 16.94041377610325
95.66426204188339 16.940639077813355
95.88901514795342 16.940816101983394
95.66228258274657 16.94112724130325
95.8872395312101 16.9410199509
95.8879637269267 16.941030681416606
95.66162275708339 16.94127744179101
95.6588708246899 16.942001633353428
95.6584631302899 16.942098194956678
96.41929849862672 16.941422280934333
96.41960426942671 16.941593941802996
95.65204730377002 16.94331591615993
96.5388553059899 16.942833121189892
95.65287878508339 16.943739703073284
95.66330181874656 16.94376115758339
95.663709510297 16.943777250096748
95.66369341713133 16.94401328884657
95.66329645022671 16.944024012840067
95.6630711485166 16.94436733718664
95.66417621079674 16.94449608381661
95.65979350080325 16.944506807810107
95.66543148554656 16.94463019244332
95.66335545828339 16.944646284956676
95.6598095933166 16.94469456249675
96.46180621388339 16.94392208924007
95.66394554382833 16.944737478040068
95.66460536622995 16.944780393583393
95.65188637211335 16.94482330912671
95.70430213289674 16.944882317183392
96.4708666854834 16.94412057444332
96.47015322028338 16.944163489986643
96.46771778440001 16.94530610409675
96.46969724834332 16.945585058389895
96.4701424962899 16.945590420386644
96.470609195897 16.9456065129
96.46792163159999 16.94563869792671
95.66179441925668 16.947146095459672
95.70595973524331 16.947307030789894
95.70082600650326 16.947376762840072
96.50724825741335 16.94683495981336
95.74365001170324 16.947666441126714
96.51245709324658 16.947001259989893
95.74448149301661 16.947822010786645
95.74410598364332 16.947848833816607
95.74371974375342 16.947859557810105
96.50741991958665 16.9471246381
96.50746819712671 16.94742504690325
96.2819855316267 16.9477361797
96.51247318575993 16.947725449183395
96.28129352745992 16.948181427646574
96.28049423117328 16.94865885409675
96.53133978090327 16.9501823461
96.28421712202672 16.950455931873286
96.28475892505341 16.950514939929967
96.53199960004332 16.950370100786643
96.28365922477002 16.950659779073284
96.28362167774657 16.950938726843322
96.27957691877327 16.9513035057
95.6710909248 16.952134988729966
96.57752746975342 16.951271320673285
95.66933676737328 16.95225836684007
96.2790994858 16.95174338512671
96.57739872964657 16.951485898389894
95.66938504491335 16.952628514216606
96.27784957785343 16.9532293253
95.66511498422996 16.95607782410325
95.66587136497327 16.956238755759927
95.66627905937328 16.956523065526714
95.66560314119674 16.956721550729966
95.66593573502672 16.957080967589896
95.66403137426266 16.958169937597006
95.6631837961101 16.95888354084007
95.66381679874331 16.958969371926713
95.66288875582671 16.959082026043326
96.55841390358339 16.958443661413355
96.55807595118989 16.958556315529968
95.66378997571336 16.960052984503253
96.57910997022535 16.959162488610104
95.65949309199999 16.960385571810107
96.56127313290327 16.959613098553426
95.65972376222996 16.96063233455343
96.56124094135345 16.960128085073286
96.5595672482101 16.96017100061661
96.55912200678665 16.960289016729966
96.55869285478664 16.960358755303254
96.55779163798991 16.960390940329965
96.55634861116268 16.960460678903253
96.55724982844008 16.9605679645
96.57618100844331 16.9609756589
96.57614882341659 16.961259975189897
95.68009775034007 16.963673952100002
96.57800490272672 16.962939030329967
95.3305363018101 16.96424257815668
95.68069856794656 16.96408700849675
95.6828818742834 16.964119197986644
96.57716269089674 16.963250165186643
95.33005350684007 16.964644910559933
95.66631660639675 16.964768288670037
95.6661181277166 16.96500968941661
95.6802640505166 16.965063328953427
95.66657409965667 16.96526717615343
95.66697643205993 16.965481753870037
95.67997437222996 16.965540761926718
95.6684409094834 16.966291780673288
95.66845700199674 16.96656536383733
96.58151858438339 16.96958552261661
96.58159905347327 16.969902017410107
96.58169024655666 16.970213156729965
96.58178143964007 16.970518927529966
95.68038206573732 16.97273978741336
95.67959350085994 16.97277197244007
96.43775761050298 16.97221407714033
96.58195846381011 16.97253594021336
95.67868691245343 16.97381803147004
96.58464603136866 16.97293290409675
96.58203893289999 16.972948996610107
95.67914289091661 16.973919955070038
96.58437244518339 16.973024103703253
96.58213549450325 16.973324505983392
96.58453874535992 16.973501530153428
95.67984026360324 16.974413480556677
95.68017285393134 16.97456905021661
96.58227496512671 16.973882408046578
95.68200211542997 16.97508939221011
95.68147103639674 16.975153768786647
96.5823554342166 16.974429573070037
96.58245198929674 16.97497137609675
96.58262365147003 16.97523423135343
96.58263438198664 16.975486362616607
96.58240371175667 16.975658024789897
96.48671312617327 16.976736268846572
96.58305816889998 16.976784546386646
96.48619813965342 16.976945478043326
95.6748513692 16.978082731873286
95.67515714 16.9781149169
96.58319764604656 16.97742827366567
96.57069859335992 16.977766230556682
96.58310644644007 16.977889612168667
96.5831815470101 16.978243663529966
96.59470427924006 16.978463603243323
96.58356242490325 16.9785226113
96.58321373855992 16.97859234987329
96.5774738302166 16.978764012046575
96.59473110227003 16.978796197073287
96.57509740238989 16.97888202815993
96.58341758575992 16.978957128729967
96.59420539175667 16.979016136786647
96.58351414084007 16.979252169013357
96.58405058187003 16.979354092613356
96.59460772415993 16.979488201240073
96.5835892414101 16.97959549335993
96.58535949787327 16.97964913289675
95.69406149364008 16.980630821873287
96.59617949370325 16.979751056496752
96.58459238726566 16.979783248046573
96.58363752547328 16.97985834861661
95.69452819609674 16.98083466907329
96.58494107360899 16.980046103303252
95.69601950307329 16.98102778575668
96.58357851741661 16.98021775895343
96.58366434850325 16.980593268326714
96.5759557002101 16.98072201495668
96.58556334507327 16.9807649305
96.58638409587003 16.980893677129966
96.58374481107003 16.980947323189895
95.70019300387003 16.98200946821011
96.5864323734101 16.981140439873286
96.58383064215667 16.981338918553426
95.70013935781012 16.982417162610105
96.58640555690324 16.981558864789896
96.57913679260298 16.981725158443325
96.58457629409999 16.981832444040073
96.58414714347327 16.9818860901
96.5760576238101 16.98193973615993
96.58252709638988 16.982079206783396
96.57812291884007 16.98215967587329
96.58206038741011 16.982159675873287
96.5761595474101 16.982175768386647
96.58799341895991 16.982266961470035
96.58641091889999 16.98239034610325
96.58189409375667 16.982465446673288
96.58432952964006 16.982519086210107
96.58112698249674 16.98261564952997
96.57917434354032 16.982631742043324
96.57620783147328 16.983178910568665
96.57828385049675 16.983291561183393
96.58637873387329 16.983495408383394
96.5812235441 16.983629517010108
96.58212476398663 16.98366707055668
96.579131427997 16.98371534809675
96.58069247158988 16.9838119097
96.58644310392671 16.98388701027004
96.58773592569999 16.983999664386644
96.58264511250326 16.984005026383393
96.58728531575667 16.984117680500002
96.58670595918338 16.984192781070035
96.584731861803 16.985169101526715
96.58480159907165 16.985780643126716
96.58485524317464 16.986338545189895
96.3091240343166 16.99105384901336
96.30859832380324 16.991155772613357
96.30920986540325 16.991375712326715
96.30863050882996 16.991590290043323
95.9804622844101 16.995179072270037
95.97956107104656 16.995297088383392
95.98135278030324 16.99608029215668
95.9796039865899 16.996697195753427
95.69696363850325 17.00151993650325
96.3058624774 17.008305901129965
96.304435547 17.009373414670037
96.30368989677328 17.0094002377
96.3030193471166 17.00944851524007
96.30305689414007 17.009904493703253
96.30307298665343 17.010414111703252
96.58612660261011 17.010880814159933
95.43770134404032 17.01265106238339
96.5844850993 17.01154599529675
95.43781936080599 17.013353803589894
96.29054174894006 17.013702485126714
96.15750421124332 17.01427111118339
95.43729880620324 17.01511332301336
95.43659070300001 17.01553710992671
96.15716088689675 17.014877290786643
95.75321494244007 17.015649764043324
96.15691949267328 17.0161164665
96.15795482118665 17.01637395975993
96.15748275021011 17.016926493303252
96.30117935379674 17.01851435535993
96.30067510431661 17.018546540386644
96.30166215528989 17.018643101989895
96.30204838865667 17.01882548815668
96.29539652991011 17.018911319243323
96.30246144505341 17.01902397335993
96.30288523848989 17.01919563227166
96.30331974939674 17.019361928534334
96.29451677170897 17.019496038465668
96.29585250837329 17.01950140307166
96.29524632877002 17.01951749404007
96.29610463311334 17.019699886729967
96.29592760894332 17.020273874783392
96.54005692987329 17.023374498326714
96.53949902781011 17.023615899073285
96.54003546884007 17.023862661816608
96.5393541951899 17.02405041650325
96.17344720701335 17.025504165126712
96.1732487218101 17.026083521700002
96.16107690095669 17.026507308613358
96.16176354312671 17.026577047186642
96.16106617044007 17.02685063295993
96.16173672009674 17.02693646404657
96.15746665769674 17.027016926613356
96.56184712095668 17.026872087470036
96.15738619512996 17.027338789926716
96.17192371501011 17.02764992924657
96.1718110674166 17.028363394446572
96.1513780630101 17.028417033983395
96.17278738787329 17.02853505009675
96.17161258221336 17.02869061975668
96.15162482575343 17.028964205529967
96.17147847358663 17.02908758364007
96.17280348038665 17.02914659169675
96.15668882244333 17.029269976329964
96.17276592684007 17.029436269983393
96.15657080632997 17.029548924100002
96.16938099181336 17.029758135013356
96.15890431861335 17.029817141353426
96.15200033512671 17.029827873586644
96.15915644507004 17.029833235583393
96.17287321895992 17.029913704673287
96.1726157257 17.030074636329964
96.15883458004006 17.030112183353427
96.15051439667003 17.030139006383394
96.16891965135343 17.03014437490325
96.1608355002101 17.030224837470037
96.17262108769674 17.0303535841
96.16922542215343 17.03036431461661
96.16073894512996 17.03055206930325
96.1725138021 17.03061107735993
96.16911813655668 17.030895387126712
96.15787435209674 17.031238711473286
96.16891428935668 17.03128162701661
96.16964921558989 17.031571305303252
96.1688552813 17.031614220846574
96.15763831987003 17.03173759895668
96.17232068541661 17.031753691470037
96.16034734324332 17.031962907189893
96.16162407250324 17.032145293356677
96.16091060730324 17.03219893941661
96.18972300637003 17.03233304804332
96.16155969592671 17.032483249183393
96.17232604741335 17.03264418084007
96.18966399831336 17.032794388503252
96.17225630884008 17.032955320159928
96.16136121724657 17.033132344329964
96.16070676010324 17.033352284043325
96.16261648547328 17.033352284043325
96.16186010472995 17.033357646040074
96.17215438524008 17.033389837589894
96.16402732116268 17.03356686175993
96.16128074815668 17.03357222375668
96.17225630884008 17.033599046786644
96.16253065438664 17.033674147356678
96.16694555592997 17.033690239870033
96.163710821803 17.033792163470036
96.16071748409675 17.03382434849675
96.16477833729999 17.03385654004657
96.17228313187003 17.03385654004657
96.16702601849676 17.034060387246573
96.16971358564332 17.03406574924332
96.16188692775992 17.03408720375343
96.15884531055667 17.034167672843324
96.16425262678663 17.03418912735343
96.17204709964332 17.034242773413357
96.1610286234166 17.034403705070034
96.1665003079834 17.034403705070034
96.1695902010101 17.03457536724332
96.17200418409999 17.034596821753425
96.15862000884657 17.03474166089675
96.15916717558665 17.034747029416607
96.17040022952996 17.034822129986644
96.1719129910166 17.034961600610107
96.16684363232997 17.035074254726712
96.16952583095667 17.035074254726716
96.16210149895343 17.03519227084007
96.16711184958339 17.035476588846574
96.15643132918339 17.035540959140327
96.16962239255992 17.03580917615343
96.15602900330325 17.035836000728338
96.1630778194101 17.03593792432834
96.15627039752671 17.035986203825342
96.16941854535992 17.036029122389895
96.16250383135667 17.036109585327466
96.1665003079834 17.036136407986643
96.17171986781011 17.036334893189895
96.1608140457 17.036367078216607
96.16932734575343 17.036393901246573
96.16138267175668 17.036528009873287
96.16014885804007 17.036592379926713
96.17695552667328 17.036705034043322
96.17159112770325 17.036726488553427
96.1775885227834 17.036790865129966
96.15827132250325 17.03681768815993
96.16925224518339 17.036823050156677
96.17165013575993 17.036989343810106
96.17676777198665 17.036989343810106
96.16033125072997 17.03710199792671
96.17742222912996 17.037112728443322
96.1713926425 17.037139551473288
96.17152675112672 17.03733266815668
96.15453233432996 17.0373755837
96.17514772490324 17.0373755837
96.16635010684331 17.037563338386644
95.26601309022672 17.038518197810106
96.17500824840899 17.037616984446572
96.17166622827328 17.037675992503253
96.1662374527267 17.0379871253
96.1714248275267 17.037992487296748
96.1771218203267 17.038072956386642
96.15748275021011 17.038228526046574
96.17627960849674 17.038217795529967
96.1555462018101 17.03823925004007
96.1713926425 17.038282165583393
96.15879166449673 17.038427004726714
96.15583588009675 17.038587936383394
96.17043777655343 17.038577212389896
96.15769732792671 17.038625489929963
96.17144628855993 17.038818606613358
96.15588416415993 17.038872252673286
96.1726371802101 17.038915168216608
96.16756782804657 17.039183385470036
95.53153563698339 17.039923673700002
96.17249770958664 17.03936040964007
96.15614701941661 17.039494524789895
96.17137654998663 17.03971446450325
96.15629185855992 17.03973055701661
96.1564527902166 17.04003095929675
96.1753569341 17.04003632781661
96.17133363444333 17.040095335873286
96.16419898072671 17.04013288289675
96.17235823244008 17.040368921646575
96.17632252404007 17.04044402221661
96.16418288821336 17.040460114729967
96.58657185055668 17.04007387484007
96.15851808524657 17.04064250089675
96.15689266964333 17.04065323141336
96.1641775262166 17.04074442449675
96.15263333556267 17.040771247526713
96.18823170591662 17.04074979301661
96.18774354373134 17.04079270855993
96.19017897831012 17.040830255583394
96.15681220055342 17.04093754770325
96.17471320616866 17.040959002213356
96.18856429974659 17.04103946869401
96.16411851815994 17.04106629107166
96.16619453718339 17.041103842008987
96.58644310392671 17.040706877473287
96.17288394295342 17.041136028340325
96.15880239501335 17.04116821467166
96.18783473877167 17.041157485459678
96.17224021632671 17.041221858774655
96.19024335488665 17.041221858774655
96.15705896329675 17.041275502225346
96.1588077570101 17.041420341368664
96.1884033680899 17.041404248202998
96.16617844467004 17.041436434534333
96.15495075924656 17.0415544513
96.15732718707329 17.041801354143324
96.15620065895342 17.041844269686642
96.15673709998339 17.0418603622
96.16637156135343 17.04195692380325
96.15915644507004 17.042026655853427
96.18876814694659 17.042058847403254
96.15739155712672 17.042096394426714
96.188070772303 17.04211785545993
96.16967603209675 17.042144678489894
96.16615162164007 17.042257326083394
96.16845294889674 17.04242898825668
96.15479518958664 17.04248799631336
96.1592851917 17.042493358310104
96.16614625964331 17.04253627385343
96.15514923792671 17.04256309688339
96.16680071678664 17.042557734886643
96.15950513141334 17.04268648151661
96.16680071678664 17.042858143689894
96.16530404781335 17.043319477626717
96.15775633598338 17.043330208143324
96.15721989495341 17.04340530871336
96.16486953038338 17.04344286225993
96.15816403209999 17.04358770140325
96.16429554061335 17.04359842539675
96.1557285945 17.04373254054657
96.16934880678664 17.04374326454007
96.16225706861334 17.043823733629967
96.16866752661335 17.043914928773287
96.16159188095342 17.0439471138
96.33812418807004 17.04384518814007
96.15565349392996 17.044075860429963
96.16657540855343 17.044134868486644
96.30351823459999 17.04401685031336
96.33805981801662 17.04425824659675
96.33881083024008 17.044258246596748
96.16683290181336 17.044440639286645
96.3037220818 17.044327983110108
96.16605506655992 17.044467462316607
96.16558836410324 17.04456401739675
96.1544035877 17.044655214943322
96.16692409489674 17.04471422505993
96.16615162164007 17.044746410086645
96.3380598180166 17.044617663456677
96.158217676203 17.04480541814332
96.30367916625667 17.044724953516607
96.33880546824332 17.044875156716607
96.15834105757466 17.0450682734
96.1669080023834 17.045073635396747
96.1570750558101 17.04515410448664
96.16350161284657 17.045148742489893
96.16380201512672 17.045170197
96.15728963352672 17.045331128656677
96.1565654378101 17.045502790829964
96.16172062758339 17.04617870248339
96.30330902540325 17.046071414826713
96.1653094098101 17.04629671859675
96.16590485889674 17.046328910146574
96.16654322352672 17.046355726653427
96.16132902569674 17.046366457170038
96.1673371578166 17.046527388826714
96.16875871969674 17.04658639688339
96.1594085698101 17.046613219913358
96.16146850284332 17.04669368900325
96.16849586444008 17.046699051
96.1633835902101 17.04675805905668
96.15762222735668 17.046827797629966
96.15965533255343 17.046833159626715
96.33561901361335 17.046725874029967
96.15699995524007 17.04690826019675
96.16142022530326 17.046994091283395
96.16425262507002 17.047042375346575
96.15660299135666 17.047096014883394
96.15591634918664 17.0471067454
96.1634855138101 17.047101383403252
96.1670421110101 17.04721403099675
96.16158115695993 17.04756271734007
96.16392539975993 17.04778265705343
96.15727354101335 17.0478202106
96.16187083524657 17.047911403683393
96.15667809192672 17.047970411740074
96.15548183175667 17.04823326699675
96.158067473106 17.048549768313357
96.5875642635267 17.048136710182835
96.16384493067002 17.048630237403252
96.5879719579267 17.048313736086644
96.15715016290325 17.048887724140073
96.58833673678339 17.048458575229965
96.16219269855992 17.0489413702
96.58866933061336 17.048614144889896
96.16232680718664 17.04919349494007
96.16556154107329 17.049332972086646
96.5875642635267 17.048936008203253
96.1624448233 17.049467080713356
96.58761790958664 17.049204225456677
96.30828718585667 17.04950999797329
96.18587116050324 17.049638742886643
96.59061660952996 17.04925787151661
96.16021859661336 17.049703112940072
96.16477833729999 17.049853315796753
96.58758572455991 17.049461718716607
96.58717803015992 17.04954754499675
96.1750511633 17.04999279294332
96.16123783261335 17.05005716519401
96.58961882804007 17.04966019739675
95.54578884709674 17.050754535683392
96.30844811751335 17.050003523459928
96.17510480935992 17.050234193689896
96.16139876427003 17.050384394829965
96.17543203467002 17.05044876488339
96.16366254230599 17.050480949910106
96.58961346604332 17.05007862296567
96.3086358722 17.050454133403253
96.16301881135342 17.050647250086644
96.16151678038338 17.050749173686643
96.17537302661336 17.050749173686643
96.16181718918665 17.050861827803253
95.54508611241334 17.051484093396752
96.16167235004332 17.051124683059932
96.30882898888339 17.051012028943322
96.17528183352997 17.051146137570036
96.5887658922166 17.051156868086643
96.1753676646166 17.051843510256678
96.58700636798665 17.051559200489894
96.16108226295341 17.052074180486642
96.17527646501011 17.052101003516608
96.17520136444006 17.05234776625993
96.16093206181336 17.05244432134007
96.58686689084007 17.05204199545993
95.57490702348665 17.053189978089897
96.1606316530101 17.052814468716612
96.58678105975342 17.052492605403252
96.17522282547328 17.05295930785993
95.55029494652996 17.05362448899675
96.17511553335342 17.053243617626713
95.55888335024332 17.05388198225668
96.5866952351899 17.052986130889895
95.55133563875668 17.054042913913356
95.55951634635343 17.054246761113358
96.58658794307003 17.0534152798
96.58687225935992 17.053780058656677
96.58744088541661 17.053849797229965
95.56121686252672 17.054981687346572
96.1551385074101 17.0544345158
95.55030567224007 17.05509969865343
95.56106129938989 17.055260633159676
95.55216175807328 17.05548593854332
95.55275720715993 17.055566401110106
95.5521242045267 17.055947279003252
95.5515019324101 17.056049202603255
95.55186134927004 17.05626377379675
95.55052561195342 17.056413981459933
96.15133515398989 17.056279866310106
96.15103474518665 17.05662855265343
96.15226855890324 17.0568699534
96.15207543569676 17.05722400174007
96.15717697941011 17.057256193289895
96.15700532375993 17.057519048546574
96.1532019638166 17.05752977254007
96.15172674935343 17.057669249686644
96.1531590482733 17.057814088829964
96.15689266964331 17.05784627385668
96.15288010050324 17.058162775173287
96.15279963141336 17.058731401229963
96.15324487935993 17.059074719053427
96.58555797655342 17.058726032710105
96.15319123329999 17.059412681403252
96.5855043370166 17.058999618483394
96.58653966552995 17.05902644151336
96.15264943027327 17.05957897505668
96.58546142147327 17.05932148179675
96.58646992695668 17.059396588889896
96.58640555690324 17.059798914770035
96.58536485987003 17.05997057694332
96.58591739341335 17.06007250054332
96.58385210318988 17.0601315086
96.58701709850325 17.060287078259933
96.1524777681 17.061268762429968
95.58018022937328 17.062196805346574
96.15225246638988 17.061649633800002
95.58075421742672 17.062341644489894
96.15194669558988 17.061998320143324
95.58109754177327 17.06262595425668
95.5779003549101 17.062754700886643
95.56132415464657 17.063317964946574
95.57761604514332 17.063307234429963
95.58228843994657 17.063435981059932
95.58067375485993 17.063961691573287
96.1515604557 17.06353790465993
96.15061095827329 17.063591544196747
95.58180563845343 17.064219178310104
96.1512546849 17.063709560310105
96.15109911524007 17.064369385973286
95.5883555736 17.065195505289896
95.58655850234658 17.065243782829967
95.5890797693166 17.065259875343322
95.58536224045992 17.06526523734007
95.58478288388665 17.065318883400003
95.5984030978899 17.065994796770035
95.59876250822671 17.065994796770035
95.59905218651335 17.066005527286645
95.60160027651335 17.067636304886644
95.59395600479675 17.06790452214007
95.595576056206 17.06841950865993
95.59527564959998 17.068473148196748
95.56482195217328 17.06876819500325
95.5644678973101 17.068913034146576
95.59928285674332 17.069208074429966
95.59999632194331 17.069261720489894
95.5974857854899 17.069519207226715
96.16735861232671 17.07620861299675
96.16597996598989 17.076460744259933
96.16663978512996 17.07646074425993
96.16751954398339 17.076492929286644
96.16810426255341 17.07650365980325
96.1640863314166 17.07730831743433
96.58130937518663 17.077007911000003
96.58126109764657 17.077351235346573
96.16349624432671 17.078064700546577
96.58121281358339 17.07773210671661
96.58116989804006 17.078112978086644
96.58108943547327 17.078536765000003
96.57919043670599 17.07903565248339
96.58100360438664 17.07904102100325
96.16399513181011 17.07949699294332
96.57914752116267 17.07926632271336
96.16402732335993 17.0798617718
96.16713867261336 17.07997978791336
96.16394685427004 17.080070980996748
96.58090168078664 17.0797598482
96.16572247272995 17.08023728117329
96.1664412999267 17.080392844310104
96.58082658021661 17.08007634951661
96.16787896084332 17.080494767910107
96.58076757215993 17.080398212829966
96.03883789805668 17.081272609686643
96.58074074912996 17.080859553289894
96.03849457371011 17.081680304086646
96.58066564855991 17.081224332146576
96.58057981747328 17.081562287973284
96.16322265855342 17.08241522379675
95.54368064132996 17.083708185570032
95.95129604675992 17.083407783289893
95.54380938795993 17.0840407794
96.16366254230599 17.083434599796746
95.95210070504332 17.084738152086643
95.95287854029675 17.084877622710103
95.95234210578988 17.08510829294007
96.16639302238664 17.087173590029963
95.58816781891335 17.094860777289895
95.58595768474007 17.09539721179675
95.58695546622997 17.095413304310107
95.58750263125341 17.095563511973285
95.58846285919674 17.09560105899675
95.58693400519675 17.096024845910108
95.58273368137003 17.096180415570032
95.58809271834332 17.096180415570036
95.61292452525667 17.09637890077329
95.5821382322834 17.096491554889894
95.61255438179401 17.096486186370036
95.612146687394 17.096577379453425
95.58502964662996 17.096695402089892
95.58623127051335 17.096931432359675
95.5863171016 17.09730694042834
95.58222943188989 17.097376677697003
95.58810881085667 17.097483965772533
95.5862366325101 17.097698540770033
95.58192902308664 17.09777364134007
95.58697692074007 17.097843379913357
95.58109754177329 17.09802577260325
95.58685354262997 17.09828325934007
95.58110290377003 17.098358359910105
95.58203094668664 17.09895917751661
95.58288925102997 17.10041829294332
95.47350871448664 17.10414118379675
95.47394859391335 17.10429139145993
95.74118775107328 17.113051455973284
95.42472465157329 17.11554053791661
96.125151514397 17.11599114785993
96.12563967462535 17.116194995059928
96.12509250634032 17.11635055819675
96.61462766564657 17.12151647848664
96.61531430781659 17.12168277214007
96.61335093638664 17.12203682700325
96.612342428294 17.123356465283393
96.61455255855341 17.12541653841661
96.61358696861336 17.125427262410106
96.61326510529999 17.125502369503252
96.6141019486101 17.12555600904007
96.61376936130324 17.126307027786645
96.6144184499267 17.126543060013358
96.61492806792671 17.126559152526713
96.14610486364657 17.130019192929964
96.14603512507328 17.13045371035993
96.14581518535994 17.131312012094007
96.71463658955342 17.132331247956678
96.1432241798166 17.1329857051
96.14321344929999 17.133302204459675
96.30030496174658 17.13353824035993
96.30022449265667 17.133811819610106
96.3003800623166 17.134439460246572
96.29976315219675 17.134477007270036
96.29945738139673 17.136274085046573
96.30025131568664 17.136274085046573
96.2988619323101 17.136354547613358
96.30012256905667 17.136654956416606
96.29970414414007 17.13709483584332
96.29816456614657 17.13764736938664
96.29770322568663 17.138028240756675
96.1760703993 17.138269636696748
96.1759470211899 17.1387738927
96.17576999049675 17.13933715675993
96.17605430678664 17.13980922121336
96.17753488324657 17.14009353750325
96.17610795284656 17.14079627218664
96.17763680684658 17.14106448944007
96.60653814794031 17.1426469895
96.6069565709 17.14284547470325
95.94359276527003 17.143639402470036
96.60835667827003 17.142979583329968
96.60914524404006 17.142979583329968
96.60759493552996 17.142984945326717
95.94366786584007 17.144036368962674
95.94374833492996 17.144347504368664
95.94380734298664 17.144621088706867
96.61178453364657 17.144610359625343
96.2018358256899 17.147179907156676
96.20135839271661 17.147646609613357
96.20189483374658 17.147861187329966
96.20113845300325 17.14835471281661
96.27822508894332 17.150543387673288
96.27774765727466 17.150811604926716
96.27823045094007 17.15092962104007
96.27765109762834 17.151106645210106
96.27868642940325 17.151267583389895
96.40289416476566 17.15215807275993
96.40262594490298 17.152383374470034
96.4046215033166 17.15266769075993
96.40397777668989 17.153198763270034
96.40387585308989 17.15352599510325
96.40343596714007 17.153804942873286
96.40228262079674 17.154110713673287
96.19841869911336 17.154572047610106
96.40276005483432 17.154368200410104
96.19774814945669 17.154598870640072
96.34523738075343 17.154706157953427
96.19939501957003 17.154856363900002
96.34568799306567 17.154722256989892
96.40244355245342 17.154781265046573
96.40204658857003 17.15493682818339
96.4016442626899 17.155065574813356
96.34442199195342 17.15544644618339
96.3448243243567 17.155462538696746
96.34481359384009 17.15570393944332
96.34459902264658 17.15592924115343
96.40052846508664 17.15621891944007
96.34609568746568 17.156465682183395
96.34662676584658 17.15672853744007
96.39967016074331 17.156825099043324
96.3462619869899 17.156927022643323
96.34711492281336 17.15703967675993
96.39932683639674 17.15720060841661
96.39891914199674 17.157356171553428
96.3468842525834 17.157667310873286
96.33395604927003 17.157838973046573
96.34591866199102 17.157860427556678
96.34507108710001 17.157973081673287
96.3456718999 17.15804818224332
96.3463853651 17.158198383383393
96.33315139098664 17.158289582989894
96.34574700177467 17.158434415610106
96.34622979544008 17.158455876643323
96.17824834844657 17.1587187319
96.33298509081011 17.1586168083
96.34627807950326 17.15872946241661
96.17831808049675 17.159035233216606
96.31989595755668 17.15911569578339
96.31959554875343 17.15953948269675
96.33274369658665 17.159609221270035
96.1827973586166 17.160607000802997
96.1834786387899 17.160607000802997
96.18413845792996 17.160730382174656
96.31043294345343 17.161797896126714
96.34074201835995 17.1637022595
96.33544198772671 17.163841736646575
96.33563510612672 17.163884652189893
96.34131600641336 17.164013392296752
96.3407098268101 17.16426015504007
96.33520595550002 17.164297708586645
96.33434765115669 17.164431817213355
96.33455686337466 17.164501555786643
96.34055962697465 17.164844873610107
96.30821744728338 17.164903888189897
96.30800287608989 17.165354491610106
96.35174976235342 17.17012894829675
96.35145472207005 17.17058492675993
96.3513688909834 17.17109454475993
96.35124014435343 17.171577339729964
96.3511543197899 17.171963573096747
96.34283412989674 17.174747699340323
96.34301652258665 17.175155393740326
96.34251226658338 17.17530559464007
96.34326864732671 17.176947102756678
96.34359051064007 17.17759619790325
95.7585793414101 17.183207359616606
96.20443219322996 17.187536430073287
96.20417469997004 17.187997764010106
95.78326095198989 17.23453407479675
96.51462967387329 17.23693196365668
96.47612916387465 17.23872903662671
96.60729989524657 17.243530178059927
96.60786852130325 17.243535540056676
96.5318333063899 17.2469419344
96.53381276381012 17.24738718234657
96.53274525027004 17.247403274859927
96.60309956489675 17.250799078686647
96.60518095244007 17.250836625710107
96.60478935055342 17.250938549310106
96.60245047627328 17.251158495546573
96.60440847918338 17.251265781143324
96.60212324444007 17.251453535829967
96.60435483964656 17.251614467486643
96.60436556364006 17.251888053259933
96.60674735998663 17.25223673960325
96.60180137941009 17.25242985354007
96.60346434375342 17.25280536565993
96.60324977255992 17.253320345656682
96.60384522164657 17.253347168686645
96.60336242015342 17.25392115674007
96.6018013794101 17.25406599965993
96.6024826613 17.254323489143324
96.6018925790166 17.25441468600325
96.59931766598663 17.256281495829967
96.601163019106 17.256479977582835
96.6010986447267 17.25656580559675
96.60036372501659 17.256581898110106
96.60175310187003 17.256603359143323
96.59950542067328 17.25695740748339
96.59991847707002 17.257129069656678
96.59888314855667 17.25724708577004
96.59359385015668 17.259140720343325
96.59326125632671 17.259505499200003
96.59409810615992 17.259752261943323
96.59317542524008 17.26007412525668
96.59557867609675 17.260202871886644
96.5946881867267 17.261629802286645
96.5931486022101 17.26221452085668
96.69187544138339 17.268195829946574
96.58263438198664 17.278318448283393
96.58247345032996 17.278511571489894
96.55553322253434 17.287952909653427
96.57396014855993 17.29707253411661
96.57343443804658 17.297383666913355
96.57391186449675 17.297726989302994
96.5526042601 17.305044033203252
96.5533069947834 17.305172773310105
96.55914346129676 17.306229564573286
96.55866066632672 17.306379765713356
96.5581886018733 17.306524604856676
96.55902544518341 17.30733463165993
95.86718719494007 17.35769039009675
95.8670155392899 17.35916560455993
95.86672586100325 17.359659130046573
95.86704235579674 17.360576442446572
95.86706917882671 17.360994860840073
95.83455018465344 17.361627863473288
95.86726766402995 17.361885350210105
95.86753588299999 17.361885350210105
95.83461456122996 17.362282320616607
95.86515409145991 17.362652461470034
95.83457164568664 17.362818761646572
95.8648161291101 17.363199628210104
95.86535793865994 17.363285459296748
95.86683850859674 17.363644876156677
95.86779337454333 17.363671699186646
95.86808305282996 17.36395064695668
95.86700480877329 17.37805379249675
96.01328725914007 17.378391750383393
96.01277227914332 17.378499040443323
95.86310488894333 17.37896038090325
95.86387736219999 17.37910522004657
95.8617476954 17.37936807530325
95.86360914494657 17.3794753609
95.86341065974332 17.37982940924007
95.86227877093134 17.382254123189895
95.86508435288664 17.38275301238989
95.86216611877165 17.382795921410107
95.86455327385343 17.383707871813357
95.86456937288989 17.384115566213357
95.86417777100326 17.384571538153427
95.86404365585344 17.384984601073285
95.86377007660326 17.38548885055343
95.86372179254008 17.385891182956676
95.86269719454332 17.38673875678339
95.85581467037329 17.388251519986643
95.85657641352535 17.388380266616608
95.85491345048663 17.388401721126712
95.85399077608989 17.388578745296748
95.8531163727101 17.388686037416605
95.85959656928338 17.388782592496746
95.86011155580324 17.388798685010105
95.85221515934657 17.38885769958989
95.85182891774008 17.38888988461661
95.85828765499674 17.38892206964332
95.85116373660324 17.38899180821661
95.8588133655101 17.38902399324332
95.84854590802996 17.38948533370325
95.85934980654007 17.39055820924007
95.8586685328899 17.390799609986644
95.86099667665343 17.390831795013355
95.85967166985343 17.390933718613354
95.85794433717328 17.391046372729964
95.8609644916267 17.391159026846573
95.85757418979674 17.391293135473283
95.85896357317328 17.391314589983388
95.85710212534332 17.391352143529964
95.85824473945343 17.39148089015993
95.8573059708267 17.391545260213356
95.84563840247466 17.39168473735993
95.84592808010899 17.392172894326713
95.85535332991336 17.392172894326713
95.85970922339999 17.392301640956678
95.85507974414006 17.39239283404007
95.85457549465993 17.392408926553426
95.85606143311661 17.39248939564332
95.85414097722996 17.392741520383392
95.85842713214332 17.392913182556676
95.85923715894657 17.3929560981
95.85479006585342 17.393020468153427
95.85768148191661 17.393181399810103
95.85405514614331 17.39325113838339
95.85764929688989 17.39360519324657
95.85337923448989 17.393626647756676
95.8573649788834 17.393674925296747
95.86083574499675 17.393744663870034
95.8556108231733 17.394495677810106
95.85501001208989 17.394640519672535
95.85485980442671 17.39477463210325
95.85409806168664 17.395064310389895
95.85450575608664 17.395123318446572
95.8520864127166 17.395305704613357
95.85358308168989 17.39534325815993
96.51978486364658 17.414746287810104
96.52050369084333 17.416387797231337
96.52002625787004 17.416511178602995
96.52014964250326 17.416774175916608
96.52048759832996 17.417267701403247
96.52077727661661 17.41783095894007
96.52087383169675 17.4180884522
96.5203481211834 17.418394223
96.52089529272996 17.41839958499675
96.52101867084008 17.418882386489894
96.52057879141336 17.418973579573287
96.52023010507004 17.418978941570035
96.5209596627834 17.424214594253428
95.82436855345343 17.426526653743323
95.87933240904331 17.430426572268665
95.83183043900326 17.431537004373283
95.7114904343899 17.432953204256677
95.71188739827329 17.433216059513356
96.52609339804658 17.437657784086642
96.52620068364332 17.43787236180325
96.52628114621011 17.438108394029964
96.52635625330325 17.438419526826713
96.52637770781337 17.438719935629962
96.5266352010733 17.440077127456675
96.52487031484657 17.44025415162671
96.5248327613 17.440549191910105
95.81238427718664 17.458584445740065
95.8080283854166 17.459120886770034
95.82143422837004 17.459163802313356
95.82194921488988 17.45919598734007
96.6260969615733 17.50359726658339
96.64228671837003 17.503683095610107
96.61711674758988 17.503849395786645
96.61447209598663 17.503854757783394
96.62668168014332 17.50387085029675
96.64304310082997 17.503983506473283
96.57834822707328 17.504139074073287
96.66845426260001 17.54432393481661
96.2649857463101 17.597812503783395
96.03190709154008 17.611856502983393
96.24176841482672 17.613278073103253
96.01740175668665 17.631270410116606
96.01765388314334 17.631849766689896
96.0172837405733 17.632053613889894
96.02424136531337 17.63343762613733
96.21216765974657 17.633620016629965
96.21214083671661 17.634317389316607
96.21236077642997 17.63782570725993
96.21368578322998 17.638077832
