96.30314809374657 16.554610231073287
96.29654988105992 16.608420665859676
96.29001067642996 16.608458216927467
95.59282948319999 16.622309099073284
95.59223403411335 16.622314461070033
95.59251835040325 16.622684608446573
95.59288849125667 16.622754340496748
96.50384186135344 16.641916122889896
95.90383699064657 16.662279382199998
96.04809685005344 16.703327909283395
96.04861183657329 16.704014551453426
96.05144960005343 16.705006970946577
96.0464928954834 16.70508743351336
96.0486654761101 16.70509816402997
96.05092388954007 16.70528055019675
96.05146033057005 16.705318103743323
96.04824705771662 16.705468304883393
95.85177527820325 16.70589209179675
96.05009777502997 16.705720436146574
96.04970081114658 16.705811629229967
96.05089706651012 16.705833083740075
96.05106336668665 16.706036930940073
96.04937894131011 16.70620323111661
95.88088272057465 16.70640707831661
95.88060377149999 16.70647144837004
96.0429148437733 16.70809149806267
96.04326889211336 16.70814514216567
96.04357466291336 16.708150506771663
96.04220674057004 16.708214879434333
95.85315928825344 16.71306979944007
95.84574032607466 16.738829653046572
95.8457778766 16.739006677216608
95.84579396911334 16.739189063383392
95.84582079214331 16.739382186589893
95.6699804957166 16.739634311329965
95.8472960018 16.739612850296748
95.84682929934331 16.73972014241661
95.84636259517004 16.739795242986645
95.84593880825668 16.739827428013356
95.84751594151335 16.73994544412671
95.67010387382672 16.74036386904332
95.66969081742997 16.74040142258989
95.84754812654006 16.74031022298339
95.84759641060324 16.74076083292671
95.66951915354008 16.7426651963
95.66957279959999 16.743035337153426
95.66959425411011 16.743394754013355
95.6695835301166 16.7437863559
95.68571428057328 16.752256882470036
95.74870863952997 16.755829576989896
95.74865499347004 16.75646793509675
95.66222893668663 16.756848812989894
95.66274391668338 16.757015106643323
95.66228258274657 16.757422801043322
95.66254543800325 16.757433531559933
95.65892982794007 16.763742064002997
95.65862942565992 16.763795708105995
95.66035675834007 16.764063927968664
95.66007244857329 16.76406929257466
95.65868306519675 16.764106842859675
95.66004026354656 16.764267778189897
96.19822558242997 16.77371984515343
95.88768477915667 16.801185715213357
96.42855745714657 16.806775422416607
96.43245201017328 16.806888070010103
95.82664306420325 16.81989674069675
95.75517295187328 16.85399300685343
95.87279299602997 16.8621737196
95.63944632748338 16.86568203925993
95.64337843405667 16.870418804116607
95.64569049182995 16.870483174170033
95.64635031097004 16.87049390468664
95.70807330781335 16.87640561348664
95.70759051284332 16.876443160510107
95.70719891095668 16.876507537086642
95.70679657855342 16.876545084110106
95.70567005695668 16.87665773822671
96.24583999511336 16.877473129086642
96.24449353071336 16.878492363026712
96.0184370869166 16.883883587086643
96.01499313731011 16.884006965196747
96.01236458474332 16.884312735996748
96.01204808342672 16.88466142234007
96.0193222142899 16.885922059086642
95.64026708480324 16.887386536510103
95.64940802068664 16.88744018257003
95.64108783559999 16.887520651659926
95.65026632502996 16.887547474689892
96.01253624691662 16.888368225486644
95.6400900541101 16.889237255540067
95.63999349902997 16.89072319399675
96.01329262765992 16.89055153834657
95.63962872017328 16.890991417773286
96.51408787084657 16.894767954686642
96.51347096072672 16.895583343486642
96.51298280375994 16.895663806053427
96.51420588695993 16.895674536570034
96.51363189238339 16.896897619770037
96.51313836689675 16.8969244428
96.51384110810326 16.898523035373284
96.5135085142733 16.89895755280325
96.12838624461011 16.900357661889892
96.12923918695668 16.90114085914007
96.13067684787327 16.9037425952
96.13166926255992 16.904777923713354
96.13146004684006 16.90489057954657
96.13215741952672 16.90588835451336
95.9522509061834 16.906741296859927
95.95104391549674 16.90785708794007
95.95033045029675 16.90816285874007
95.9465431893899 16.908382798453424
95.94604429538339 16.908586645653426
96.49670699925342 16.90927329434657
96.49756530359674 16.909514688570034
95.72157013718339 16.910367626110105
95.94170986292995 16.910319346853427
95.94357130856267 16.911048907828338
95.94219801989675 16.911070365599997
95.94312606281335 16.911317130059928
96.0904114470101 16.91257776028339
96.09000912112995 16.912727967946573
95.71423700307002 16.913178577889894
96.09000912112995 16.912872807089894
96.0904007230166 16.91287816908664
96.09000912112995 16.913012277713356
96.09037926198339 16.91315175485993
96.08999839061335 16.913307317996747
96.09037926198339 16.913312686516605
95.71425309558339 16.91380621200325
96.55550103644333 16.913521895713355
95.69975312444333 16.915646198799998
95.70041294358339 16.915710568853427
95.70008571827329 16.915715937373285
95.69829936929675 16.916606426417164
95.69830473781661 16.91672458295668
95.69883044743733 16.916740675470038
95.72040069832671 16.916987438213354
95.71331969067003 16.91798521970325
95.7132338595834 16.91820515941661
95.71097008587329 16.918312445013356
96.53496611015343 16.917566794786644
95.71327141312997 16.91843046112671
96.53822230335669 16.917641895356677
95.63631888417166 16.918779147470033
95.77597072861334 16.91865576935993
95.71074477764006 16.918773785473284
96.5382437643899 16.918108597813358
96.53598534615344 16.91833390604657
95.63750977908339 16.919428239870037
96.53990136021336 16.91868795438664
96.53938638021661 16.918709408896746
96.54034123964007 16.91894008290325
96.53109838015669 16.918977632673286
95.63792284200325 16.919986135410106
96.53478908598339 16.91909564604007
96.53898404609674 16.919111738553426
96.53111447267004 16.9194389666101
96.53836178050327 16.919573079013357
96.53112520318665 16.919803751989896
96.14241415301336 16.92043138335668
96.51728505118665 16.920136339296747
96.14207083192834 16.920565491983393
96.51690417785969 16.920302639473285
96.10980912290324 16.92072106164332
96.53769123084658 16.920495753410105
96.53871582884332 16.9205762225
95.70955388427328 16.921606185240073
95.70943049964006 16.921788577929966
96.53717624432673 16.921107295010103
95.7094036766101 16.921970964096747
96.5384476115899 16.9212092186101
96.54044316324007 16.921665197073285
96.53994427575668 16.921724205129962
95.71110955649675 16.922979473494006
96.54036806267004 16.922180177070032
96.53880165992996 16.922228454610106
96.53985308267329 16.92225527764007
95.70884578107004 16.923102854865668
95.93627014858339 16.922909734783392
96.53820621084333 16.9223089237
95.71095399335994 16.923140405672534
96.53669344935669 16.922357201240068
95.93668321150325 16.923086758953424
96.54027686958665 16.922754171646574
96.53978334410002 16.922839996210108
96.53369474941337 16.922979473356676
96.53832958895343 16.92302775089675
96.51719385810325 16.923059939974657
96.51675933936868 16.9230867617
96.54648348038666 16.92306530392834
96.53781997095344 16.923081396956675
96.53738009152673 16.9231243125
96.54682143621335 16.923129676917164
96.53526651895669 16.923151135529963
95.81388651825668 16.923891423759926
96.5365217871834 16.9232262361
96.53571176690326 16.923236966616606
96.08437649838339 16.923692938556677
96.53612482330001 16.923242328613355
96.54288396764332 16.92337643724007
95.93655446487327 16.923987978840067
96.53552401221661 16.923403260270035
96.54369935644333 16.923403260270035
96.54135511364333 16.923462268326713
96.54204175581336 16.92351591438664
95.66294776388338 16.92442249798664
95.66350029742671 16.924481504326714
96.54114590444658 16.923612475989895
96.54050753981662 16.92362319998339
96.53869436781011 16.923805592673286
96.53738009152673 16.923864600729964
96.53780924695994 16.923864600729964
95.66180514977329 16.9247443613
96.53820621084333 16.923912878270034
96.53674709541662 16.923987978840067
96.53578686747329 16.924052355416606
96.53534698804657 16.924079178446576
96.53505194124008 16.92408454044332
95.66146719394656 16.92504477010325
96.54369399444658 16.924175733526713
96.53990136021336 16.924224017589893
95.71416726449675 16.925162786216607
96.54169306947004 16.924379580726715
96.54081867261337 16.924411765753426
96.48407920508663 16.924561968610107
96.54234752661336 16.92454051238339
96.54360279484007 16.924840920534333
96.54621525661011 16.924873106865668
96.53889821501011 16.92491602240899
96.54255673581011 16.92492138636267
96.53823839587005 16.924942844134332
96.53765903929676 16.925039403128338
96.53689193455995 16.925076954065666
96.54050753981662 16.925076954065666
96.53515923335993 16.925189606225345
96.54544815187329 16.92518960622534
96.54701992141662 16.925248614934333
96.53429556049676 16.92527007270599
96.5425138267899 16.925264708100002
96.5462849951834 16.925312987727466
96.5323858334101 16.925425641473286
96.53201569255668 16.925441733986645
96.53170992175669 16.925452464503252
96.54258892735993 16.925640219189894
95.7029824946166 16.926557531589893
96.53217662421336 16.925768959296747
96.53367329490325 16.92582260535668
96.5311091106733 16.925827967353428
96.53153289758666 16.925838697870034
95.70296103358339 16.926782833300003
96.53999792181662 16.926042545070036
96.54645665735669 16.926047913589894
96.12384238815343 16.926498517010106
96.53660761827004 16.926198114729964
96.53532552701336 16.926230299756675
96.53496611015342 16.926262484783393
96.53441894512997 16.92632686135993
96.54104934284332 16.92632686135993
95.715433265609 16.92715297415343
95.70210272924007 16.927179797183392
96.53415608987329 16.926380500896748
96.53979407461662 16.92647170050325
96.54277668204658 16.926498517010106
96.54461666884333 16.926503885529964
96.54382810307328 16.92651461604657
96.53180111484008 16.926798925813358
96.54078648758664 16.926890118896747
96.53959022741662 16.92692231044657
96.51506955330001 16.9269866805
96.51553625575669 16.926997411016607
95.70215101330325 16.927818161813356
95.72004664998664 16.92783425432671
96.53143097398664 16.927061781070037
96.54570027661336 16.92709396609675
95.72075475034032 16.92800055450325
96.54473468495668 16.927201258216606
95.70212419027328 16.928048832043324
96.54348477872672 16.927228081246575
96.5429322451834 16.927276358786642
95.72043825187329 16.928145393646574
96.54055581735668 16.927330004846574
96.53923617255343 16.927458744953427
96.52841618152996 16.92748556798339
96.54393538867004 16.92749093650325
95.71746100644008 16.928343872326714
96.51389474764008 16.927667960673286
96.54571636912672 16.927775246270038
96.54028760010326 16.927850346840067
96.53888212486567 16.928070286553428
96.5360443542101 16.928118570616608
96.53821157284008 16.928129294610105
96.53659688775343 16.92816148615993
96.53455841575342 16.92819903318339
96.53509485678339 16.928225856213356
96.53979407461661 16.928300956783392
96.5377126853567 16.928488711470035
96.51771420009675 16.928531627013356
96.53852807456866 16.92856381204007
96.51894801381337 16.928837397813354
96.54131756009676 16.928842759810106
96.53967605850326 16.928853490326713
96.54053436284659 16.92887495135993
96.53582441449674 16.928950051929966
96.51853495741662 16.928982236956678
96.53500366370001 16.929014421983393
96.28220547134006 16.929389931356678
96.53663444130001 16.92913780661661
96.53983162164008 16.92957768604332
96.53911279444333 16.92959377855668
96.51864224301337 16.9296366941
96.53422045992673 16.929679609643323
96.28137935854656 16.930114128789896
96.53754639170324 16.929904911353425
96.53877483665968 16.929958557413357
96.4972327149166 16.930001474673286
96.53591561410326 16.92998001844657
96.53485882455668 16.930157042616607
96.5364520486101 16.930167766610104
96.53543818112996 16.93027505742534
96.47656904460598 16.930376984046575
96.53703677370326 16.930344794694008
96.47696601240324 16.93042526158664
96.47604333344032 16.93048963164007
96.53819548032672 16.930430625128338
96.51884072821662 16.930645201540326
96.47616135020598 16.930714939873283
96.53409171329676 16.93073103197466
96.51916259152998 16.93083831798339
96.53470325489675 16.931026072670036
96.47617207876566 16.931122634273287
96.53550791970326 16.931063626216606
96.5167915257 16.93109044924657
96.51887827524007 16.931165549816605
96.53760539975994 16.931342573986644
95.71580341061662 16.93222233284007
96.49157326914008 16.931487413129965
96.49186294742671 16.93149814364657
96.49877229428338 16.931514236159927
96.5379701786166 16.931535690670035
96.49225454931334 16.931583968210106
96.5392737243834 16.93160006724657
96.47620426509701 16.931777091416606
96.53254140307004 16.931744906389895
96.5365217871834 16.931750268386644
96.47572683497327 16.931948753589893
96.53294373547328 16.931911200043324
96.51881390518665 16.93201848564007
96.53744446810326 16.932007761646574
96.53784143198665 16.93215796278664
96.53265405718665 16.932190147813355
96.51711338966567 16.932206240326714
96.53911816124658 16.932200878329965
96.51675397476268 16.93226524838339
96.53236974089675 16.93231353244657
95.93169968252997 16.932941166559928
96.49742046960324 16.932410087526712
96.49786571102672 16.932436910556678
96.53689729655667 16.932410087526712
96.49135869794657 16.932495918613355
95.9310827724101 16.933107460213357
96.53774487038339 16.932560295189894
96.54106007335994 16.93261930324657
96.54135511364333 16.93263539575993
96.53578149895344 16.93269440381661
96.53642523210326 16.932705127810106
96.49229210285992 16.93277486638339
96.53690265855343 16.93276950438664
96.49176639234656 16.932844604956678
96.51882463570325 16.932919705526714
96.53768586232673 16.932946528556677
96.49226527982995 16.93300017461661
96.53907524570326 16.932957259073284
96.49658898828989 16.933075275186646
96.49178784685668 16.933123552726713
95.93114714898664 16.933729732329965
96.49226527982995 16.93324693735993
96.49630467200001 16.93332739992671
96.53603899221336 16.93333813044332
96.51858859695344 16.9333971385
96.49230819537328 16.93349370010325
96.51734942124008 16.933477607589893
96.50664744632996 16.933525885129967
96.52876486787329 16.933536615646574
96.51782685421337 16.93374582484332
96.53937028598665 16.93381019489675
96.53582978301661 16.933922849013356
96.51878708215668 16.933987225589895
96.53037955295994 16.933976495073285
96.50728581095993 16.934073050153426
96.53924153935668 16.934083780670036
96.53744446810326 16.9341106037
96.50674400141011 16.934196434786642
96.49190050097329 16.934276897353428
96.53884993747005 16.934330543413356
96.5296017111834 16.934405643983393
96.49153035359674 16.93450220558664
96.52930130890326 16.934512936103253
96.53674172689675 16.93491526198339
96.53052439210326 16.93501718558339
96.53746056061661 16.935044008613357
96.08797601112671 16.935848669505994
96.4970181372 16.935451703013356
96.5386621827834 16.935435612216608
96.53800236364333 16.935457066726713
96.49672845891335 16.93576820302534
96.08792773358664 16.936202719802996
96.53776096289675 16.935778930040073
96.49199169405668 16.935880855837325
96.49222772628339 16.93592913533433
96.4925764126267 16.935939863894006
96.29144296882671 16.93627782404657
95.66012072611335 16.93828947301661
95.88883812378339 16.938090987813354
95.6607376297101 16.938353843070033
96.12346151678338 16.937908601646573
95.88724489972995 16.938214372446573
95.6588010861166 16.938445036153425
96.31497143801337 16.93782277055993
95.66005098754007 16.93853086724007
96.12486699267328 16.93811244884657
95.658221729303 16.93861669832671
96.12453976084007 16.93816608838339
96.12443783724007 16.938461135189897
95.88735755384657 16.9387883605
96.5347569009567 16.93816608838339
95.88820512767327 16.938960022673285
96.4148728682834 16.938595243816607
96.49174493131335 16.938718621926714
96.1247275155267 16.9390941313
96.29228518065668 16.938960022673285
96.53453159924658 16.93873471444007
95.8888810393267 16.939539379246572
95.8873521853267 16.939609111296747
95.66527591588664 16.939866604556677
95.66485212897328 16.939871966553426
96.49169128525342 16.939078038786644
95.88809783555342 16.939780773470034
96.29244075031662 16.939421356610104
95.66443906605343 16.940403045586642
95.88880593875666 16.940183105873288
96.29210279448989 16.93982368901336
95.88746483944331 16.94041377610325
95.66426204188339 16.940639077813355
96.29219398757328 16.940204560383393
95.88901514795342 16.940816101983394
95.66228258274657 16.94112724130325
96.49591307011335 16.9403172145
95.8872395312101 16.9410199509
95.8879637269267 16.941030681416606
95.66162275708339 16.94127744179101
95.6588708246899 16.942001633353428
95.6584631302899 16.942098194956678
96.4726208429101 16.94143837581661
96.47156405988665 16.941803154673288
96.4726798574899 16.9420391869
95.65204730377002 16.94331591615993
96.46304538959674 16.942532712386644
96.47085595864033 16.94259172044332
96.47044826708989 16.94259708244007
96.47009421222671 16.942672183010103
96.5388553059899 16.942833121189892
95.65287878508339 16.943739703073284
95.66330181874656 16.94376115758339
95.663709510297 16.943777250096748
95.66369341713133 16.94401328884657
95.66329645022671 16.944024012840067
95.6630711485166 16.94436733718664
95.66417621079674 16.94449608381661
95.65979350080325 16.944506807810107
95.66543148554656 16.94463019244332
95.66335545828339 16.944646284956676
95.6598095933166 16.94469456249675
95.66394554382833 16.944737478040068
96.46176866685992 16.94397037330325
95.66460536622995 16.944780393583393
95.65188637211335 16.94482330912671
95.70430213289674 16.944882317183392
96.47030878994332 16.9441795825
96.46213880771336 16.94424395255343
96.46990109554332 16.944249321073286
96.46295419651335 16.9443834297
96.46254650211336 16.944549723353425
96.46770705388339 16.945365112153425
96.47016931279674 16.9456065129
96.46967042531335 16.945622605413355
96.46797527765992 16.945681613470036
96.28453898534008 16.946266332040068
96.2843995147166 16.946427265413355
95.66179441925668 16.947146095459672
95.70595973524331 16.947307030789894
96.51318665095994 16.94650773450325
95.70082600650326 16.947376762840072
96.28492522522996 16.946845689265665
96.51293451969676 16.946759859243322
96.50724825741335 16.94686714484007
95.74365001170324 16.947666441126714
95.74448149301661 16.947822010786645
96.51246781724008 16.94706026804657
95.74410598364332 16.947848833816607
95.74371974375342 16.947859557810105
96.50746283512997 16.947167553643318
96.2858049840834 16.94768253364007
96.50746283512997 16.94747868644007
96.28202308517328 16.9477361797
96.51281114158665 16.947510877989895
96.51435072610326 16.947661079129965
96.51250537078664 16.947768364726713
96.28131498197003 16.94819215164007
96.49824658239675 16.948015127470036
96.49856308371335 16.948122419589893
96.2804942311733 16.948701769640067
96.28448534580325 16.950370100786643
96.53133978090327 16.9501823461
96.53199960004332 16.950370100786643
96.28369140979675 16.950659779073284
96.28363777025993 16.950987004383393
96.27957691877327 16.951314236216607
95.6710909248 16.952134988729966
96.57752746975342 16.951271320673285
95.66933676737328 16.95225836684007
96.2791209403101 16.95174875364657
96.57739872964657 16.951485898389894
95.66938504491335 16.952628514216606
96.50259732364333 16.95186140124007
96.28181923797328 16.953191771753424
96.27786030837004 16.9532293253
96.2785898678 16.953245417813356
96.27890100059673 16.953583373640072
96.2822591174 16.95359410415668
96.27926041745667 16.953856959413358
96.28213573928988 16.95425929181661
96.28314424477328 16.954554332100003
96.28112722728338 16.954575786610107
96.28223766288988 16.954629432670032
96.28351438562672 16.954661617696747
96.28143299808339 16.954822549353427
96.28358412419999 16.954935203470036
96.28269899682671 16.954967388496748
96.28213573928988 16.9553697209
95.66511498422996 16.95607782410325
95.66587136497327 16.956238755759927
96.2823932260267 16.955648668670037
95.66627905937328 16.956523065526714
96.28143836660325 16.95593298495993
95.66560314119674 16.956721550729966
96.2817602299166 16.95617437918339
96.28199090014657 16.956378226383393
95.66593573502672 16.957080967589896
96.28221083985991 16.95653915804007
96.27374044882671 16.957086329586645
95.66403137426266 16.958169937597006
95.6631837961101 16.95888354084007
95.66381679874331 16.958969371926713
95.66288875582671 16.959082026043326
96.55841390358339 16.958443661413355
96.55807595118989 16.958556315529968
95.66378997571336 16.960052984503253
96.57910997022535 16.959162488610104
95.65949309199999 16.960385571810107
96.56127313290327 16.959613098553426
95.65972376222996 16.96063233455343
96.56124094135345 16.960128085073286
96.5595672482101 16.96017100061661
96.55912200678665 16.960289016729966
96.55869285478664 16.960358755303254
96.55779163798991 16.960390940329965
96.55634861116268 16.960460678903253
96.55724982844008 16.9605679645
96.57618100844331 16.9609756589
96.57614882341659 16.961259975189897
95.68009775034007 16.963673952100002
96.57800490272672 16.962939030329967
95.3305363018101 16.96424257815668
95.68069856794656 16.96408700849675
95.6828818742834 16.964119197986644
96.57716269089674 16.963250165186643
95.33005350684007 16.964644910559933
95.66631660639675 16.964768288670037
95.6661181277166 16.96500968941661
95.6802640505166 16.965063328953427
95.66657409965667 16.96526717615343
95.66697643205993 16.965481753870037
95.67997437222996 16.965540761926718
95.6684409094834 16.966291780673288
95.66845700199674 16.96656536383733
96.58151858438339 16.96958552261661
96.58159905347327 16.969902017410107
96.58169024655666 16.970213156729965
96.58178143964007 16.970518927529966
95.68038206573732 16.97273978741336
95.67959350085994 16.97277197244007
96.58195846381011 16.97253594021336
95.67868691245343 16.97381803147004
96.58464603136866 16.97293290409675
96.58203893289999 16.972948996610107
95.67914289091661 16.973919955070038
96.58437244518339 16.973024103703253
96.58213549450325 16.973324505983392
96.58453874535992 16.973501530153428
95.67984026360324 16.974413480556677
95.68017285393134 16.97456905021661
96.58227496512671 16.973882408046578
95.68200211542997 16.97508939221011
95.68147103639674 16.975153768786647
96.5823554342166 16.974429573070037
96.58245198929674 16.97497137609675
96.58262365147003 16.97523423135343
96.58263438198664 16.975486362616607
96.58240371175667 16.975658024789897
96.58305816889998 16.976784546386646
95.6748513692 16.978082731873286
95.67515714 16.9781149169
96.58319764604656 16.97742827366567
96.57069859335992 16.977766230556682
96.58310644644007 16.977889612168667
96.5831815470101 16.978243663529966
96.59470427924006 16.978463603243323
96.58356242490325 16.9785226113
96.58321373855992 16.97859234987329
96.5774738302166 16.978764012046575
96.59473110227003 16.978796197073287
96.57509740238989 16.97888202815993
96.58341758575992 16.978957128729967
96.59420539175667 16.979016136786647
96.58351414084007 16.979252169013357
96.58405058187003 16.979354092613356
96.59460772415993 16.979488201240073
96.5835892414101 16.97959549335993
96.58535949787327 16.97964913289675
95.69406149364008 16.980630821873287
96.59617949370325 16.979751056496752
96.58459238726566 16.979783248046573
96.58363752547328 16.97985834861661
95.69452819609674 16.98083466907329
96.58494107360899 16.980046103303252
95.69601950307329 16.98102778575668
96.58357851741661 16.98021775895343
96.58366434850325 16.980593268326714
96.5759557002101 16.98072201495668
96.58556334507327 16.9807649305
96.58638409587003 16.980893677129966
96.58374481107003 16.980947323189895
95.70019300387003 16.98200946821011
96.5864323734101 16.981140439873286
96.49976470725343 16.98132819455993
96.58383064215667 16.981338918553426
95.70013935781012 16.982417162610105
96.58640555690324 16.981558864789896
96.57913679260298 16.981725158443325
96.58457629409999 16.981832444040073
96.58414714347327 16.9818860901
96.5760576238101 16.98193973615993
96.58252709638988 16.982079206783396
96.57812291884007 16.98215967587329
96.58206038741011 16.982159675873287
96.5761595474101 16.982175768386647
96.58799341895991 16.982266961470035
96.58641091889999 16.98239034610325
96.58189409375667 16.982465446673288
96.58432952964006 16.982519086210107
96.58112698249674 16.98261564952997
96.57917434354032 16.982631742043324
96.57620783147328 16.983178910568665
96.57828385049675 16.983291561183393
96.58637873387329 16.983495408383394
96.5812235441 16.983629517010108
96.58212476398663 16.98366707055668
96.579131427997 16.98371534809675
96.58069247158988 16.9838119097
96.58644310392671 16.98388701027004
96.58773592569999 16.983999664386644
96.58264511250326 16.984005026383393
96.58728531575667 16.984117680500002
96.58670595918338 16.984192781070035
96.584731861803 16.985169101526715
96.58480159907165 16.985780643126716
96.58485524317464 16.986338545189895
95.9804622844101 16.995179072270037
95.97956107104656 16.995297088383392
95.9815512607 16.996058837646576
95.9796039865899 16.996697195753427
95.69696363850325 17.00151993650325
96.3044570015101 17.009357322156678
96.30370598928664 17.009389507183393
96.3030300711101 17.00944851524007
96.30305153214331 17.009904493703253
96.30309980968339 17.0104194737
96.58612660261011 17.010880814159933
95.43770134404032 17.01265106238339
96.5844850993 17.01154599529675
96.30295497054007 17.01196978221011
96.30234879745993 17.012034158786644
96.30371671980325 17.012447215183393
95.43781936080599 17.013353803589894
96.30281013139674 17.012989018210106
95.43729880620324 17.01511332301336
96.30193037254332 17.01428720369675
96.30144757757327 17.014474958383396
95.43659070300001 17.01553710992671
96.30068046631335 17.01484510575993
95.75321494244007 17.015649764043324
96.54005692987329 17.023374498326714
96.53949902781011 17.023615899073285
96.54003546884007 17.023862661816608
96.5393541951899 17.02405041650325
96.1734525690101 17.025488072613356
96.17331846038338 17.026078159703253
96.15748275021011 17.027022288610105
96.56184712095668 17.026872087470036
96.15741301815993 17.027338789926716
96.17192371501011 17.027633830210107
96.17178960638338 17.02837411844007
96.17279274987004 17.028524326103252
96.17169841329999 17.029109044673287
96.17136045747328 17.029173414726714
96.15670491495668 17.029259245813357
96.17277129535992 17.029318253870034
96.17063089975993 17.029430907986644
96.1565654378101 17.02954356210325
96.1694560941 17.029575747129968
96.17263181821335 17.030326761070036
96.16925224518339 17.030353584100002
96.17082937844006 17.030476962210106
96.17252989461335 17.030600346843322
96.16902157495343 17.030884656610105
96.15790654364656 17.031244073470035
96.16967603209675 17.031555212789893
96.1688660118166 17.031587397816608
96.15765441238338 17.03173223695993
96.17232604741335 17.031732236959932
96.16521821672671 17.03179660701336
96.1658994969 17.031898530613358
96.16036879775342 17.031946808153428
96.16161870398338 17.032123838846573
96.16091060730324 17.032182846903254
96.1897498294 17.032322317526713
96.15623285050324 17.032418879129963
96.16156506444656 17.03245106415668
96.1723314094101 17.032633456846575
96.18967472882997 17.032783657986645
96.17226167735993 17.03294995164007
96.16137194124008 17.03311088329675
96.1607121221 17.033341553526714
96.1626379399834 17.033341553526714
96.16187619724332 17.033357646040074
96.17217047775341 17.033379107073287
96.16127538615993 17.033556131243323
96.17227240135342 17.033588316270034
96.1625467469 17.033647324326715
96.16697237895993 17.033684877873288
96.16373764352834 17.03376534044007
96.16073894512996 17.03382971701661
96.16972431615993 17.03405501872671
96.16706357204332 17.03406574924332
96.16191375078989 17.03407111124007
96.15893114335992 17.034151580329965
96.16427408129675 17.03417303484007
96.16158115695993 17.03423741141661
96.17205783015993 17.03423741141661
96.15833569255668 17.03428032695993
96.16105007792672 17.034392974553427
96.17200954609675 17.03459145975668
96.16964921558989 17.034629013303253
96.15914571455342 17.034720206386645
96.1586146403267 17.03474166089675
96.17040022952996 17.034811399470037
96.16954729198989 17.03504743169675
96.16687045535993 17.035068892729967
96.16209613695668 17.035170816329966
96.1671333106166 17.035465858329964
96.17212220021335 17.036045212534333
96.16167771204007 17.036098856506868
96.16255747741661 17.036109585327466
96.16652176901661 17.036131045989894
96.17173596684657 17.036329524670037
96.1608247762166 17.0363563477
96.16934880678664 17.036367078216607
96.16141485678338 17.036506548840073
96.16016495055342 17.036576287413357
96.17696625718989 17.036699672046574
96.1716179442101 17.03671039604007
96.17762070781009 17.036790865129966
96.15826059198665 17.03681231964007
96.16927906821334 17.036801595646573
96.16760001307328 17.03691961175993
96.17167159027002 17.03697325129675
96.17678922649674 17.036978619816608
96.15966606307003 17.037080543416607
96.16036343575666 17.037080543416607
96.17743295964658 17.037080543416607
96.17140873501336 17.037134182953427
96.17154284364005 17.037316575643324
96.15454306484656 17.037354129189893
96.17516917941336 17.03736485318339
96.17667657890325 17.037418499243323
96.16741762038339 17.03743459175668
96.1663286458101 17.037547245873288
96.17505652790598 17.037600885410107
95.26601309022672 17.038518197810106
96.1767838645 17.03772963204007
96.16740689638989 17.037863747189895
96.16624282124657 17.037976394783392
96.17141946552997 17.03798176330325
96.17714864335667 17.038062225870036
96.15752566575343 17.038207065013356
96.15557302484007 17.038212427010105
96.17626888450326 17.038201703016608
96.17685896507004 17.03823925004007
96.17140873501336 17.038271441589895
96.1573379175899 17.038416274210107
96.15879703301661 17.038427004726714
96.16733178929675 17.0384967433
96.17045387558989 17.038571843870034
96.15770805844332 17.038630851926712
96.17148383558339 17.038807876096747
96.15590561867003 17.038834699126713
96.17264791072671 17.03889907570325
96.16760537507002 17.03916729295668
95.53153563698339 17.039923673700002
96.1725138021 17.039355047643323
96.15628649004006 17.039430148213356
96.1713926425 17.03970909598339
96.17630643152671 17.039902219189894
96.17132827244657 17.040095335873286
96.17544276518665 17.04009533587329
96.17235823244006 17.040363553126717
96.17629033901335 17.040374283643324
96.1756412503899 17.040406468670035
96.58657185055668 17.04007387484007
96.15638841364006 17.040572768846573
96.18824779842997 17.040739062500002
96.15686584661336 17.040781978043324
96.18774890833734 17.04078197804332
96.19019507734657 17.040808801073286
96.17471857077464 17.040926817186644
96.18858039225994 17.04102337552834
96.16619453718339 17.04110384200899
96.58644310392671 17.040706877473287
96.17287858095668 17.04112529912834
96.18785619589102 17.041146756899998
96.17226703935668 17.041195036397006
96.19029163242672 17.041195036397006
96.15708578632672 17.04127013827166
96.18841946060326 17.041398883597004
96.16618917518664 17.041436434534333
96.15508486787328 17.041538358134332
96.15735401010325 17.04178526162997
96.19046329460001 17.041806716140073
96.15676392301336 17.04187109271661
96.16636619935667 17.041930100773286
96.15916181358989 17.042026655853427
96.1888003319733 17.04201593185993
96.15742374215343 17.042091032429965
96.188070772303 17.04207493991661
96.16616235215668 17.042262694603252
96.16616771415343 17.04252554985993
96.3400070904101 17.042353887686644
96.16682753981661 17.042541642373287
96.1595104934101 17.04265965848664
96.16678998627003 17.04284204465343
96.15808356627167 17.043126360943322
96.15962851604658 17.043137091459933
96.33970131961011 17.042960067289894
96.15730572604006 17.04339457819675
96.15809429483133 17.04341067071011
96.1648909914166 17.043437493740072
96.33962085704331 17.043271200086643
96.16432236364332 17.043587701403254
96.158260591094 17.043673532489898
96.1928182679166 17.043711079513358
96.16229998415668 17.043813003113357
96.15748811872996 17.043823733629964
96.1616079799899 17.043936383283395
96.15558911735343 17.044000759859934
96.33812418807004 17.04389346774007
96.30351823459999 17.04401685031336
96.19291482299676 17.04431725911661
96.16684899432671 17.04441381625668
96.33805981801662 17.04425824659675
96.33881083024008 17.044258246596748
96.16606042855668 17.0444567318
96.30371671980325 17.044333351629966
96.16560445661659 17.04455329340325
96.15440358769999 17.044639124489898
96.16694018741009 17.04469813254657
96.16615699015992 17.04473031757329
96.158217676203 17.044789325629964
96.3380598180166 17.044617663456677
96.19273779882673 17.044810784603253
96.30367916625667 17.044724953516607
96.33881083024008 17.044875156716607
96.15835178613433 17.04505754288339
96.16693482541335 17.04506291140325
96.15709115484657 17.045138011973286
96.16354452838988 17.045132643453428
96.15730572604008 17.04532576665993
96.15657616832672 17.045497422310106
96.16692409489676 17.04604996031661
96.16532014032671 17.046275264086646
96.30393129099674 17.046162607910105
96.1659209514101 17.046307449113357
96.1665432235267 17.046328910146574
96.16735325032997 17.046516658310107
96.1687319031899 17.04655421185668
96.15944612335667 17.046597127400002
96.30385082842996 17.046468378710106
96.16851195695342 17.04670978151661
96.16339968924657 17.04675805905668
96.15763831987003 17.04681170511661
96.15967679358664 17.046827797629966
96.15667809192671 17.046843888083394
96.33622519321662 17.046672227970035
96.33566192915669 17.046709781516608
96.15701068575667 17.046897536203254
96.16142558729999 17.04695117574007
96.16781995278663 17.04696190625668
96.18601599964657 17.046972636773287
96.15660835335342 17.047096014883394
96.1559324417 17.0471067454
96.1634855138101 17.047101383403252
96.16704211101009 17.047197938483393
96.16161334198664 17.047230123510104
96.3040493071101 17.047289136029967
96.15492929821335 17.047439339229967
96.18611792324657 17.047423246716612
96.15445723375993 17.047498347286645
96.16177427364332 17.04763245591336
96.15497221375668 17.047691463970036
96.16393612375342 17.04778265705343
96.15730036404332 17.047809480083394
96.15669418444007 17.047965049743325
96.15547110124007 17.04823326699675
96.15808893022535 17.048549768313357
96.5875642635267 17.048136710182835
96.16382883815668 17.04860341437329
96.5879719579267 17.048313736086644
96.58833673678339 17.048458575229965
96.15717161741335 17.04889309265993
96.16220342255343 17.04893063968339
96.58866933061336 17.048614144889896
96.1622624306101 17.04920422545668
96.5875642635267 17.048936008203253
96.16555617255342 17.04939198185993
96.16248237684657 17.049440257683393
96.58761790958664 17.049204225456677
96.30830327837003 17.049526090486644
96.16025615015992 17.049681658429964
96.59061660952996 17.04925787151661
96.58758572455991 17.049461718716607
96.58717803015992 17.04954754499675
96.17507262107165 17.049971331910108
96.16433309415993 17.050003521091014
96.58961882804007 17.04966019739675
95.54578884709674 17.050754535683392
96.30847494054332 17.050008885456677
96.17512090187327 17.05021273265668
96.30752007459674 17.050083986026713
96.17544276518663 17.050432672370036
96.58961346604332 17.05007862296567
96.30865196471336 17.050464857396747
96.16302954187003 17.050641888089896
96.30767028225992 17.050556057003252
96.17539984964333 17.050727712653426
95.54508611241334 17.051484093396752
96.16036343575666 17.051001298426712
96.30880216585342 17.051001298426712
96.17531938055342 17.051140775573288
96.15970361661661 17.051296338710106
96.5887658922166 17.051156868086643
96.1753783886101 17.051843510256678
96.58700636798665 17.051559200489894
96.16103934741011 17.052058087973286
96.17530865655993 17.05209563499675
96.1613343942166 17.05220292711661
96.17521745695342 17.05233703574332
96.16094279232996 17.052422866829964
96.58686689084007 17.05204199545993
95.57490702348665 17.053189978089897
96.1606316530101 17.05279300768339
96.58678105975342 17.052492605403252
96.17523891798663 17.05295393934007
95.55029494652996 17.05362448899675
96.17513699438663 17.053232887110106
95.55888335024332 17.05388198225668
96.5866952351899 17.052986130889895
95.55133563875668 17.054042913913356
95.55951634635343 17.054246761113358
96.58658794307003 17.0534152798
96.58687225935992 17.053780058656677
96.58744088541661 17.053849797229965
95.56121686252672 17.054981687346572
96.15515460644657 17.054423785283394
95.55030567224007 17.05509969865343
95.56106129938989 17.055260633159676
96.15528871507328 17.05468127854332
95.55216175807328 17.05548593854332
95.55275720715993 17.055566401110106
96.15482737461335 17.055110429170036
95.5521242045267 17.055947279003252
95.5515019324101 17.056049202603255
95.55186134927004 17.05626377379675
95.55052561195342 17.056413981459933
96.15134587798339 17.056274504313357
96.1510508377 17.056612460140073
96.1522631903834 17.05687531539675
96.15053585770325 17.05712744665993
96.15208080421661 17.057213277746577
96.15718234792996 17.057245462773288
96.15699995524007 17.057486856996746
96.15027836444332 17.057502949510106
96.15173747987004 17.057647788653426
96.15316441027002 17.05779799631661
96.15689803164007 17.057878458883394
96.15290155501336 17.05814668265993
96.15281036192997 17.058726032710105
96.58555797655342 17.058726032710105
96.5855043370166 17.058999618483394
96.58653966552995 17.05902644151336
96.58546142147327 17.05932148179675
96.58646992695668 17.059396588889896
96.15614701941661 17.059954484429966
96.58640555690324 17.059798914770035
96.15607728084332 17.060303170773288
96.58536485987003 17.05997057694332
96.58591739341335 17.06007250054332
96.58385210318988 17.0601315086
96.15605581981009 17.060641128316608
96.58701709850325 17.060287078259933
96.1519681501 17.06090934557004
96.15251532164658 17.061258031913358
96.15587879564006 17.061290219006867
96.15594317221661 17.061381416546574
96.15265479227003 17.061569164710107
95.58018022937328 17.062196805346574
96.1522631903834 17.061628179289894
95.58075421742672 17.062341644489894
96.15195205758664 17.06197149711336
95.58109754177327 17.06262595425668
95.5779003549101 17.062754700886643
95.56132415464657 17.063317964946574
95.57761604514332 17.063307234429963
95.58228843994657 17.063435981059932
95.58067375485993 17.063961691573287
96.15155509370325 17.063527174143324
96.15065923581335 17.06357545168339
95.58180563845343 17.064219178310104
96.15032127998663 17.063779298883393
96.15112593827004 17.064380116489897
95.5883555736 17.065195505289896
95.58655850234658 17.065243782829967
95.5890797693166 17.065259875343322
95.58536224045992 17.06526523734007
95.58478288388665 17.065318883400003
95.5984030978899 17.065994796770035
95.59876250822671 17.065994796770035
95.59905218651335 17.066005527286645
95.60160027651335 17.067636304886644
95.59395600479675 17.06790452214007
95.595576056206 17.06841950865993
95.59527564959998 17.068473148196748
95.56482195217328 17.06876819500325
95.5644678973101 17.068913034146576
95.59928285674332 17.069208074429966
95.59999632194331 17.069261720489894
95.5974857854899 17.069519207226715
96.28360557871011 17.07042042711336
96.28364849425341 17.070715467396752
96.28364849425341 17.071005145683394
96.28370214031335 17.07128409345343
96.28376114837002 17.071879544497005
96.28378260940325 17.072169222131336
96.2826882663101 17.072367707746572
96.28379333339674 17.072458900829965
96.28273655037327 17.072678840543322
96.28382552494656 17.072748579116606
96.16985842478664 17.0752859386
96.16750345147003 17.076015496313357
96.16632328381336 17.07620861299675
96.16740689638989 17.07620861299675
96.16666123964006 17.07646074425993
96.16499827701335 17.07647683677329
96.1675517290101 17.07647683677329
96.16810426255343 17.076492929286644
96.16409169341335 17.077281495708988
96.58130937518663 17.077007911000003
96.58126109764657 17.077351235346573
96.16350697484332 17.078064700546573
96.58121281358339 17.07773210671661
96.16406487038338 17.078408018370034
96.58116989804006 17.078112978086644
96.58108943547327 17.078536765000003
96.16403268535667 17.079314600253426
96.57919043670599 17.07903565248339
96.58100360438664 17.07904102100325
96.57914752116267 17.07926632271336
96.16339432072671 17.07981885625668
96.16715476512671 17.07995833340325
96.1639844078166 17.08001734145993
96.58090168078664 17.0797598482
96.16572783472671 17.08021582014007
96.16646276095992 17.08036602780325
96.16788969135993 17.080478675396748
96.58082658021661 17.08007634951661
96.58076757215993 17.080398212829966
96.17037876849675 17.080966838886646
96.16381274564333 17.081041939456682
96.03885399057003 17.081235056140073
96.58074074912996 17.080859553289894
96.16640375290325 17.08140135631661
96.1670313870166 17.081422810826716
96.17025002838989 17.08144427185993
96.03847848119676 17.081680304086646
96.58066564855991 17.081224332146576
96.30844275551661 17.081680304086646
96.30944589900325 17.081809050716608
96.58057981747328 17.081562287973284
96.16320656604006 17.082399131283395
96.30980530934006 17.082366946256677
96.3087485263166 17.082442046826714
96.3087592503101 17.082822920805995
95.54368064132996 17.083708185570032
96.30972484677329 17.082946301525343
95.95129604675992 17.083407783289893
96.16366254230599 17.083402414770035
96.30910793665342 17.083262801406867
95.54380938795993 17.0840407794
95.95210070504332 17.084738152086643
95.95287854029675 17.084877622710103
96.1642794498166 17.084738152086643
96.16783068330325 17.084877622710103
95.95234210578988 17.08510829294007
96.16399513483134 17.086148985510107
96.1662267222101 17.08627237014332
96.16641984541661 17.087162859513356
95.58816781891335 17.094860777289895
95.58595768474007 17.09539721179675
95.58695546622997 17.095413304310107
95.58750263125341 17.095563511973285
95.58846285919674 17.09560105899675
95.58693400519675 17.096024845910108
95.58273368137003 17.096180415570032
95.58809271834332 17.096180415570036
95.61292452525667 17.09637890077329
95.5821382322834 17.096491554889894
95.61255438179401 17.096486186370036
95.612146687394 17.096577379453425
95.58502964662996 17.096695402089892
95.58623127051335 17.096931432359675
95.5863171016 17.09730694042834
95.58222943188989 17.097376677697003
95.58810881085667 17.097483965772533
95.5862366325101 17.097698540770033
95.58192902308664 17.09777364134007
95.58697692074007 17.097843379913357
95.58109754177329 17.09802577260325
95.58685354262997 17.09828325934007
95.58110290377003 17.098358359910105
95.58203094668664 17.09895917751661
95.58288925102997 17.10041829294332
96.1315136929 17.103105855283392
96.13222179610324 17.10315950134332
95.47350871448664 17.10414118379675
95.47394859391335 17.10429139145993
96.03515791794007 17.109097894889892
96.03440690571661 17.109140803910105
96.03480386960001 17.109435850716608
96.15365256895342 17.11059455734007
96.15776170450326 17.11144213768989
96.15696777021336 17.111731809453424
96.1577670665 17.112101956829967
95.74118775107328 17.113051455973284
96.1573379175899 17.112756413973287
96.15700532375993 17.113228478426713
95.42472465157329 17.11554053791661
96.090373899094 17.115658554029963
96.12563431067166 17.116194995059928
96.1248294391267 17.116355926716608
96.1251032349 17.116366650710106
96.14869586438338 17.117407347743324
96.14921085090324 17.117536094373285
96.14844373964331 17.117627287456678
96.14812187632995 17.117729211056677
96.14834717804007 17.117863319683394
96.1489104421 17.118013527346573
96.61462766564657 17.12151647848664
96.61531430781659 17.12168277214007
96.61335093638664 17.12203682700325
96.612342428294 17.123356465283393
96.61455255855341 17.12541653841661
96.61358696861336 17.125427262410106
96.61326510529999 17.125502369503252
96.6141019486101 17.12555600904007
96.61376936130324 17.126307027786645
96.6144184499267 17.126543060013358
96.61492806792671 17.126559152526713
96.49158399965668 17.129354009046573
96.14607267209675 17.129708053610106
96.49222772628339 17.129590041273286
96.11174030278337 17.13018012184007
96.14601903255993 17.130426887329964
96.14206546797465 17.130646824296747
96.14587955541336 17.130775573673287
96.13135275952672 17.13088286057466
96.13127229695993 17.131403207134333
96.71463658955342 17.132331247956678
96.14324027232996 17.132969612586642
96.1431812642733 17.133302204459675
96.30031032374332 17.133522147846573
96.30023522317327 17.133795727096746
96.2998489832834 17.13420342149675
96.3003800623166 17.134423361210104
96.29974169768664 17.134487737786642
96.12347224421009 17.135721551503252
96.29870100065342 17.13578592155668
96.11627858895991 17.13602732230325
96.12380483804006 17.136102422873286
96.29945738139673 17.136274085046573
96.29886730082995 17.13634381709675
96.12382629907327 17.136735418983392
96.3001064765433 17.136654956416606
96.29970414414007 17.137089473846572
96.29815383562996 17.137642007389893
96.29768176465342 17.13801751024007
96.60653814794031 17.1426469895
96.6069565709 17.14284547470325
95.94359276527003 17.143639402470036
96.60835667827003 17.142979583329968
96.60914524404006 17.142979583329968
96.60759493552996 17.142984945326717
95.94366786584007 17.144036368962674
95.94374833492996 17.144347504368664
95.94380734298664 17.144621088706867
96.61178453364657 17.144610359625343
96.28354657065341 17.144953680470035
96.28274728088988 17.14573688424332
96.28222156385343 17.146262594756678
96.14943615261336 17.149266658413357
96.15053585770325 17.149320304473285
96.15123859238665 17.14939540504332
96.15049294215993 17.14970117584332
96.15122786187004 17.14976554589675
96.27823045094007 17.150554118189895
96.27775838583432 17.150816973446574
96.1480950533 17.151004721610107
96.27822508894332 17.150918897046573
96.27764573367465 17.151106645210106
96.27817681140326 17.151160291270035
96.27867569888664 17.1512890379
96.27867569888664 17.151525070126713
96.40290489332534 17.15216879675343
96.402620580297 17.152383374470034
96.40485753554331 17.152576491153425
96.4044176561166 17.152753521846574
96.40399386920325 17.153204131789895
96.36607271104008 17.153552811610105
96.40387048457004 17.15353671909675
96.36689883035669 17.1536332807
96.40344133565992 17.153804942873286
96.277565267194 17.154024882586643
96.19863327593734 17.15450767755668
96.19777497248666 17.154534500586642
96.34570945083733 17.15439502344007
96.402781512606 17.154362838413356
96.1969327606567 17.154572047610106
96.19958277597328 17.15479735584332
96.2003176956834 17.154818810353426
96.3452856648166 17.154706157953427
96.34568262845968 17.154716888470034
96.40243282845992 17.154775896526715
96.11259324423732 17.155092397431336
96.40204658857003 17.15493682818339
96.36604052601336 17.155060212816608
96.36668962115994 17.155070936810105
96.40163889417002 17.155081667326712
96.40092542897003 17.155113852353427
96.19776424197005 17.15540889679101
96.19862254672535 17.15540889679101
96.36656623652672 17.15534452258339
96.1833069766166 17.155580554810108
96.34440589944008 17.1554571767
96.34480286984657 17.15546253869675
96.18400434930325 17.1556610239
96.40117219171336 17.155537645789895
96.36659842155343 17.155682478410107
96.34479750132672 17.15570930144007
96.18476073004658 17.15591851715993
96.40092006697327 17.15576830949675
96.34459365412673 17.15591314864007
96.34747970167004 17.155950702186644
96.16489635341335 17.156202826926712
96.40051773457003 17.156208195446574
96.34609568746568 17.156449589670036
96.19378385785669 17.156658805389895
96.34663212784332 17.15672317544332
96.19217990328664 17.156927022643323
96.39967016074331 17.15683046104007
96.19379995037005 17.15703967675993
96.34627271098338 17.156921660646574
96.34713101532671 17.157066499789895
96.18986248351662 17.1573937251
96.39929465137003 17.157189877900002
96.19219063380325 17.15739908709675
96.19373558031663 17.15745273315668
96.19243739654658 17.157779964989892
96.36555773104332 17.157763865953427
96.33396141778991 17.157838973046573
96.34590793343133 17.157887250586644
96.18779718783435 17.158117920816608
96.36553627001011 17.15804282024657
96.34636927258666 17.15821447589675
96.33314066047004 17.158278852473288
96.36348170549675 17.158327130013355
96.36547726195343 17.158391506589894
96.17824834844657 17.158708001383392
96.33299045932998 17.1586168083
96.17831808049675 17.15902986469675
96.31936488504658 17.159003048189895
96.31808815407004 17.159072780240074
96.31987450304658 17.159099603270036
96.17346866804657 17.159351728010108
96.31847975595667 17.15947511264332
96.31959018675668 17.159501935673287
96.33273833458989 17.159614589789893
96.17355986112997 17.160113477273285
96.17348476055992 17.16053726353433
96.18348400215993 17.160569450929966
96.18278662947328 17.160574812926715
96.18414382129998 17.160671374529965
96.17349012255667 17.16069819519101
96.31052950505668 17.161486763329965
96.31043294345342 17.16181398864007
96.33658997207328 17.162355798189893
96.33639148687004 17.16262937744007
96.33604280052671 17.162774216583394
96.33387558670324 17.163299927096748
96.33391850224658 17.163573512870034
96.3116828496834 17.1637022595
96.31227293677327 17.163804183099998
96.33543662572997 17.16386319115668
96.31092110694331 17.163938291726712
96.33522204801335 17.16430843910325
96.3343583816733 17.16441036270325
96.3353990721834 17.16466784944007
96.30821208528664 17.164909250186643
96.3080350611166 17.165359860129968
96.30749325808989 17.165375952643323
96.30721967231659 17.165493968756678
96.30777756785668 17.165772916526713
96.30706410265668 17.165778285046574
96.30681733991335 17.166137697340325
96.30655448530898 17.166481018425344
96.3518785107 17.169941193610107
96.3517765871 17.170150409329963
96.35145472313434 17.17058492675993
96.35242031372672 17.17062247378339
96.351363528094 17.17110526875343
96.35178731761661 17.17188311052996
96.351111401397 17.17195284910325
96.34258200515669 17.173873300526715
96.34268929075344 17.174232717386644
96.34282340590326 17.174747699340323
96.34378363384658 17.174935453374655
96.34300579207004 17.175123208473288
96.34222795681661 17.17515002913433
96.34214212572996 17.175428979273285
96.34258200515669 17.17652331584332
96.3434295789834 17.177049026356677
96.34354223310001 17.177521090810103
96.34287704544008 17.177639113446574
95.7585793414101 17.183207359616606
96.20443755522672 17.187520337559928
96.2041693379733 17.188003132529964
96.20112772248666 17.191543635499997
96.35779008121662 17.192841820986644
96.35814949155343 17.193399716526713
96.35663136937467 17.19352310115993
96.35757550350002 17.19383423395668
96.35865910955343 17.193850326470034
96.3567601147 17.19393079555993
95.78326095198989 17.23453407479675
96.47618817193134 17.238299887716607
96.4766656036 17.239050899940068
96.60729989524657 17.243530178059927
96.60786852130325 17.243535540056676
96.60309956489675 17.250799078686647
96.60518095244007 17.250836625710107
96.60478935055342 17.250938549310106
96.60245047627328 17.251158495546573
96.60440847918338 17.251265781143324
96.60212324444007 17.251453535829967
96.60435483964656 17.251614467486643
96.60436556364006 17.251888053259933
96.60674735998663 17.25223673960325
96.60180137941009 17.25242985354007
96.60346434375342 17.25280536565993
96.60324977255992 17.253320345656682
96.60384522164657 17.253347168686645
96.60336242015342 17.25392115674007
96.6018013794101 17.25406599965993
96.6024826613 17.254323489143324
96.6018925790166 17.25441468600325
96.59931766598663 17.256281495829967
96.601163019106 17.256479977582835
96.6010986447267 17.25656580559675
96.60036372501659 17.256581898110106
96.60175310187003 17.256603359143323
96.59950542067328 17.25695740748339
96.59991847707002 17.257129069656678
96.59888314855667 17.25724708577004
96.59359385015668 17.259140720343325
96.59326125632671 17.259505499200003
96.59409810615992 17.259752261943323
96.59317542524008 17.26007412525668
96.59557867609675 17.260202871886644
96.5946881867267 17.261629802286645
96.5931486022101 17.26221452085668
96.69187544138339 17.268195829946574
96.58233934170325 17.275866919886646
96.58132010570324 17.27767472165668
96.58139520627327 17.277916122403255
96.58258073592671 17.278307724289895
96.58288114472995 17.278372094343325
96.58061736449673 17.278415009886643
96.58157759244006 17.278468655946575
96.5825700054101 17.27854911851336
96.58107870495667 17.278624219083394
96.58165806152996 17.278811973770036
96.58187263924657 17.279069467029963
96.58129864467003 17.2791445676
96.58142202930324 17.279332322286642
96.55571560935343 17.282668979773288
96.5524701514733 17.305060125716608
96.55331236330326 17.305178141829963
96.5591380993 17.306240295089893
96.55868748935669 17.30637440371661
96.55819396387005 17.306519242859927
96.55906299872997 17.30732926314007
95.86718719494007 17.35769039009675
95.8670155392899 17.35916560455993
95.86672586100325 17.359659130046573
95.86704235579674 17.360576442446572
95.86706917882671 17.360994860840073
95.83455018465344 17.361627863473288
95.86726766402995 17.361885350210105
95.86753588299999 17.361885350210105
95.83461456122996 17.362282320616607
95.86515409145991 17.362652461470034
95.83457164568664 17.362818761646572
95.8648161291101 17.363199628210104
95.86535793865994 17.363285459296748
95.86683850859674 17.363644876156677
95.86779337454333 17.363671699186646
95.86808305282996 17.36395064695668
95.86700480877329 17.37805379249675
96.01328725914007 17.378391750383393
96.01277227914332 17.378499040443323
95.86310488894333 17.37896038090325
95.86387736219999 17.37910522004657
95.8617476954 17.37936807530325
95.86360914494657 17.3794753609
95.86341065974332 17.37982940924007
95.86227877093134 17.382254123189895
95.86508435288664 17.38275301238989
95.86216611877165 17.382795921410107
95.86455327385343 17.383707871813357
95.86456937288989 17.384115566213357
95.86417777100326 17.384571538153427
95.86404365585344 17.384984601073285
95.86377007660326 17.38548885055343
95.86372179254008 17.385891182956676
95.86269719454332 17.38673875678339
95.85581467037329 17.388251519986643
95.85657641352535 17.388380266616608
95.85491345048663 17.388401721126712
95.85399077608989 17.388578745296748
95.8531163727101 17.388686037416605
95.85959656928338 17.388782592496746
95.86011155580324 17.388798685010105
95.85221515934657 17.38885769958989
95.85182891774008 17.38888988461661
95.85828765499674 17.38892206964332
95.85116373660324 17.38899180821661
95.8588133655101 17.38902399324332
95.84854590802996 17.38948533370325
95.85934980654007 17.39055820924007
95.8586685328899 17.390799609986644
95.86099667665343 17.390831795013355
95.85967166985343 17.390933718613354
95.85794433717328 17.391046372729964
95.8609644916267 17.391159026846573
95.85757418979674 17.391293135473283
95.85896357317328 17.391314589983388
95.85710212534332 17.391352143529964
95.85824473945343 17.39148089015993
95.8573059708267 17.391545260213356
95.84563840247466 17.39168473735993
95.84592808010899 17.392172894326713
95.85535332991336 17.392172894326713
95.85970922339999 17.392301640956678
95.85507974414006 17.39239283404007
95.85457549465993 17.392408926553426
95.85606143311661 17.39248939564332
95.85414097722996 17.392741520383392
95.85842713214332 17.392913182556676
95.85923715894657 17.3929560981
95.85479006585342 17.393020468153427
95.85768148191661 17.393181399810103
95.85405514614331 17.39325113838339
95.85764929688989 17.39360519324657
95.85337923448989 17.393626647756676
95.8573649788834 17.393674925296747
95.86083574499675 17.393744663870034
95.8556108231733 17.394495677810106
95.85501001208989 17.394640519672535
95.85485980442671 17.39477463210325
95.85409806168664 17.395064310389895
95.85450575608664 17.395123318446572
95.8520864127166 17.395305704613357
95.85358308168989 17.39534325815993
96.51978486364658 17.414746287810104
96.52050369084333 17.416387797231337
96.52002625787004 17.416511178602995
96.52014964250326 17.416774175916608
96.52048759832996 17.417267701403247
96.52077727661661 17.41783095894007
96.52087383169675 17.4180884522
96.5203481211834 17.418394223
96.52089529272996 17.41839958499675
96.52101867084008 17.418882386489894
96.52057879141336 17.418973579573287
96.52023010507004 17.418978941570035
96.5209596627834 17.424214594253428
95.82436855345343 17.426526653743323
95.87933240904331 17.430426572268665
95.83183043900326 17.431537004373283
95.7114904343899 17.432953204256677
95.71188739827329 17.433216059513356
96.52609339804658 17.437657784086642
96.52620068364332 17.43787236180325
96.52628114621011 17.438108394029964
96.52635625330325 17.438419526826713
96.52637770781337 17.438719935629962
96.5266352010733 17.440077127456675
96.52487031484657 17.44025415162671
96.5248327613 17.440549191910105
95.81238427718664 17.458584445740065
95.8080283854166 17.459120886770034
95.82143422837004 17.459163802313356
95.82194921488988 17.45919598734007
96.6260969615733 17.50359726658339
96.64228671837003 17.503683095610107
96.61711674758988 17.503849395786645
96.61447209598663 17.503854757783394
96.62668168014332 17.50387085029675
96.64304310082997 17.503983506473283
96.57834822707328 17.504139074073287
96.66845426260001 17.54432393481661
96.2649857463101 17.597812503783395
96.03190709154008 17.611856502983393
96.24176841482672 17.613278073103253
96.01740175668665 17.631270410116606
96.01765388314334 17.631849766689896
96.0172837405733 17.632053613889894
96.02424136531337 17.63343762613733
96.21216765974657 17.633620016629965
96.21214083671661 17.634317389316607
96.21236077642997 17.63782570725993
96.21368578322998 17.638077832
