95.63217220314331 16.285960099116608
95.6321292876 16.286748664886645
95.40878701951661 16.29980038909101
95.83190553957328 16.379944804813356
95.87364593700325 16.400737219556678
96.07411440265966 16.413563497553426
95.58985224257327 16.456065784689894
95.57598526754332 16.456714873313356
95.57689721794657 16.4571064752
95.57741219794332 16.45716012125993
95.58966984988339 16.457272768853425
96.0610143276567 16.457020644113356
95.58894029217004 16.4577180168
96.06594978918989 16.458114982640325
96.30314809374657 16.554610231073287
95.28200437005992 16.56104750729675
95.89743189399101 16.58732248021336
95.7642763342101 16.600068292896747
95.90062371127003 16.602771954273287
95.7599150787267 16.60418815415668
95.89979759195342 16.604762142210106
95.89627318630323 16.605035727983392
95.76523656215343 16.60545951489675
95.90511908190325 16.607868132968665
96.29654988105992 16.608420665859676
96.29001067642996 16.608458216927467
95.59222330359674 16.62231982958989
95.59282948319999 16.622319829589895
95.59288849125667 16.622866994613357
95.75658378495342 16.62598921928989
95.82397159087466 16.6328771058
95.823638997697 16.633043399453427
95.82221207014658 16.63321506317166
95.8222764402 16.633907072316607
96.50384186135344 16.641916122889896
95.74875691569675 16.65489796574007
95.23167535737167 16.66070225065993
95.90822506720299 16.669848691629966
95.78031589158338 16.696971097343322
95.85210250522996 16.697840132203254
95.78729497564007 16.701208973
96.04808612605993 16.70334400179675
96.0469810589733 16.703472748426712
96.04720099868666 16.70365514111661
96.0486332910834 16.70399845894007
96.04490503342672 16.704862131803253
96.04607983908664 16.705049886489896
96.04584380685993 16.705055248486644
96.0464821714899 16.705108894546573
96.04869229914007 16.705108894546576
96.04825241971336 16.705473673403255
96.04928774822672 16.705607782029965
96.05015142108991 16.705725798143323
96.0466860186899 16.70574189065668
96.04970081114658 16.705806260710105
96.0494272253733 16.706192500600004
95.88059840778664 16.706449993859934
96.05007631399675 16.70769453287466
96.0497437266899 16.707850099925345
96.05023724565343 16.70827925222747
95.86816351711335 16.71153558344332
95.24405102786267 16.721835229726715
95.24479668200325 16.72195324584007
95.2446089273166 16.722167823556678
95.24443726205342 16.722478959072532
95.24297814793132 16.72260770298339
95.24451236571335 16.72260770298339
95.24413149434332 16.72291884230325
95.24641136708989 16.72311732098339
95.24780610594007 16.723498192353425
95.24757007371335 16.723723500586644
95.24590711108664 16.72387370172671
95.24630944348989 16.72413655698339
95.24868587131661 16.72429748864007
95.24672249988664 16.72438868824657
95.79287932084657 16.725649318470033
95.79216048712671 16.72586925818339
95.7651721921 16.72881968230325
95.50921436824007 16.731936398359927
95.62262872657328 16.732397732296747
95.62201718497329 16.732617672010107
95.62211910857329 16.73286980196866
95.7523834611267 16.73287516698664
95.63389954234657 16.733062921673287
95.75226544501335 16.73318629978339
95.63399609742672 16.73334723144007
95.82789833242997 16.73396950355668
95.82741016894008 16.734049972646574
95.62374988308338 16.734532767616606
95.69390592878665 16.734854630929966
95.26581997354333 16.73549299555993
95.61174435588339 16.735278417843322
95.62145928291011 16.735407164473287
95.26641005411011 16.735900689959927
95.6221512905101 16.736394215446573
95.61629336605341 16.736640978189893
95.62108377697002 16.73669998624657
95.6214271013166 16.736828726353423
95.69374499712997 16.73763339115993
95.26818031057329 16.73806254178664
95.58758846234005 16.737767499786642
95.58363490125667 16.738024993046572
95.6216094874834 16.73799280149675
95.69305835495993 16.73807327230325
95.69406686215993 16.738121548126713
95.58353297765667 16.73848096433433
95.69511828318664 16.7383951339
95.62900720782997 16.739280262989894
95.84726917877003 16.73965576584007
95.84745693345667 16.73997762915343
95.67008778131336 16.740347776529966
95.66971763874332 16.740379961556677
95.69342849581335 16.740846664013354
95.69428143335342 16.74088957955668
95.59353758640324 16.741426020586644
95.66819414674006 16.741806891956678
95.66943332245341 16.7426651963
95.6697981013101 16.742826127956675
95.66950842954657 16.743035337153426
95.66981956234332 16.743180176296747
95.66952988405669 16.743400116010108
95.66984101685341 16.74357177818339
95.57776088428665 16.74377026510325
95.66955670708664 16.74378099390325
95.63227948874007 16.744054575762668
95.57740683594656 16.744118951446573
95.57726199680324 16.744601746416606
95.67033990605341 16.74545468224007
95.67147179617004 16.745631706410105
95.67300065017002 16.745647805446573
95.67036672908338 16.745771183556677
95.2907966196 16.746752866010105
95.2906839654834 16.74779356304332
95.29057667988664 16.748635774873286
95.27416161314007 16.749102477329963
95.27711739754008 16.74920976292671
95.27772357714332 16.749300956010103
95.27275614377328 16.749939322727464
95.27501455548665 16.749939322727464
95.27502528600326 16.750062845273288
95.27273468274007 16.750073575789898
95.27269176719676 16.751237644410107
95.27779331571661 16.751704353389897
95.27760019553133 16.75248219070325
95.67789298468664 16.752562653270036
95.27757873775968 16.753329764529965
95.27729979022996 16.753335130989896
95.27758410236567 16.75422561589675
95.7486925470166 16.755824208470038
95.74590305627004 16.75628018041011
95.74863890095668 16.75647330361661
95.66108631605343 16.75931643561661
95.66251324645341 16.75978313807329
95.66136527034656 16.76210591984007
95.66536174697329 16.762894485610104
95.65888691239675 16.763725970837328
95.6619607129101 16.763902995659677
95.65973449274657 16.76395663976267
95.66009927160326 16.764085385740326
95.66004026354656 16.764267778189897
95.65971839371011 16.765641062529966
95.69202838844332 16.766000479389895
95.66259371554332 16.766982161843323
95.66098976097328 16.76771171955668
95.66192316588663 16.768108683440072
95.66067862165343 16.768242798589895
95.6616442181166 16.768725588753426
95.6987928947834 16.771649188126716
96.00187181902996 16.775559840189892
95.66834435440325 16.777716328303253
96.25870940345993 16.78881526709675
96.25779209105993 16.789963249726714
95.70921592844658 16.794485581673285
95.7086902114101 16.794490943670034
95.709725543597 16.79449630944332
95.71072332312997 16.79450167144007
95.71021906712672 16.794507039959928
95.71126512615668 16.79450703995993
95.71114174804657 16.79487181881661
95.71112028701336 16.79520977464332
95.71117929507004 16.795531637956678
95.71115784055993 16.7958803243
95.7117962051899 16.797586202470036
95.30617635131011 16.79888438624007
95.77815404147327 16.800112833153428
96.42855745714657 16.806775422416607
96.43245201017328 16.806888070010103
95.88925118670325 16.83392478748339
95.91086435224332 16.833973071546573
95.75775859061335 16.838275319316608
95.75752255838664 16.838607913146575
95.75736162672996 16.83889222291336
95.75716851004657 16.83918726319675
95.7569485638101 16.839460848970035
95.75679836267003 16.839723704226714
95.65832901750898 16.851273259486643
95.7545238567267 16.85277529110899
95.75561819329674 16.85289867182834
95.755848864591 16.853123978516606
95.7551246678101 16.85399300685343
95.75823066158989 16.85428805365993
95.75763521250325 16.85505515839675
95.7554089841 16.855736438570034
95.75718996455667 16.85652500434007
95.65172007845993 16.857125821946575
95.65066865091009 16.85765153245993
95.6516771629166 16.858091411234334
95.64962259840324 16.85832744476567
95.65214922737003 16.858654671140073
95.65035751811335 16.85947542845993
95.64954212931335 16.859952854910105
95.65222432794006 16.860108424570036
95.65150013874657 16.860376648346573
95.65091005165667 16.860773612229963
95.65199365771011 16.861165214116607
95.65138748462996 16.86150316994332
96.23342140842672 16.86457697217329
95.63999886102671 16.86552110760325
95.63944096548664 16.865676670740072
96.23445137494333 16.865446000510104
95.63934440388338 16.866057542110106
96.23366817117004 16.865751771310105
96.23460694460326 16.86594489451661
96.23416169665668 16.866057542110106
95.64091617342672 16.86716260919675
95.6421070716 16.868278406800002
95.6416189081101 16.868305229829964
95.64115757417329 16.86832132234332
95.26078816840325 16.882038230053425
95.63910300965992 16.882054329089893
95.63134072011334 16.88247811600325
95.6322312112 16.882504932510102
95.63299295394006 16.88254248605668
95.63457009200326 16.882596132116607
95.63534256525992 16.882622955146573
95.63381907325667 16.88263367914007
95.6361257625101 16.882655140173284
95.63774581131011 16.882751696970033
96.01842099440326 16.88389431760325
96.01233239971661 16.884296643483392
96.01200516788339 16.884682883373287
95.64300292468339 16.88517104034007
95.64250939919674 16.885203231889896
95.64201587697166 16.885246140910105
96.01935439931663 16.885954244113357
95.6402939013101 16.8871826893101
95.64107174308663 16.88729534342671
95.64880720960325 16.887370443996748
95.64938119765668 16.887429452053425
95.64024026177327 16.88745627508339
95.77917327747328 16.887354351483392
95.64255768325992 16.88750455914657
95.64107710508338 16.887526013656675
95.6502609565101 16.88756356720325
95.78039636067328 16.88752601365668
95.78157652832996 16.887939070053427
95.64119512119674 16.88812682474007
95.783073195106 16.888040993653426
95.78272987295668 16.888073185203247
95.64551882965668 16.88822874834007
95.78053046929999 16.88819120131661
95.64370029737003 16.888464787089895
95.64370566588988 16.888690088799997
96.14167386674032 16.888196563313358
95.7827942430101 16.88859889375967
96.14309007118989 16.888298486913357
95.78306783049999 16.888668631028338
95.6400685996 16.889247986056677
95.64115757417329 16.889591310403247
95.6470905992 16.88965031845993
95.63999349902997 16.890760747543318
95.63957507411335 16.89100751028664
96.13682981432996 16.89055690034332
95.64712815274657 16.891098703370034
96.13692100741335 16.891313281086642
95.6366031972 16.8923486096
95.94447252584007 16.893083529310104
95.63229021925667 16.89451582994657
95.63293931440325 16.894558745489892
95.63260672057328 16.894601654510105
96.51408787084657 16.894767954686642
95.63232777280325 16.89584619874332
95.63267645914658 16.89630217068339
96.51347096072672 16.895583343486642
96.51298280375994 16.895663806053427
96.51420588695993 16.895674536570034
95.63266572862996 16.896699141089893
95.6326389056 16.89705855142671
95.63272473668664 16.8975359844
96.51363189238339 16.896897619770037
96.51313836689675 16.8969244428
96.51384110810326 16.898523035373284
96.5135085142733 16.89895755280325
95.64208024857004 16.904316583253426
95.64264351434657 16.904386321826713
95.64312094079673 16.904413144856676
95.64023489325342 16.90501932445993
95.63932831137004 16.906451618573286
95.95229919024658 16.906709105310103
95.95116730012995 16.907787355889894
95.95034118081335 16.908168227259928
95.94655391338338 16.908382798453424
95.94603357138989 16.908592014173287
96.49670699925342 16.90927329434657
96.49756530359674 16.909514688570034
95.9423053120166 16.910222791773286
95.94169913241336 16.91031398485668
95.94218729590324 16.91107573020599
95.63357231051336 16.911424415656676
95.63409802102672 16.911488785710105
95.63257453554657 16.911848202570035
95.38573082934658 16.912497297716605
95.38495298757005 16.912599221316608
95.6355249514267 16.912357820570033
95.63688751177328 16.912717237429963
95.3853070359101 16.91298009268664
95.7142316410733 16.91315175485993
95.7148646371834 16.91359699628339
95.7142423715899 16.91380621200325
96.55550103644333 16.913521895713355
95.63516017257004 16.914900548573286
95.63674267262996 16.91501856468664
95.6998926015899 16.915646198799998
95.7003914890733 16.91570520685668
95.92054172915667 16.91607535097166
95.69881435427166 16.916735313473286
95.91981217144331 16.91652596026267
95.71322849758664 16.91820515941661
96.53496611015343 16.917566794786644
95.71321240507328 16.918425099129966
96.53822230335669 16.917641895356677
95.63631888417166 16.91884888604332
95.24769881725342 16.919294133989894
96.5382437643899 16.918108597813358
96.53598534615344 16.91833390604657
95.22235739405667 16.919830572273284
95.63748832457328 16.919433608389895
95.63847000702671 16.919492616446572
95.22495913011662 16.919932495873287
96.53990136021336 16.91868795438664
96.53938638021661 16.918709408896746
96.54034123964007 16.91894008290325
96.53109838015669 16.918977632673286
95.62552034700599 16.91999150015343
96.53478908598339 16.91909564604007
95.63791747348338 16.92000759644332
96.53898404609674 16.919111738553426
95.63885087839674 16.920039781470035
96.53111447267004 16.9194389666101
95.63809449765341 16.920404560326713
96.53836178050327 16.919573079013357
95.7026659933 16.920452844389892
96.53112520318665 16.919803751989896
96.14243024552671 16.920393829810106
96.51728505118665 16.920136339296747
96.51690417785969 16.920302639473285
96.53769123084658 16.920495753410105
96.53871582884332 16.9205762225
95.70943049964006 16.921788577929966
95.92908185224006 16.921708112616606
96.53717624432673 16.921107295010103
95.70941440712672 16.921981694613358
95.92865270332996 16.9217993057
96.5384476115899 16.9212092186101
95.6755970194267 16.922239187873288
96.54044316324007 16.921665197073285
96.53994427575668 16.921724205129962
95.63574489114006 16.922786356673285
96.54036806267004 16.922180177070032
96.53880165992996 16.922228454610106
96.53985308267329 16.92225527764007
95.70883505055343 16.923102854865668
95.63570197559675 16.923183320556674
96.53820621084333 16.9223089237
95.93618431749674 16.922936558602995
96.53669344935669 16.922357201240068
95.93670466601336 16.92308139695668
95.93718746098338 16.92317795855993
96.54027686958665 16.922754171646574
96.53978334410002 16.922839996210108
96.53369474941337 16.922979473356676
96.53832958895343 16.92302775089675
96.51719385810325 16.923059939974657
96.51675933936868 16.9230867617
96.54648348038666 16.92306530392834
96.53781997095344 16.923081396956675
96.53738009152673 16.9231243125
96.54682143621335 16.923129676917164
96.53526651895669 16.923151135529963
96.5365217871834 16.9232262361
96.53571176690326 16.923236966616606
96.53612482330001 16.923242328613355
96.54288396764332 16.92337643724007
96.53552401221661 16.923403260270035
96.54369935644333 16.923403260270035
96.54135511364333 16.923462268326713
96.54204175581336 16.92351591438664
96.54114590444658 16.923612475989895
96.54050753981662 16.92362319998339
95.66350566594657 16.924508329073284
96.53869436781011 16.923805592673286
95.9263835611 16.92444395249675
96.53738009152673 16.923864600729964
96.53780924695994 16.923864600729964
95.66184269679675 16.924771184329963
96.53820621084333 16.923912878270034
96.53674709541662 16.923987978840067
96.53578686747329 16.924052355416606
96.53534698804657 16.924079178446576
96.53505194124008 16.92408454044332
96.54369399444658 16.924175733526713
95.66153692599676 16.925060862616608
96.53990136021336 16.924224017589893
96.54169306947004 16.924379580726715
96.54081867261337 16.924411765753426
96.48407920508663 16.924561968610107
96.54234752661336 16.92454051238339
95.6373273929166 16.925527565073285
95.6368982422899 16.925591935126715
96.54360279484007 16.924840920534333
96.54621525661011 16.924873106865668
96.53889821501011 16.92491602240899
96.54255673581011 16.92492138636267
95.6373381169101 16.925827967353428
96.53823839587005 16.924942844134332
96.53765903929676 16.925039403128338
96.53689193455995 16.925076954065666
96.54050753981662 16.925076954065666
96.53515923335993 16.925189606225345
96.54544815187329 16.92518960622534
96.54701992141662 16.925248614934333
96.53429556049676 16.92527007270599
96.5425138267899 16.925264708100002
96.5462849951834 16.925312987727466
96.5323858334101 16.925425641473286
96.53201569255668 16.925441733986645
96.53170992175669 16.925452464503252
96.54258892735993 16.925640219189894
96.53217662421336 16.925768959296747
96.53367329490325 16.92582260535668
96.5311091106733 16.925827967353428
96.53153289758666 16.925838697870034
96.53999792181662 16.926042545070036
96.54645665735669 16.926047913589894
96.12379411061335 16.926498517010106
95.70680194707329 16.926943764956675
96.53660761827004 16.926198114729964
96.53532552701336 16.926230299756675
96.53496611015342 16.926262484783393
96.53441894512997 16.92632686135993
96.54104934284332 16.92632686135993
96.53415608987329 16.926380500896748
96.53979407461662 16.92647170050325
96.54277668204658 16.926498517010106
96.54461666884333 16.926503885529964
96.54382810307328 16.92651461604657
96.53180111484008 16.926798925813358
96.54078648758664 16.926890118896747
96.53959022741662 16.92692231044657
96.51506955330001 16.9269866805
96.51553625575669 16.926997411016607
95.72003591947004 16.927839622846573
96.53143097398664 16.927061781070037
96.54570027661336 16.92709396609675
95.72074938467003 16.928011278496747
96.54473468495668 16.927201258216606
96.54348477872672 16.927228081246575
96.5429322451834 16.927276358786642
96.54055581735668 16.927330004846574
96.53923617255343 16.927458744953427
96.52841618152996 16.92748556798339
96.54393538867004 16.92749093650325
96.51389474764008 16.927667960673286
96.54571636912672 16.927775246270038
96.54028760010326 16.927850346840067
96.53888212486567 16.928070286553428
96.5360443542101 16.928118570616608
96.53821157284008 16.928129294610105
96.53659688775343 16.92816148615993
96.53455841575342 16.92819903318339
96.53509485678339 16.928225856213356
96.53979407461661 16.928300956783392
95.67775350754007 16.92918608415668
96.5377126853567 16.928488711470035
96.51771420009675 16.928531627013356
96.53852807456866 16.92856381204007
96.51894801381337 16.928837397813354
96.54131756009676 16.928842759810106
96.53967605850326 16.928853490326713
96.54053436284659 16.92887495135993
96.53582441449674 16.928950051929966
96.51853495741662 16.928982236956678
96.53500366370001 16.929014421983393
96.53663444130001 16.92913780661661
96.2822483868834 16.929411392389895
96.53983162164008 16.92957768604332
96.53911279444333 16.92959377855668
96.51864224301337 16.9296366941
96.53422045992673 16.929679609643323
95.88626857796866 16.93049499779101
96.28137399002671 16.930103398273285
96.53754639170324 16.929904911353425
96.53877483665968 16.929958557413357
96.4972327149166 16.930001474673286
96.53591561410326 16.92998001844657
96.53485882455668 16.930157042616607
96.5364520486101 16.930167766610104
96.53543818112996 16.93027505742534
96.47656904460598 16.930376984046575
96.53703677370326 16.930344794694008
95.2708517786834 16.93162152175668
96.47696601240324 16.93042526158664
96.47604333344032 16.93048963164007
96.53819548032672 16.930430625128338
95.26857727445667 16.93182000695993
96.51884072821662 16.930645201540326
96.47616135020598 16.930714939873283
95.26894741531011 16.9319702081
95.70936076758989 16.931530328673286
96.53409171329676 16.93073103197466
96.51916259152998 16.93083831798339
95.26936047822997 16.932093586210105
95.70920519792996 16.93171808335993
96.53470325489675 16.931026072670036
95.27068548502996 16.932302801929964
95.27103417137329 16.93231889444332
96.47617207876566 16.931122634273287
96.53550791970326 16.931063626216606
96.5167915257 16.93109044924657
96.51887827524007 16.931165549816605
95.27095370228339 16.93251737964657
96.53760539975994 16.931342573986644
95.27089469422671 16.93264075775668
95.71577122558989 16.932211608846572
96.49157326914008 16.931487413129965
96.49186294742671 16.93149814364657
96.49877229428338 16.931514236159927
95.27132921165668 16.932796327416607
96.5379701786166 16.931535690670035
96.49225454931334 16.931583968210106
96.5392737243834 16.93160006724657
96.47620426509701 16.931777091416606
96.53254140307004 16.931744906389895
96.5365217871834 16.931750268386644
96.47572683497327 16.931948753589893
96.53294373547328 16.931911200043324
96.51881390518665 16.93201848564007
96.53744446810326 16.932007761646574
95.70632987609676 16.932951890553426
96.53784143198665 16.93215796278664
96.53265405718665 16.932190147813355
96.51711338966567 16.932206240326714
96.53911816124658 16.932200878329965
96.51675397476268 16.93226524838339
96.53236974089675 16.93231353244657
95.9316728595 16.932962621070033
96.49742046960324 16.932410087526712
96.49786571102672 16.932436910556678
96.53689729655667 16.932410087526712
96.49135869794657 16.932495918613355
95.81015804741011 16.933182560783393
95.93108814092996 16.933102098216608
96.53774487038339 16.932560295189894
96.54106007335994 16.93261930324657
96.54135511364333 16.93263539575993
95.93204300035342 16.933252299356678
96.53578149895344 16.93269440381661
96.53642523210326 16.932705127810106
96.49229210285992 16.93277486638339
96.53690265855343 16.93276950438664
96.49176639234656 16.932844604956678
95.26750439239675 16.93410524170325
96.51882463570325 16.932919705526714
95.26786380925668 16.93417497375343
96.53768586232673 16.932946528556677
96.49226527982995 16.93300017461661
96.53907524570326 16.932957259073284
96.49658898828989 16.933075275186646
96.49178784685668 16.933123552726713
95.93115251098338 16.933724363810107
95.26884549171011 16.934470020559928
96.49226527982995 16.93324693735993
96.49630467200001 16.93332739992671
95.70872776495668 16.93413742672996
96.53603899221336 16.93333813044332
96.51858859695344 16.9333971385
96.49230819537328 16.93349370010325
96.51734942124008 16.933477607589893
96.50664744632996 16.933525885129967
96.52876486787329 16.933536615646574
96.51782685421337 16.93374582484332
96.53937028598665 16.93381019489675
96.53582978301661 16.933922849013356
96.51878708215668 16.933987225589895
96.53037955295994 16.933976495073285
96.50728581095993 16.934073050153426
95.25876042039675 16.935333686899998
96.53924153935668 16.934083780670036
96.53744446810326 16.9341106037
96.50674400141011 16.934196434786642
96.49190050097329 16.934276897353428
96.53884993747005 16.934330543413356
95.70852391775668 16.935210308789895
96.5296017111834 16.934405643983393
96.49153035359674 16.93450220558664
96.52930130890326 16.934512936103253
95.25866922731336 16.935795025402996
95.25909301422672 16.935939863894006
96.53674172689675 16.93491526198339
96.53052439210326 16.93501718558339
96.53746056061661 16.935044008613357
96.4970181372 16.935451703013356
96.5386621827834 16.935435612216608
96.53800236364333 16.935457066726713
96.49672845891335 16.93576820302534
96.53776096289675 16.935778930040073
96.49199169405668 16.935880855837325
96.49222772628339 16.93592913533433
96.4925764126267 16.935939863894006
95.68267803017329 16.937280961010106
95.81273853693133 16.937726208956676
95.68372408920325 16.93796760970325
95.66009927160324 16.938310927526715
95.8888488543 16.938107080326713
95.72033095975343 16.93828410449675
96.12345615478664 16.93790323312671
95.66071081320325 16.938369935583392
95.65879035559999 16.938445036153425
95.8872502617267 16.938251919470034
95.66002953302996 16.938557690270034
95.65817345200324 16.93862206684657
95.65766383400324 16.93874544495668
96.12444320575992 16.938466497186646
96.5347569009567 16.93816608838339
95.88739510087004 16.938815183529965
95.88886494681336 16.938868829589893
95.88820512767327 16.93894929215668
96.29198477185342 16.93863815935993
96.4148728682834 16.938595243816607
95.65354397445992 16.939362348553427
95.65617252702671 16.939362348553427
95.70954315375667 16.939464272153426
96.49174493131335 16.938718621926714
96.1247275155267 16.93908876930325
96.53453159924658 16.93873471444007
96.29237637374007 16.93899756969675
95.6486194549166 16.939684218389893
95.8888595848166 16.93954474124332
95.66488967599675 16.939882697070033
96.49169128525342 16.939078038786644
95.70996157867329 16.93992025061661
96.29246757334657 16.939421356610104
95.64891985719674 16.940236745410104
96.2921457035101 16.939727127410105
95.66442834205992 16.940429868616608
95.8887791157267 16.94020992890325
95.64872674051335 16.940628347296748
95.66425667988665 16.940655170326714
95.88747020144007 16.940435230613353
96.29221544208339 16.940199198386644
95.88902587847002 16.940885842273286
96.49591307011335 16.9403172145
95.66227185222996 16.941180880840072
95.8879744574433 16.941036043413355
95.66161739508664 16.941304264168664
95.652621295497 16.941545661413357
95.6588708246899 16.942007001873286
95.65844703125342 16.94211965598989
96.4726208429101 16.94143837581661
96.47156405988665 16.941803154673288
96.4726798574899 16.9420391869
95.65638710474332 16.943283724610104
95.65202584925993 16.943332008673288
96.46304538959674 16.942532712386644
96.47085595864033 16.94259172044332
96.47044826708989 16.94259708244007
95.65143040017328 16.94341783975993
96.47009421222671 16.942672183010103
96.5388553059899 16.942833121189892
95.652825142697 16.94375579558664
95.66325890320326 16.943793342610107
95.66369341713133 16.943798711129965
95.71697284947328 16.94380944164657
95.65471877359676 16.9439757353
95.66368805252534 16.944024012840067
95.6632749957166 16.94402938135993
95.6532864812 16.94416885198339
95.65579165565669 16.94422786004007
95.65421988611335 16.94439416021661
95.66304432548664 16.944410252729966
95.65497090485994 16.944453168273284
95.66416548680324 16.944501445813355
95.65978813228338 16.944506807810107
95.65365126005668 16.944619461926713
95.66333936577003 16.944657015473286
95.66543148554656 16.944657015473283
95.65983104782671 16.944710655010105
95.66393481526866 16.94474284655993
95.65232625154007 16.944764301070034
96.46176866685992 16.94397037330325
95.65185954908338 16.944828677646573
96.47030878994332 16.9441795825
95.6653724774899 16.945032524846575
96.46213880771336 16.94424395255343
96.46990109554332 16.944249321073286
96.46295419651335 16.9443834297
95.65190783314657 16.945236372046573
96.46254650211336 16.944549723353425
95.65210094982996 16.94570307450325
95.65088859714658 16.945724529013354
96.46770705388339 16.945365112153425
95.66372560346267 16.9463199781
96.47016931279674 16.9456065129
96.46967042531335 16.945622605413355
96.46797527765992 16.945681613470036
95.66176223422997 16.947199738670037
96.51318665095994 16.94650773450325
95.70080454547004 16.94737676284007
96.51293451969676 16.946759859243322
95.72341013050325 16.94758597855993
95.7014643646101 16.947612801589894
96.50724825741335 16.94686714484007
96.51246781724008 16.94706026804657
95.7436553737 16.947848833816607
95.74276488302534 16.947864926329963
95.6614189098834 16.947977580446572
96.50746283512997 16.947167553643318
95.74176710764658 16.94797221192671
95.66243278388664 16.948111689073286
96.50746283512997 16.94747868644007
96.51281114158665 16.947510877989895
96.28201771665343 16.94774691021661
96.51435072610326 16.947661079129965
96.51250537078664 16.947768364726713
96.28130425145342 16.948170697129967
96.49824658239675 16.948015127470036
96.49856308371335 16.948122419589893
95.70187742752996 16.948932439870035
96.28052641619999 16.948717862153426
95.6713055025166 16.949957044389894
95.67245348514658 16.950064329986645
95.67069932291335 16.950418378326713
95.67202432971335 16.95059540249675
95.6704901137166 16.950750972156676
96.53133978090327 16.9501823461
96.53199960004332 16.950370100786643
96.28374505585667 16.950868988270035
96.27958228077003 16.951319598213356
96.57752746975342 16.951271320673285
95.66933676582835 16.952301283928335
96.27911557831335 16.951732654610105
96.57739872964657 16.951485898389894
96.50259732364333 16.95186140124007
96.2817816844267 16.953181047759927
96.28223229437003 16.953615565189892
96.28210891625992 16.95428611484657
95.6992917839834 16.954886925929962
96.28316033728663 16.954532877589894
96.28108968025992 16.954554332100003
96.28222693237328 16.95459724764332
96.28350365511011 16.954656255699998
96.28140081305668 16.954774271813356
96.28356803168663 16.954924472953426
96.28265071928664 16.954929841473287
95.72884426804657 16.95567012970325
96.28214110128664 16.95536435890325
95.66504524565667 16.956104640610107
95.66588209548989 16.956254848273286
96.28231276345991 16.95567012970325
95.69914158284331 16.956351403353427
96.28142227408989 16.955884700896746
95.66555486365668 16.956737643243322
96.28166366831334 16.956152924673287
96.28191579305343 16.956335310840068
95.69918449838664 16.956925397929965
95.698787531894 16.958127022705995
95.66400991649101 16.958186030762672
95.66316234159999 16.95890500187329
95.66383289125667 16.958969371926713
96.28713535940324 16.958395383873288
95.66290484834008 16.95910884907329
96.28758060082671 16.958572408043324
96.55841390358339 16.958443661413355
96.28768252442671 16.95872797770325
96.55807595118989 16.958556315529968
96.2878327320899 16.958921094386646
96.28814386488664 16.959221503189895
95.66376315268339 16.96006370849675
96.28832625105342 16.959452166896753
96.57910997022535 16.959162488610104
96.56127313290327 16.959613098553426
96.56124094135345 16.960128085073286
96.5595672482101 16.96017100061661
96.55912200678665 16.960289016729966
96.55869285478664 16.960358755303254
96.55779163798991 16.960390940329965
95.70663564689676 16.961297524273288
96.55634861116268 16.960460678903253
96.55724982844008 16.9605679645
95.70603483581336 16.961463817926713
95.70558959438989 16.961522825983394
95.7051818999899 16.961592564556682
95.70474738084332 16.961667669589897
96.57618100844331 16.9609756589
96.57614882341659 16.961259975189897
95.25302051205342 16.963266257700003
95.70692532518339 16.96322334215668
95.25298832702671 16.96368468261661
95.68009238834333 16.96368468261661
95.68298916640325 16.963711503586644
96.57800490272672 16.962939030329967
95.70604556632996 16.96384024575343
95.33054167032996 16.964247940153427
95.70569151798989 16.963893891813356
95.70524090804656 16.963952899870037
95.70484930444331 16.96398508935993
95.68070929194008 16.964108469529968
96.57716269089674 16.963250165186643
95.68287115028988 16.96415138301336
95.68628826862671 16.964247942659675
95.33005350684007 16.964644910559933
95.68311254451336 16.96455907806567
95.68379382468663 16.96463954389401
95.66630588240325 16.964773657189895
95.70568614947004 16.96485411975668
95.68230788622996 16.964929220326717
95.7050209618101 16.96495604335668
95.66609666668339 16.965041874443322
95.2541792252 16.965519307416606
95.68030696605993 16.965095520503255
95.66653654611011 16.965288637186646
95.66697643205993 16.96550321490325
95.7057451575267 16.965487122389895
95.67999046474331 16.965546130446576
95.70536428615668 16.965530031410108
95.68173389474332 16.96611475169675
95.66845164 16.96644198352997
95.71635057735668 16.966436615010107
95.71697284947328 16.966774577359928
95.68127255624032 16.96689795547004
95.70990256907166 16.9671286257
95.68064492188664 16.96789573695993
95.71429601112672 16.968507278559933
95.71623792324007 16.96907053609675
96.58151858438339 16.96958552261661
96.58159905347327 16.969902017410107
96.58169024655666 16.970213156729965
96.58178143964007 16.970518927529966
95.68033915019402 16.972766610443323
95.67952912428339 16.972809525986644
96.58195846381011 16.97253594021336
96.58464603136866 16.97293290409675
95.6786547274267 16.9738448545
96.58203893289999 16.972948996610107
96.58437244518339 16.973024103703253
95.67911606788664 16.973936047583393
96.58213549450325 16.973324505983392
96.58453874535992 16.973501530153428
95.67980271005666 16.974456396100003
95.68015139615967 16.974585142729964
96.58227496512671 16.973882408046578
96.5823554342166 16.974429573070037
96.58245198929674 16.97497137609675
96.58262365147003 16.97523423135343
96.58263438198664 16.975486362616607
96.58240371175667 16.975658024789897
96.58305816889998 16.976784546386646
96.58319764604656 16.97742827366567
96.57069859335992 16.977766230556682
96.58310644644007 16.977889612168667
96.5831815470101 16.978243663529966
96.59470427924006 16.978463603243323
96.58356242490325 16.9785226113
96.58321373855992 16.97859234987329
96.5774738302166 16.978764012046575
96.59473110227003 16.978796197073287
96.57509740238989 16.97888202815993
96.58341758575992 16.978957128729967
96.59420539175667 16.979016136786647
96.58351414084007 16.979252169013357
96.58405058187003 16.979354092613356
96.59460772415993 16.979488201240073
96.5835892414101 16.97959549335993
96.58535949787327 16.97964913289675
95.69401857809675 16.980646914386647
96.59617949370325 16.979751056496752
96.58459238726566 16.979783248046573
96.58363752547328 16.97985834861661
95.69450674158665 16.980856123583393
96.58494107360899 16.980046103303252
95.69600341055994 16.981097524329968
96.58357851741661 16.98021775895343
95.70025738044657 16.981215540443323
96.58366434850325 16.980593268326714
96.5759557002101 16.98072201495668
96.58556334507327 16.9807649305
96.58638409587003 16.980893677129966
96.58374481107003 16.980947323189895
95.70016081884333 16.982020198726715
96.5864323734101 16.981140439873286
96.49976470725343 16.98132819455993
96.58383064215667 16.981338918553426
96.58640555690324 16.981558864789896
96.57913679260298 16.981725158443325
96.58457629409999 16.981832444040073
96.58414714347327 16.9818860901
96.5760576238101 16.98193973615993
96.58252709638988 16.982079206783396
96.57812291884007 16.98215967587329
96.58206038741011 16.982159675873287
96.5761595474101 16.982175768386647
96.58799341895991 16.982266961470035
96.58641091889999 16.98239034610325
96.58189409375667 16.982465446673288
96.58432952964006 16.982519086210107
96.58112698249674 16.98261564952997
96.57917434354032 16.982631742043324
96.57620783147328 16.983178910568665
96.57828385049675 16.983291561183393
96.58637873387329 16.983495408383394
96.5812235441 16.983629517010108
96.58212476398663 16.98366707055668
96.579131427997 16.98371534809675
96.58069247158988 16.9838119097
96.58644310392671 16.98388701027004
96.58773592569999 16.983999664386644
96.58264511250326 16.984005026383393
96.58728531575667 16.984117680500002
96.58670595918338 16.984192781070035
96.584731861803 16.985169101526715
96.58480159907165 16.985780643126716
96.58485524317464 16.986338545189895
96.30885581191336 16.989235316726713
96.30786339757003 16.990984110440074
96.30714993237004 16.99099484095668
96.30591611865341 16.99105384901336
96.3091240343166 16.991069941526714
96.30664031437003 16.991112857070036
96.3086144163166 16.991150410616612
96.30582492557002 16.991370350329966
96.30607705364032 16.991381080846573
96.30920986540325 16.991381080846573
96.30864123934657 16.991595652040072
95.98034426829675 16.99512542621011
95.9796254411 16.995297088383392
95.9804408299 16.99535073444332
95.98133131927003 16.99609638467004
95.97941086338338 16.99644507101336
95.97943232441659 16.996772302846573
95.44510421305341 17.003268730216607
95.78326095198989 17.005559324210104
96.2939803283101 17.00930367609675
96.29268214454007 17.009325137129963
96.30445163951336 17.009384145186644
96.3037113512834 17.00941096821661
96.30303543962995 17.00946460775343
96.29310056945667 17.009781109070033
95.71895767541335 17.010451658726716
96.30308371717004 17.00991521769675
96.30308371717004 17.01044092821011
96.58612660261011 17.010880814159933
95.43770670799401 17.012629607873286
96.5844850993 17.01154599529675
96.30354505762995 17.011878589126717
96.30294960854332 17.01199660524007
96.30234342894008 17.012055613296752
96.30098087511661 17.01219509044332
96.30371135128338 17.0124579457
95.43781936080599 17.013353803589894
96.30279403888338 17.012999748726713
96.15765441238338 17.01357373849675
96.15750421124332 17.014260387189893
95.43729880620324 17.01511332301336
96.30196255757002 17.014287203696746
96.30145293957003 17.014512511929965
95.43659070300001 17.01553710992671
96.15721453295669 17.014861198273287
96.30070728934331 17.014818282729966
95.75321494244007 17.015649764043324
96.15888286410325 17.015580025470037
96.16103398541335 17.01601990489675
96.15696777021336 17.01617011255993
96.16191911278665 17.016250575126715
96.1579816442166 17.016406144786643
96.15476300455992 17.016862116726713
96.1544840567899 17.017017686386644
96.54005692987329 17.023374498326714
96.53949902781011 17.023615899073285
96.54003546884007 17.023862661816608
96.5393541951899 17.02405041650325
96.17343647649675 17.02550953364657
96.1733291909 17.026099614213358
96.15749884924656 17.02704911164007
96.56184712095668 17.026872087470036
96.15740764964006 17.02736561295668
96.1719129910166 17.02766065324007
96.17175205935993 17.02837411844007
96.17278738787329 17.028551142610105
96.17169841329999 17.029114406670036
96.17134436495992 17.02918950724007
96.15669418444007 17.029269976329964
96.17276056484332 17.0293450769
96.17064699227328 17.0294470005
96.15657080632997 17.029554286096747
96.16944536554033 17.02960257015993
96.17262108769674 17.030348222103253
96.16924688318664 17.03035894609675
96.17082937844006 17.030493061246574
96.17255135564656 17.030627169873284
96.16903230547003 17.03090611764332
96.15789581312995 17.031254803986645
96.16965993958338 17.03158202929675
96.16886064329674 17.03161422084657
96.15763295787329 17.031748329473288
96.1723206854166 17.031759059989895
96.16520212421335 17.03183416055993
96.16588340438665 17.031914623126717
96.16036879775342 17.0319843617
96.1616187039834 17.032156023873284
96.16092133129675 17.03220430141336
96.18976592191336 17.032343778559927
96.15621675798988 17.032451064156678
96.16156506444656 17.032504710216607
96.17234750844656 17.03264954935993
96.18968009082673 17.03280511249675
96.17225630884008 17.03296068215668
96.16136121724657 17.033137706326713
96.16262721598989 17.03335228404332
96.16187083524657 17.03336837655668
96.1607121221 17.033379107073287
96.17216511575668 17.03340056158339
96.16127001764008 17.033577585753427
96.16254138490325 17.033674147356678
96.16697774095667 17.033684877873284
96.17218120827002 17.03375997844332
96.16373227957465 17.033792163470036
96.16073894512996 17.033835079013357
96.16704747952997 17.03405501872671
96.16969749312996 17.034060387246573
96.16189765175343 17.034076479759932
96.1588774955834 17.034156942326714
96.16428481181336 17.03418912735343
96.17202563861011 17.034242773413357
95.65087249811009 17.03476848392671
95.65010002485343 17.034773852446577
96.15833569255668 17.03428568895668
96.16105007792672 17.034409073589895
96.17200418409999 17.03458072924007
96.16963848507328 17.034650467813357
95.63359377154657 17.035229824386644
96.15916181358989 17.03474166089675
96.15863610135992 17.034747029416607
95.99590639269675 17.034983061643324
96.17042168404006 17.0348382225
96.16689727838988 17.035079623246574
96.16952046895992 17.035084985243323
95.65537323074007 17.035610696408988
95.55163067904007 17.035750168096747
95.63306805451009 17.03571262000899
96.16208540644007 17.03519227084007
96.16715476512671 17.035487312840072
96.1693970843267 17.036018391873284
96.16652713101335 17.036136407986646
96.16633401432996 17.036345617183393
96.17173596684657 17.036345617183393
96.16933271427328 17.03639926324332
96.1716072202166 17.036721126556678
96.17697698118339 17.03671576455993
95.64373248239674 17.03732730615993
96.17760998381661 17.036801595646573
96.16925224518339 17.03681231964007
96.16758392055992 17.036935704273287
96.17165549775667 17.037005442846574
96.17678386450001 17.03700544284657
96.17744368364006 17.03710199792671
96.17146238107328 17.037161005983393
95.64385049851009 17.03778864009675
96.17153748164333 17.037343398673286
96.15453233432996 17.0373755837
96.1751530869 17.037380945696746
96.16741762038339 17.037456052789896
96.1766926714166 17.037450684270034
96.16635546884007 17.03757406890325
95.26601309022672 17.038518197810106
96.17507798502534 17.037616984446572
96.17678922649675 17.037751093073286
96.16737470484006 17.037869109186644
96.1662374527267 17.03798176330325
96.17141946552997 17.03799785581661
96.17714328135992 17.03807831838339
96.15749348072671 17.038233888043322
96.1762635159834 17.038223157526716
96.15557839335992 17.03824461855993
96.1714033730166 17.038276803586644
96.15881312552996 17.03845382775668
96.16731569678339 17.038518197810106
96.1558197875834 17.03860402889675
96.17044850707003 17.03859330490325
96.15771878895993 17.038636220446573
96.1714945661 17.038823968610103
96.15590561867003 17.038877614670035
96.1726371802101 17.03892053021336
96.16760001307328 17.039161930959928
95.53153563698339 17.039923673700002
96.17251916409674 17.039376502153427
96.15627576604658 17.039446240726715
96.15631331307003 17.03972518849675
96.17137118798989 17.03972518849675
96.17631716204332 17.039918311703254
96.17132290392672 17.04009533587329
96.17542667267328 17.040111428386645
96.17236360095993 17.040374283643324
96.1762849770166 17.04039037615668
96.1756412503899 17.04043865369675
96.16419361872997 17.040460114729964
96.58657185055668 17.04007387484007
96.15638305164333 17.04058886135993
96.18823170591662 17.04074442449675
96.15687657712996 17.040798070556676
96.18775427229102 17.040798070556676
96.19018970882672 17.040835624103252
96.17472929933433 17.040953640216607
96.18857502374007 17.04102874013433
96.1662159982166 17.04112529912834
96.58644310392671 17.040706877473287
96.17288931147328 17.041130663734336
96.18784546733134 17.041157485459678
96.17225094684332 17.041216494168665
96.19027553991336 17.041227222728338
96.15707505581011 17.041280866831336
96.16617844467004 17.041436434534333
96.18841946060326 17.041414976762674
96.15507949935343 17.0415544513
96.15733254907003 17.041801354143324
96.19045256408339 17.041828177173286
96.15675319249675 17.041876454713357
96.16636619935667 17.04195155528339
96.15916181358989 17.042053478883393
96.18878960145668 17.042053478883393
96.15740764964008 17.04210712494332
96.18807613690899 17.04211248694007
96.16614625964331 17.042278787116608
96.16616235215668 17.04253091185668
96.34000709041011 17.042359249683393
96.16682217129674 17.04256309688339
96.15951586192996 17.042681112996746
96.16680071678664 17.042852775170036
96.16211759798989 17.0429815218
96.33969059561662 17.042954698770036
96.15989137130325 17.04337848568339
96.15730572604006 17.043416039229967
96.15807820166566 17.04344286225993
96.1649017154101 17.043437493740072
96.33961549504659 17.043276562083392
96.16430627112996 17.04360915591336
96.15824449792834 17.04368425648339
96.19281289939676 17.04374863305993
96.16227852964657 17.043823733629964
96.15747738821335 17.04385055665993
96.16160261147003 17.043936387746577
96.15559448587328 17.044011483853428
96.33814028058339 17.04389346774007
96.3035396891101 17.044027580829965
96.192909461 17.04436017465993
96.33808664104657 17.044258246596748
96.16683290181336 17.044435277289896
96.33881619875993 17.044268977113358
96.30373817431335 17.044344082146573
96.16606042855668 17.044483554829966
96.1656044566166 17.04457474791336
96.15439822570325 17.044633755970036
96.1669187329 17.04471422505993
96.16615699015992 17.0447625026
96.33912196955993 17.0446122994
96.33807054201012 17.044623025453426
96.15821767620298 17.044810784603253
96.19275389134008 17.044837601110107
96.30368989677328 17.044746408026715
96.33886983829674 17.04486978819675
96.16692409489674 17.045068273400002
96.15834105757466 17.045079001856678
96.16354452838988 17.045143371910108
96.15708042432996 17.045164835003252
96.15729500204657 17.045357951686643
96.33772722418664 17.045207748486646
96.15657080632997 17.045508152826713
96.30393129099674 17.046162607910105
96.16531477832996 17.046312811110106
96.16589413490325 17.04633963414007
96.16654859204657 17.046355726653427
96.16734251981336 17.046522026829965
96.16876945021335 17.046591765403253
96.30385082842996 17.046468378710106
96.16150068787003 17.046688324946572
96.16851732547329 17.046725874029967
96.16339432072671 17.046774149510107
96.15763295787329 17.046833159626715
96.33622519321662 17.046672227970035
96.33566192915669 17.046709781516608
96.15699995524007 17.04691362871661
96.16143094929674 17.046977996710105
96.16780922227002 17.046977998770036
96.16351233684006 17.047101381343325
96.15593780369674 17.047117475916608
96.15660299135666 17.047117475916608
96.16702601849676 17.04721403099675
96.1616401650166 17.047230127973286
96.3040493071101 17.047289136029967
96.15492393621659 17.047460793740072
96.15444650324332 17.0475144398
96.16176891164656 17.04764854962834
96.15497221375668 17.047696832489898
96.16394685427004 17.04778802416567
96.15731109455993 17.047836303113357
96.15668882244331 17.04798650425343
96.15549256227328 17.048254728029967
96.1579923682101 17.048555130310106
96.5875642635267 17.048136710182835
96.163855660294 17.048619506886645
96.5879719579267 17.048313736086644
96.58833673678339 17.048458575229965
96.15715552489999 17.04889309265993
96.58866933061336 17.048614144889896
96.16559908809674 17.049343702603252
96.5875642635267 17.048936008203253
96.16249846935992 17.049456351913356
96.58761790958664 17.049204225456677
96.30830327837003 17.049526090486644
96.59061660952996 17.04925787151661
96.16026151215667 17.049692384140073
96.58758572455991 17.049461718716607
96.58717803015992 17.04954754499675
96.17507262107165 17.049987430946572
96.16436528090324 17.050035708486647
96.58961882804007 17.04966019739675
95.54578884709674 17.050754535683392
96.30847494054332 17.050008885456677
96.30752007459674 17.050083986026713
96.17511553335342 17.05022346317329
96.17543203467002 17.050459495400002
96.58961346604332 17.05007862296567
96.30865196471336 17.050464857396747
96.16303491038988 17.05065798060325
96.30767028225992 17.050556057003252
96.17537302661336 17.050743811689895
95.54508611241334 17.051484093396752
96.16035807375992 17.05101739094007
96.30880216585342 17.051001298426712
96.17532474907328 17.051156868086643
96.15969824809675 17.051296338710106
96.5887658922166 17.051156868086643
95.62810598794331 17.052331673746572
96.17539448764657 17.051875695283393
95.62869070651335 17.052481874886645
96.58700636798665 17.051559200489894
96.16108226295341 17.052074180486642
96.17533547958989 17.052117096029967
96.17522818747003 17.052358490253425
96.16095352284657 17.052438959343323
96.58686689084007 17.05204199545993
95.57488020045668 17.053206070603252
96.16064775204657 17.052825192710106
96.58678105975342 17.052492605403252
96.17523891798663 17.052970031853427
95.55029494652996 17.05362448899675
96.17511017135666 17.05326507865993
96.5866952351899 17.052986130889895
95.55133563875668 17.054042913913356
95.55945733829675 17.054316499686642
96.58658794307003 17.0534152798
96.58687225935992 17.053780058656677
96.58744088541661 17.053849797229965
96.15515460644657 17.054450608313356
95.5612866011 17.055062149913358
95.55030567224007 17.05509969865343
96.15526725404007 17.054702733053425
95.56111493892672 17.055394743091014
95.55216175807328 17.05548593854332
95.55275720715993 17.055566401110106
96.1548220126166 17.0551372522
95.5521242045267 17.055947279003252
95.5515019324101 17.056049202603255
95.55186134927004 17.05626377379675
95.55052561195342 17.056413981459933
96.15134051598665 17.056285234829964
96.15104547570326 17.056639283170036
96.15226855890324 17.056875315396752
96.15061095827329 17.05718108619675
96.15208616621337 17.057218639743326
96.15718770992672 17.05727228580325
96.15027836444332 17.057519048546574
96.15702677827002 17.057545865053427
96.15176430289999 17.057679980203254
96.15316441027002 17.057824819346575
96.15690340015993 17.057851635853428
96.15293910855993 17.05814668265993
96.15282645444333 17.058736763226715
96.58555797655342 17.058726032710105
96.5855043370166 17.058999618483394
96.58653966552995 17.05902644151336
96.58546142147327 17.05932148179675
96.58646992695668 17.059396588889896
96.15614701941661 17.05997057694332
96.58640555690324 17.059798914770035
96.15604509581661 17.060372904540074
96.58536485987003 17.05997057694332
96.58591739341335 17.06007250054332
96.58385210318988 17.0601315086
96.15606118832997 17.060667951346574
96.58701709850325 17.060287078259933
95.58202558468989 17.061418963570034
96.15195741958338 17.0609361686
95.58181100697328 17.06175691939675
96.1524992226101 17.061274124426717
96.15587343364332 17.061333132483394
96.1522631903834 17.061649633800002
95.58012658331336 17.062228990373285
95.58079713297003 17.06237382951661
96.15195205758664 17.062003682140073
95.5811082722899 17.0626688698
95.57784671537328 17.062792247910107
95.56123295504007 17.063344781453427
95.57757849159674 17.06335014997329
95.58933725605343 17.063382335
95.5822508864 17.063457435570037
95.58066302434332 17.06399923859675
96.1515711862166 17.06354326665668
96.15065923581335 17.063607636710106
95.58177882194657 17.06425673185668
96.15032127998663 17.06380612191336
95.56315898693731 17.06497555905343
96.15112057627329 17.064412301516608
95.58830192754007 17.06523841431011
95.5865424033101 17.065308152883393
95.58536760245667 17.06531352140325
95.58475069885992 17.06533497591336
95.58906367680325 17.06533497591336
95.56626497508664 17.0656246542
95.59836018234657 17.066032350316608
95.5987517777101 17.066048442829967
95.5994652429101 17.06629520557329
95.59303869239673 17.066901378653426
95.60161100702996 17.067652397400003
95.59392381977003 17.06792598317329
95.5952541950899 17.06851070174332
95.56481122165667 17.06883792705343
95.56444644279999 17.068977404199998
95.59929894925668 17.069213436426715
95.60000705245992 17.06928853699675
95.59750187800324 17.06953529974007
95.5994545189166 17.06978743100325
96.28225375540325 17.069969817170037
96.28360021671335 17.07042042711336
96.28364849425341 17.0707101054
96.28365922477003 17.070994421689896
96.28370750231011 17.071289461973286
96.2837665168899 17.071884909102998
96.28378260940325 17.07217995069101
96.28268826631009 17.072362339226714
96.2837987019166 17.072464262826713
96.28273655037327 17.072673478546573
96.28382552494656 17.07275394111336
95.62170604908664 17.07433107265343
96.16985306278988 17.075280576603255
96.16750345147003 17.07605841185668
96.1663393763267 17.076197889003254
96.16596923547328 17.07646610625668
96.16665587764331 17.07647683677329
96.16500900752996 17.07651438379675
96.16751954398339 17.076525114313355
96.16810426255341 17.076541206826715
96.16411315444657 17.077302951283393
96.58130937518663 17.077002549003254
96.58127182164006 17.07734586682671
96.16350697484333 17.078096885573288
96.58121281358339 17.077726738196752
96.1640541463899 17.078429479403255
96.5811538055267 17.078107616089895
96.58107870495667 17.078536765000003
96.16403268535669 17.079346791803253
96.58099824238988 17.07904102100325
96.57915825037465 17.07926632271336
96.16339432072671 17.07985104128339
96.16869434964332 17.079952964883393
96.16714940312997 17.079985149910108
96.16397367729999 17.080038795970037
96.5809070427834 17.0797598482
96.16572247272995 17.08023728117329
96.579131427997 17.079829586773286
96.16889283484656 17.080258735683394
96.16945073038664 17.080264104203252
96.16644666844657 17.080382120316607
96.58081584969999 17.08007098099675
96.16787896084332 17.080489405913358
96.58077293415667 17.080398212829966
95.60934647354657 17.081476456886644
96.16380201512672 17.081063400489896
96.03885935908991 17.08124042465993
96.58074074912996 17.080854184770036
96.16641447689675 17.081428179346574
96.1670313870166 17.08144963385668
96.03850530422672 17.081680304086646
96.58066028004006 17.081213601629965
96.30843738699674 17.08168566608339
96.30945126099999 17.081819774710105
96.58057981747328 17.081562287973284
95.6096254213166 17.082855107137327
96.16321193455992 17.082399131283395
96.30980530934006 17.082366946256677
96.3087377958 17.08245277734332
96.30875388831335 17.082828284759675
95.54368064132996 17.083708185570032
96.30971947825341 17.082946301525347
95.95129604675992 17.083407783289893
96.30909721265992 17.083257436931337
95.54380938795993 17.0840407794
95.95210070504332 17.084738152086643
95.95287854029675 17.084877622710103
95.95234210578988 17.08510829294007
96.32474537652996 17.08547307179675
96.16641447689675 17.087157497516607
95.58813563388664 17.094919785346573
95.58697155874331 17.095424034826713
95.58595768474007 17.09544012734007
95.58749190725993 17.095611789513356
95.5884789517101 17.095654705056678
95.58692328120324 17.096078491970033
95.5880605333166 17.09619650808339
95.58269613434658 17.096212600596747
95.61380965262995 17.096335985229963
95.61291916325993 17.09644327082671
95.58211140925343 17.096545194426714
95.61254901784032 17.096539832429965
95.61213059422833 17.096657848543323
95.5850135541166 17.09671149460325
95.58624200102996 17.09696361869101
95.58631173960325 17.097360584531334
95.5821811478267 17.09740886402834
95.58811417285342 17.09748933018283
95.58623127051335 17.097746818310107
95.58191293057328 17.097795102373286
95.58696082822671 17.09787020294332
95.58108681125667 17.098057957629962
95.58683208159674 17.098331543403248
95.58108681125668 17.098395913456677
95.58200412365667 17.098969901510106
95.58291070554006 17.100445115973287
95.47350871448664 17.10414118379675
95.47394859391335 17.10429139145993
95.63196835594331 17.10767096448989
96.15775633598338 17.11145823020325
96.15696777021336 17.11175327048664
96.1577885210101 17.112139503853427
95.74118775107328 17.113051455973284
96.1573379175899 17.112804691513354
96.15702677827002 17.113276762489896
95.42472465157329 17.11554053791661
96.12510859950598 17.116377381226712
96.14921085090324 17.11755218688664
96.61925177638663 17.117235685570037
96.14810041529674 17.117723849059928
96.14835790855668 17.11787941219675
96.14888361907003 17.118045712373288
96.14815942335343 17.119354624702996
96.6146115666101 17.121554025510108
96.61527675427003 17.12177933374332
96.61333484387328 17.122069012029964
96.61231560656866 17.123394018829963
96.61357623809674 17.12545408544007
96.6145203735267 17.12545945395993
96.61323828227003 17.12551309349675
96.61409658661336 17.125598924583393
96.61322218975667 17.12587251035668
96.61373716975342 17.126333850816607
96.61438626489999 17.126553790529965
96.61493343644656 17.126607436589893
96.14263409272671 17.129520305446576
96.14609413312996 17.129718784126716
96.4915464461101 17.1294183791
96.49222236428665 17.12961686430325
96.14600830204331 17.130400064299998
96.1458741934166 17.130727289610107
96.14584200838989 17.13113498727166
96.14570253124333 17.131719706356677
96.14324563432672 17.132964250589893
96.14243561404658 17.133200280859676
96.14324027232996 17.13331293367166
96.30236488997329 17.133506048810105
96.30138320099674 17.13352214784657
96.30042297305343 17.13353287184007
96.30024058688664 17.133790365099998
96.30219858979675 17.1341980595
96.299854349606 17.134208790016608
96.30057854271335 17.134444822243324
96.29976851917165 17.134482375789894
96.30173725585993 17.134782778070033
96.30116326128339 17.135394319670034
96.29867418414656 17.13578055955993
96.29958612909101 17.13629017755993
96.29882974728338 17.136359909610107
96.30012257077328 17.136654956416606
96.29973096823433 17.137089473846572
96.30282086191335 17.13755617630325
96.3023058819166 17.137566900296747
96.29815383562996 17.137636638870035
96.3014904931166 17.137937047673287
96.29770858768339 17.13802824075668
95.94359276527003 17.143639402470036
95.94366786584007 17.144036368962674
95.94374833492996 17.144347504368664
96.60604462530324 17.14391298995993
95.94380734298664 17.144621088706867
96.60607681032997 17.144637179153428
96.28353584665993 17.144964410986642
96.60596951821009 17.145291636296747
96.28274728088988 17.14573688424332
96.28224302488664 17.14625723275993
96.6073749941 17.145983646986643
96.60632893507002 17.145989008983392
96.27822508894332 17.150564842183392
96.27776375044033 17.150811604926716
96.1480950533 17.151015452126714
96.27822508894332 17.15092425904332
96.27762964050899 17.151117375726713
96.2781821734 17.151165659789896
96.27869715339673 17.151251484353427
96.27867033688989 17.151541162640072
96.40291562253732 17.152179527270036
96.40264740267465 17.1524101975
96.40489508908989 17.1526140447
96.4044391106267 17.152742791329963
96.4039885006834 17.15320949378664
96.36605125652997 17.15357963464007
96.40388657708338 17.153547449613356
96.36688809984007 17.153665465726714
96.4034198746267 17.153821035386642
96.34570408623134 17.15431456087329
96.19864400449701 17.154523770070035
96.19779106500002 17.15455595509675
96.40274396166866 17.154368200410104
96.19695958368666 17.154577416129964
96.34492624795669 17.1544486695
96.19957204545668 17.154808086359928
96.20031233368664 17.154818810353426
96.34566653529401 17.1547437115
96.40242745994007 17.15479198904007
96.40202513405993 17.154942196703253
96.36668425264007 17.155081667326712
96.40162816365341 17.155081667326712
96.40090397445992 17.15514604390325
96.1977696104899 17.155419626002995
96.19866009766267 17.155441083774654
96.36657160504657 17.155371345613354
96.18330160809674 17.155585923329966
96.34433079887003 17.155462540894007
96.34479750132672 17.155478634059676
96.18400434930325 17.155677116413358
96.34478140881336 17.155714669959927
96.36659842155342 17.155693208926714
96.18478218455667 17.155918517159932
96.40090933645666 17.155779040013357
96.34457756161336 17.155945340189895
96.34744751664333 17.156009710243325
96.16489635341335 17.156208195446574
96.18845700762671 17.156197464929967
96.40048554954332 17.156235011953427
96.19381068088666 17.156658805389895
96.36292380995668 17.156497867210106
96.34609032285968 17.15652469024007
96.34662139732671 17.156744629953426
96.19224964185993 17.156905561610106
96.36384648435343 17.156766090986643
96.39968089125992 17.15683046104007
96.19381068088666 17.157055769273285
96.3462727109834 17.15694311515668
96.34709346830326 17.15709331629675
96.39928928937329 17.157189877900002
96.18987320751012 17.157420548129963
96.19376240334657 17.157479556186644
96.19250712859676 17.157774596470034
96.36553090801337 17.157779964989892
96.33392922624007 17.157838973046573
96.34589184026566 17.157897981103254
96.3463639105899 17.15824129892671
96.33313529847328 17.158294944986643
96.36346025098665 17.158300306983392
96.3654826304733 17.15840223058339
96.17825371044333 17.15872409389675
96.33296363630001 17.158627538816607
96.17832881101336 17.159040595213355
96.3193058769899 17.159003048189895
96.36248392922535 17.159040595213355
96.31987450304658 17.15911569578339
96.33294754378664 17.159104971789894
96.31845293292672 17.15948047464007
96.31955263321012 17.159555575210106
96.33272760407328 17.159609221270035
96.18349473130326 17.16059090544007
96.18280808261011 17.160601635956677
96.18415991244007 17.16070355955668
96.31053486705342 17.161486763329965
96.31043294345342 17.16181398864007
96.18256668838664 17.162087574413356
96.18478218455667 17.16211439744332
96.33658997207328 17.16236116018664
96.33637539435668 17.162640107956676
96.17977183392671 17.162902963213355
96.18061404575667 17.162924424246572
96.158475167506 17.16319800349675
96.33386485618665 17.163294565100003
96.33390777172997 17.16359497390325
96.31166675717003 17.1637022595
96.31225147574006 17.163831006129968
96.3354098027 17.16385782915993
96.15939247729675 17.164083130870036
96.31091574494656 17.163938291726716
96.1609266998166 17.16412068441661
96.15844834512833 17.164131408410107
96.15936566078989 17.16441036270325
96.33521668601661 17.16430843910325
96.18297438278664 17.16451228630325
96.33434228915993 17.164426455216606
96.18077497741335 17.164807326586644
96.33538297967004 17.16466784944007
96.30821208528664 17.164909250186643
96.3080350611166 17.165359860129968
96.30749325808989 17.165375952643323
96.30721967231659 17.165493968756678
96.16007375747003 17.165665630929965
96.16115200152672 17.165703177953425
96.30777756785668 17.165767554529964
96.30706410265668 17.165778285046574
96.3068119779166 17.166132332734332
96.30654912070298 17.166481018425344
96.3774722701101 17.166770838016607
96.37784777948339 17.166776200013356
96.3518677801834 17.169935831613355
96.35174976407004 17.170150409329963
96.35144399457467 17.170595650753427
96.35242031372672 17.170643934816606
96.35135279953434 17.17113746030325
96.37745081559999 17.171266200410102
96.3520609033899 17.171609524756676
96.37647449514333 17.171845556983392
96.35179804161011 17.17188847252671
96.35113285916867 17.17194748058339
96.3424210735 17.173460244129963
96.34254982012997 17.173910854073284
96.34267319824008 17.174270264410104
96.3438372733834 17.174559942696746
96.34280194487005 17.174785249625344
96.34378363384658 17.174989096825342
96.34223331881336 17.1751661223
96.34297360704332 17.17520903719101
96.34211530270001 17.175477256813355
96.34257127464008 17.176528677840068
96.3434295789834 17.177049026356677
96.34355296361662 17.17754255184332
96.34286095292671 17.177649837440068
95.7585793414101 17.183207359616606
96.2044751087733 17.187552522586643
96.20414787694008 17.188003132529964
96.20112772248666 17.191549000105994
96.35779544321336 17.192847182983392
96.35811730652671 17.193399716526713
96.3566581911 17.193528463156674
96.35760768852671 17.19383423395668
96.35864301704007 17.19386105698664
96.35677084325968 17.193973711103247
96.61757271952996 17.221396662286644
96.56261980486566 17.223011349089894
95.78326095198989 17.23453407479675
96.47617207876566 17.23828379520325
96.476102341497 17.238723674629963
96.47661732605994 17.239066992453424
96.60728379621011 17.24343361474007
96.6078524287899 17.243535540056676
96.60726770369675 17.243540902053425
96.60307274838989 17.250772255656678
96.6051541294101 17.250809809203254
96.60474107301334 17.250911732803253
96.6024236532433 17.251120942
96.60439238667003 17.251255050626714
96.6021071519267 17.25141598228339
96.60434410912995 17.25159300645343
96.60436556364007 17.25189341525668
96.60676345249999 17.252231371083393
96.60179065541661 17.252424491543323
96.60344825124007 17.252789273146576
96.60321221901336 17.253277430113357
96.54231534158666 17.25336862319675
96.60381303009675 17.253347168686645
96.6028689011899 17.25387824119675
96.60336242015342 17.253910432746572
96.60245583827003 17.254328851140073
96.60186575598664 17.254409317483393
96.54487416210326 17.25520861651661
96.59929084295666 17.25626540331661
96.60117374766565 17.256490706403433
96.60109328272995 17.25656580559675
96.60173164735993 17.25656580559675
96.60035835649674 17.25657117411661
96.59949469015666 17.256952045486642
96.59991311507328 17.25712370765993
96.59887241804006 17.257230993256677
96.59360994267003 17.25910853531661
96.59325589432996 17.259478676170037
96.59409273764007 17.25971470839675
96.59318079375993 17.260047302226717
96.59554649107002 17.260192141370034
96.59468282472996 17.261613709773286
96.5931486022101 17.262203790340074
96.58229642615993 17.275840096856683
96.58130937518663 17.277642536629966
96.58135229072997 17.277883930853427
96.58129864467003 17.278157516626713
96.58253245838664 17.27829699377329
96.58288650672671 17.278372094343325
96.58060664050325 17.27839354885343
96.58158832295668 17.27844719491336
96.5825592814166 17.27853838799675
96.58103042741661 17.27860276457329
96.58162587650324 17.278774426746573
96.58111625850324 17.278838796800002
96.58188873175993 17.27904800599675
96.58127182164006 17.279160660113355
96.58141129878663 17.2793484148
96.57396014855993 17.297045713146574
96.57310184421661 17.29724956034657
96.5741318042101 17.297335384910106
96.5734290695267 17.297383668973286
96.57391186449675 17.29771626280325
96.55265253764007 17.305060120910106
96.5533069947834 17.305172775026712
96.55914346129674 17.306240295089893
96.55866603484657 17.30636903519675
96.55819396387004 17.30650851234332
96.55904153769676 17.30731853914657
95.86718719494007 17.35769039009675
95.67819339348989 17.35871499461661
95.8670155392899 17.35916560455993
95.86672586100325 17.359659130046573
95.61594467971011 17.360469150326715
95.86704235579674 17.360576442446572
95.86706917882671 17.360994860840073
95.83455018465344 17.361627863473288
95.86726766402995 17.361885350210105
95.86753588299999 17.361885350210105
95.83461456122996 17.362282320616607
95.86515409145991 17.362652461470034
95.83457164568664 17.362818761646572
95.8648161291101 17.363199628210104
95.86535793865994 17.363285459296748
95.86683850859674 17.363644876156677
95.86779337454333 17.363671699186646
95.86808305282996 17.36395064695668
96.482169478 17.377367150326712
95.86700480877329 17.37805379249675
96.01328725914007 17.3784024809
96.0127508181101 17.378525859010104
95.86310488894333 17.37896038090325
95.86387736219999 17.37910522004657
95.8617476954 17.37936807530325
96.0123002146899 17.379228600216607
95.86360914494657 17.3794753609
95.86341065974332 17.37982940924007
95.86227877093134 17.382254123189895
95.86508435288664 17.38275301238989
95.86216611877165 17.382795921410107
95.86455327385343 17.383707871813357
96.48055479291335 17.383391370496746
95.86456937288989 17.384115566213357
95.86417777100326 17.384571538153427
95.86404365585344 17.384984601073285
95.63116905794007 17.38552104210325
95.86377007660326 17.38548885055343
95.86372179254008 17.385891182956676
95.86269719454332 17.38673875678339
95.85581467037329 17.388251519986643
95.85657641352535 17.388380266616608
95.85491345048663 17.388401721126712
95.85399077608989 17.388578745296748
95.8531163727101 17.388686037416605
95.85959656928338 17.388782592496746
95.86011155580324 17.388798685010105
95.85221515934657 17.38885769958989
95.85182891774008 17.38888988461661
95.85828765499674 17.38892206964332
95.85116373660324 17.38899180821661
95.8588133655101 17.38902399324332
95.84854590802996 17.38948533370325
95.85934980654007 17.39055820924007
95.8586685328899 17.390799609986644
95.86099667665343 17.390831795013355
95.85967166985343 17.390933718613354
95.85794433717328 17.391046372729964
95.8609644916267 17.391159026846573
95.85757418979674 17.391293135473283
95.85896357317328 17.391314589983388
95.85710212534332 17.391352143529964
95.85824473945343 17.39148089015993
95.8573059708267 17.391545260213356
95.84563840247466 17.39168473735993
95.84592808010899 17.392172894326713
95.85535332991336 17.392172894326713
95.85970922339999 17.392301640956678
95.85507974414006 17.39239283404007
95.85457549465993 17.392408926553426
95.85606143311661 17.39248939564332
95.85414097722996 17.392741520383392
95.85842713214332 17.392913182556676
95.85923715894657 17.3929560981
95.85479006585342 17.393020468153427
95.85768148191661 17.393181399810103
95.85405514614331 17.39325113838339
95.85764929688989 17.39360519324657
95.85337923448989 17.393626647756676
95.8573649788834 17.393674925296747
95.86083574499675 17.393744663870034
95.8556108231733 17.394495677810106
95.85501001208989 17.394640519672535
95.85485980442671 17.39477463210325
95.85409806168664 17.395064310389895
95.85450575608664 17.395123318446572
95.8520864127166 17.395305704613357
95.85358308168989 17.39534325815993
96.52050369084333 17.41639852579101
96.52003698838665 17.41650044939101
96.52012818147004 17.4167634454
96.52048222981011 17.417262332883393
96.52078800061011 17.417798773913354
96.52084164667005 17.41807235968664
96.52084164667005 17.418319122429963
96.52034812118339 17.418367399970034
96.51998334232673 17.41843713854332
96.52102940135669 17.41885556345993
96.52056806089675 17.41894139454657
96.52020328204009 17.41894675654332
96.52199499129675 17.42409121614332
96.52092747775669 17.424187777746575
96.52213983044008 17.424616928373286
96.5212976186101 17.425239197468663
95.82436855345343 17.426526653743323
96.5188192671834 17.42595802768664
96.52241877821011 17.42605458928989
96.51863151249677 17.4261779674
96.51857250444007 17.426451553173287
96.51884072821662 17.426768054489894
96.44377110005343 17.42927859094332
95.87933240904331 17.430426572268665
95.83183043900326 17.431537004373283
96.52636697729676 17.438408796310107
96.52660837804333 17.440050304426713
96.52482739930326 17.44021660460325
96.52478984575669 17.440543829913356
95.65118899942671 17.44716350037166
95.81238427718664 17.458584445740065
95.8080283854166 17.459120886770034
95.82143422837004 17.459163802313356
95.82194921488988 17.45919598734007
96.69043778698989 17.459077971226712
96.69095812898338 17.45939983454007
96.69061481115992 17.45970024334332
96.44652840577328 17.477992847686643
96.6260969615733 17.50359726658339
96.64228671837003 17.503683095610107
96.61711674758988 17.503849395786645
96.61447209598663 17.503854757783394
96.62668168014332 17.50387085029675
96.64304310082997 17.503983506473283
96.57834822707328 17.504139074073287
96.66845426260001 17.54432393481661
96.2649857463101 17.597812503783395
96.22178602860325 17.630809069656678
