95.63217220314331 16.285960099116608
95.6321292876 16.286748664886645
95.40878701951661 16.29980038909101
95.81161716592672 16.402979538756675
95.81134358358663 16.403113647383393
95.81102172027329 16.403451603210105
95.83218448734331 16.435294824456676
95.58985224257327 16.456065784689894
95.57598526754332 16.456714873313356
95.57689721794657 16.4571064752
95.57741219794332 16.45716012125993
95.58966984988339 16.457272768853425
95.58894029217004 16.4577180168
95.87924121595992 16.486229945889896
95.86378080059674 16.518609601543325
95.86878042404032 16.525921281146573
95.86952607231011 16.52645771565343
95.8709100936899 16.527546690226714
96.07480104678663 16.548510905870035
96.07480104678663 16.54895615381661
96.07468839267003 16.549503318840074
96.07713455907003 16.54980372699101
96.07747251489674 16.549932472968663
96.07792849335993 16.55000221023733
96.0774993379267 16.550195328225342
95.28200437005992 16.56104750729675
95.90882051652996 16.581314209810106
95.89574747578989 16.58210278210325
95.89526467429674 16.582526569016608
95.89531295835992 16.58536447730325
95.89596741550324 16.585396662329963
95.89531832035667 16.58674312364007
95.89721195362534 16.586748492159927
95.89753381759101 16.587183009589893
95.89682035132671 16.588357808726713
95.8886450071 16.59137260495993
95.8910911735 16.593105301353425
95.89155251395992 16.593116031870032
95.7642763342101 16.600068292896747
95.90311279321335 16.602133589643323
95.90063980378338 16.602718308213355
95.90177705589674 16.602782681768666
95.7599150787267 16.60418815415668
95.89980296047327 16.604746049696747
95.89611225464657 16.605025003989894
95.76523656215343 16.60545951489675
95.90602030178988 16.60540050684007
96.29484400117329 16.612095281129967
95.82915360065667 16.61836626198339
95.8277481312899 16.61901535582534
95.59222330359674 16.62231982958989
95.59282948319999 16.622319829589895
96.29412517047466 16.621794112553427
95.59288849125667 16.622866994613357
95.93614677047327 16.622915272153428
95.93730547709674 16.62357509781661
95.93681195161011 16.624476315094007
95.75658378495342 16.62598921928989
95.92433436338989 16.626176967453425
95.9240500471 16.628639232889896
95.92420024824007 16.629395607110105
95.82401450576566 16.632861013286643
95.9157030407 16.63914272465668
96.50383649935668 16.641900023853424
95.92683417104331 16.649522836253425
95.9264962152166 16.649791060029965
95.92616898338338 16.650171931400003
95.92648548469998 16.650595718313355
95.74875691569675 16.65489796574007
95.89039380081334 16.658084420370034
96.07258018690325 16.67639326031661
96.07226904758338 16.68203124505993
96.07223150055992 16.682567686089897
96.07219394701335 16.682975380489893
96.04849382045992 16.69097370054657
96.05915824834658 16.694777060489898
96.04690595840324 16.703075784543323
96.0481129490899 16.703333277803253
96.04698642097003 16.703478116946577
96.04611738611011 16.70360149505668
96.0486654761101 16.70399309694332
96.0442505810899 16.70400382745993
96.04421838954008 16.70441152185993
96.04486748468665 16.704856763283395
96.04587062988989 16.705055248486644
96.04870839165343 16.70509816402997
96.04646607245343 16.705103526026715
96.05147106108664 16.705323465740072
96.04571506022998 16.705575597003254
96.04668065017003 16.705709705629964
96.050875612 16.705827721743326
96.04971153514008 16.70584381425668
96.04692741291336 16.70589209179675
96.05108482119675 16.706031568943324
96.04941649485669 16.706192500600004
96.05122429834333 16.70671821111336
96.049561334 16.706793311683395
96.0451571646899 16.707265382659934
96.05120820582997 16.707340483229967
96.05020506062672 16.707710626040328
96.04974908868664 16.707850099925345
96.04293093628665 16.708134413605997
96.04328498462672 16.70814514216567
96.04388579571011 16.70814514216567
96.04236767222672 16.708241701159675
96.05021042914657 16.708263158931338
95.27502528600326 16.750062845273288
95.27273468274007 16.750073575789898
95.27269176719676 16.751237644410107
95.27779331571661 16.751704353389897
95.27760019553133 16.75248219070325
95.67789298468664 16.752562653270036
95.27757873775968 16.753329764529965
95.27729979022996 16.753335130989896
95.27758410236567 16.75422561589675
95.7486925470166 16.755824208470038
95.74590305627004 16.75628018041011
95.74863890095668 16.75647330361661
95.66108631605343 16.75931643561661
95.66251324645341 16.75978313807329
95.66136527034656 16.76210591984007
95.66536174697329 16.762894485610104
95.65888691239675 16.763725970837328
95.6619607129101 16.763902995659677
95.65973449274657 16.76395663976267
95.66009927160326 16.764085385740326
95.66004026354656 16.764267778189897
95.65971839371011 16.765641062529966
95.69202838844332 16.766000479389895
95.66259371554332 16.766982161843323
95.66098976097328 16.76771171955668
95.66192316588663 16.768108683440072
95.66067862165343 16.768242798589895
95.6616442181166 16.768725588753426
95.6987928947834 16.771649188126716
96.19819339740326 16.773693028646573
95.66834435440325 16.777716328303253
95.70921592844658 16.794485581673285
95.7086902114101 16.794490943670034
95.709725543597 16.79449630944332
95.71072332312997 16.79450167144007
95.71021906712672 16.794507039959928
95.71126512615668 16.79450703995993
95.71114174804657 16.79487181881661
95.71112028701336 16.79520977464332
95.71117929507004 16.795531637956678
95.71115784055993 16.7958803243
95.7117962051899 16.797586202470036
95.3147274211899 16.7983264907
95.30619244780598 16.798895116756675
95.77815404147327 16.800112833153428
95.87051849180324 16.817525681389895
95.8704433847101 16.817718798073287
95.8704326607166 16.817868999213356
95.81889686717003 16.826999209386642
95.75775859061335 16.838275319316608
95.75752255838664 16.838607913146575
95.75736162672996 16.83889222291336
95.75716851004657 16.83918726319675
95.7569485638101 16.839460848970035
95.75679836267003 16.839723704226714
95.66850528605993 16.844304905946572
95.66855892559676 16.84992142965668
95.66974446348989 16.849953614683393
95.66845164 16.850216469940072
95.66809222314006 16.850409593146573
95.66770062125343 16.850667079883394
95.67066713788665 16.85071536394657
95.66729829537329 16.850908480629965
95.65832901750899 16.851251798453426
95.66670284628664 16.851289352000002
95.67132159502995 16.851466376170038
95.6661771357733 16.851611215313355
95.66558704868339 16.852024271710107
95.67206188325993 16.85256071445668
95.7545238567267 16.85277529110899
95.75561819329674 16.85289867182834
95.755848864591 16.853123978516606
95.67177220497328 16.853483388853427
95.7551246678101 16.85399300685343
95.67234083102996 16.854320238686643
95.75823066158989 16.85428805365993
95.75763521250325 16.85505515839675
95.6514625852 16.8553555672
95.7554089841 16.855736438570034
95.65168788691011 16.85607439439675
95.75718996455667 16.85652500434007
95.91291355475992 16.85649818131011
95.65178981051011 16.857217015029967
95.65078667354658 16.857560332853428
95.65170934794332 16.858059224902995
95.6501375784 16.858161148502997
95.65109244434657 16.858220156559675
95.64951530628339 16.858316716205994
95.65168252491335 16.85866540165668
95.65245499817003 16.859073096056676
95.64819566800324 16.859207204683393
95.92697364818989 16.85921257320325
95.64761631012533 16.859593444573285
95.89788250287003 16.85937886685668
95.65014294039675 16.859749007710107
95.64955285982995 16.8599314004
95.65225115097003 16.86006550902671
95.6514840397101 16.860403464853427
95.65091005165667 16.86074142720325
95.64833513862672 16.8607467892
95.64915589594656 16.860864805313355
95.65196147268338 16.8611544836
95.65134456908663 16.861470984916608
96.23447819797329 16.865440638513356
95.63934977240325 16.86608973365993
96.23370035619675 16.865757139829967
96.23468740717004 16.865955618510107
96.23416705865344 16.86604144959675
95.64483754948338 16.86680856085668
95.6448268254899 16.867039231086643
95.64483754948338 16.867302086343322
95.64844779274333 16.867334271370034
95.65204194177329 16.8673610944
95.6526051993101 16.867704418746573
95.64491801857329 16.867854619886643
95.63952679657328 16.871674072343325
95.63946241999673 16.872038851200003
95.26078816840325 16.882038230053425
95.63908691714657 16.8820757836
95.63137290514007 16.882462023489893
95.63223657319674 16.882494208516608
95.63772971879675 16.882714148229965
95.64176911422834 16.883776301489895
95.64121121371011 16.883819210510104
96.01235385422672 16.884307374
96.01203735291011 16.884688245370036
95.64301365520001 16.88517104034007
95.64243966714658 16.885203231889893
95.64043337845668 16.88715050428339
95.6412004897166 16.88725242788339
95.64875356354332 16.887381174513358
95.64938119765668 16.887424090056676
95.64030463182671 16.88744018257003
95.77917327747328 16.887354351483392
95.64103955805993 16.88754210617003
95.650239502 16.887547474689892
95.78039636067328 16.88752601365668
96.14185625616867 16.887493828629964
95.78157652832996 16.887939070053427
95.783073195106 16.888040993653426
95.78272987295668 16.888073185203247
95.64549200662671 16.88826630188664
95.78053046929999 16.88819120131661
95.64369493537328 16.888647173908986
96.14165777357465 16.888185832796747
96.51502663775668 16.88782642245993
95.7827942430101 16.88859889375967
96.01254697091011 16.88838967999675
95.78306783049999 16.888668631028338
96.51430781055993 16.888389681713356
96.51460821284007 16.888395043710105
95.64721934582997 16.88963958794332
95.64913443491335 16.89039596868664
95.64968160645992 16.89039596868664
95.64859799388339 16.89040133068339
95.6479167185166 16.890438884229965
95.6474982936 16.890465707259928
95.6507383894834 16.89050862280325
95.63993985297003 16.890792932570033
95.65075448199676 16.890798301089895
95.6497620690267 16.890894856170036
96.01328189714333 16.890567630859927
95.64915589594656 16.890943133710103
95.6471925228 16.89107188034007
96.1368244458101 16.890610546403252
96.13687272987329 16.891318643083387
95.63452180794008 16.892268140510105
95.63196835594331 16.893072805316606
95.64984253811662 16.89325519148339
95.65012148588664 16.89325519148339
95.9444564333267 16.893083529310104
95.94348011417465 16.89356096228339
95.92849713367002 16.893829181253423
95.63382443525342 16.89448363839675
95.63231704228664 16.894494368913357
95.63299295394006 16.89453728445668
95.63577708268988 16.89471430862671
95.63421067514332 16.89507908748339
96.51411468735344 16.894757224170036
95.6322526657101 16.895830106229965
95.63271400617003 16.895862291256677
95.63266572862996 16.896291446689894
96.51422734147005 16.895679905089892
95.63270864417328 16.896688410573287
95.92706484127328 16.896495293889892
95.9265176697267 16.896747418629964
95.63268182114332 16.897053189429965
95.8982150984166 16.89753062240325
95.63076672986267 16.899032653373283
95.63134072182996 16.89911848445993
95.63342210937329 16.89942425525993
95.63218293365992 16.899552998628337
95.63239214285667 16.900073345840326
96.5105741891899 16.899284779829962
95.6332504472 16.900958472973286
96.51033278844332 16.900089438113355
95.93883454109674 16.90108185108339
96.49882593897003 16.900572233083388
96.50974270135343 16.90059369411661
95.93801915490599 16.901167682170033
95.96458902721335 16.90144126794332
95.93855559332671 16.901677300170036
95.93914031189675 16.901934793429962
95.9392690585267 16.902793097773284
95.93070190584658 16.904069820510106
95.93114714816267 16.90410201205993
95.64286881605668 16.904466790916608
95.62771974805344 16.90560940674332
95.95204169698664 16.905587948559674
96.02089934582997 16.90588835451336
95.6282883741101 16.908077027653427
95.625563261897 16.908195050289894
95.62605678542671 16.90819505028989
95.94313142783133 16.90795364954332
95.9464949053267 16.908393528970034
95.94607648041011 16.908597376170036
95.94565269349674 16.908736853316608
95.94152210824332 16.909579065146573
95.94232140452996 16.910222791773286
95.9417044944101 16.91030862285993
95.82516784974007 16.91064121188339
95.69056390449674 16.910791416525342
95.94358740172834 16.911043543874655
95.94203708824006 16.911086458765666
95.63356157999675 16.91141368514007
95.63411411354006 16.9114673312
95.94320652970599 16.91127957651336
95.63217756514007 16.91176774000325
95.63690360428664 16.912239804456675
95.38573082934658 16.912497297716605
95.86505752985667 16.912057418289894
95.38495298757005 16.912599221316608
95.3853070359101 16.91298009268664
95.63685532674657 16.912733329943322
96.09008422169998 16.912422197146572
95.7142316410733 16.91315175485993
96.09007349118338 16.912813792510104
96.09006276718989 16.91293717714332
95.86669366945343 16.91329122548339
96.09004666815342 16.91309274680325
95.7148646371834 16.91359699628339
96.09044363855992 16.91324830994007
95.86654883031011 16.913623819313354
95.7142423715899 16.91380621200325
96.55550103644333 16.913023008229963
95.86544376974658 16.913800843483394
95.63516017257004 16.914895180053428
95.63676412714005 16.9150346572
95.86813133037003 16.915104395773284
95.92023595835667 16.915313604970034
95.6998926015899 16.915646198799998
95.7003914890733 16.91570520685668
95.92053099864006 16.91603780003433
95.91910943480298 16.916289926731334
95.91991409504331 16.916461587599997
95.69881435427166 16.916735313473286
95.98953885024007 16.91747023318339
95.62542378735967 16.917926211646574
95.98931354852996 16.91772772644332
95.71322849758664 16.91820515941661
95.71321240507328 16.918425099129966
96.53829204192996 16.91762580284332
95.24769881725342 16.919294133989894
96.53606045324659 16.918312445013356
95.22235739405667 16.919830572273284
95.22495913011662 16.919932495873287
96.53996036827004 16.91866113135668
96.53941856524332 16.918671861873285
96.51339049815994 16.91878451598989
96.51457066581662 16.918907891353427
96.53120030375669 16.91891862461661
96.54040024769675 16.91894008290325
96.53482663952997 16.919074191529965
95.62549888923434 16.919986138156677
96.51213522341011 16.919101014559928
96.53904305415344 16.919074191529965
96.51320810547004 16.919111738553426
96.53094281049675 16.919095648786644
96.51253219381661 16.919240485183394
95.63663001851336 16.9201685281
96.53116275021011 16.91936923455993
96.53608726975344 16.919369231813356
96.53842615055669 16.919556986499998
95.7026659933 16.920452844389892
96.53122712678665 16.919793021473286
96.51541823964334 16.91985202678339
96.54008911490001 16.92006124250325
95.92655522327328 16.9207425189
96.10980912290324 16.92072106164332
96.5377663314166 16.920474298899997
95.92652840024331 16.921182398326714
96.5158634875899 16.920645961073284
95.70943049964006 16.921788577929966
96.53721379787329 16.921085840499998
96.51564354135343 16.921123394046575
95.70941440712672 16.921981694613358
95.92837911755667 16.921836855470033
95.67601008234658 16.922201638103253
95.67563457297328 16.922223095359932
95.63049314628664 16.922292827410104
95.9290443052166 16.922088980210106
95.93587855012996 16.922276734896748
96.5400086458101 16.92169202010325
96.5459577698733 16.921938779070032
96.53992282124658 16.922239185126713
96.54044853175994 16.922239185126713
95.92941444607003 16.922872185940324
96.53725134489676 16.922266008156676
95.70883505055343 16.923102854865668
96.5382437643899 16.922276738673283
95.93610922035992 16.922909736225343
96.54600604741336 16.922357203986643
95.93259553389674 16.92306530392834
95.93668857349999 16.92307066644007
95.9372089220166 16.923108219471658
96.5403144166101 16.92271125610325
96.5337591259899 16.922936557813358
96.53345871653434 16.922952650326714
96.54654248844332 16.923022389037328
96.53809355672672 16.923076034959927
96.53532016501661 16.923092127473286
96.5377663314166 16.923097489470035
96.53742300707003 16.923135043016607
96.53577077495993 16.92317795855993
96.53618919335344 16.923210143586644
96.53658079524007 16.923210143586644
95.92646403018989 16.92387533124657
96.54292688318665 16.923360344726714
96.54375300250325 16.92336571324657
95.93654909635342 16.923998709356677
96.54060409489676 16.923569560446573
96.54121563649676 16.923569560446573
95.66289412434656 16.924476144046572
95.66350566594657 16.924513691070032
95.93334118721336 16.924272295129967
95.92639965361334 16.92444932101661
95.6618587893101 16.924755091816607
96.5369080270733 16.923961155810105
95.93354503441336 16.924615612953428
96.53808282621011 16.924014801870037
96.48339792491336 16.92407380992671
96.53583514501335 16.92403626290325
96.54372617947328 16.924122093989894
95.64726226137329 16.925039403128338
95.66155838702996 16.925034039174655
96.53995500627329 16.924218649070035
95.92627627550326 16.9249482085
96.54175744604657 16.92434203370325
95.63733275491336 16.92551147255993
95.64648978811661 16.92551147255993
95.6362169621166 16.92560266564332
96.5436349863899 16.924803369597
96.54264256689675 16.924846285140326
95.63733811691012 16.925838697870034
95.6467848284 16.92584942838664
96.54557152998339 16.92498039507166
96.5405880023834 16.925044767734335
96.53520751090001 16.925178877665665
95.64783088742996 16.926085460613358
96.54710575250326 16.925194970831335
96.54259965135344 16.925243250328336
96.53434384455994 16.925259343494005
95.64727835388663 16.926182022216608
96.54636009575344 16.925291529825344
96.53252531055668 16.925323716482836
95.6458997010267 16.926251760789896
96.53202105455344 16.92540418044007
96.53252531055668 16.925409548959927
95.63386735079675 16.92642341644007
95.64654879617328 16.92643414695668
96.54559835301336 16.925597303646573
96.54265865941011 16.92560802764007
96.53226781729674 16.925736774270035
96.30199474259675 16.926021090559928
96.53116811872997 16.925801150846574
96.53159190564332 16.92582260535668
96.53859244723134 16.92581724335993
96.53890358263733 16.92582260535668
96.30318564077002 16.92605863758339
96.54646738787329 16.92586015890325
95.70680194707329 16.926943764956675
95.64881793359675 16.927013503529963
96.30169970231336 16.926380500896748
96.53665589581011 16.926182022216608
96.53537380455343 16.92620884524657
96.53499293318339 16.926219569240068
96.54108152787003 16.9262732153
96.53442967564658 16.926310768846573
96.53985308267329 16.926450239470036
96.5446756769 16.9264770625
96.30136174648663 16.926820386846572
95.64787916497002 16.927576767589894
96.53187621541011 16.9267828333
95.68715730005343 16.9277001457
96.54082403461011 16.926863302389894
95.72003591947004 16.927839622846573
96.53144170450327 16.927029596043322
96.30097550659676 16.927270996789893
95.72074938467003 16.928011278496747
96.54476686998339 16.9271905277
96.54556616798665 16.927238805240073
96.5406201874101 16.927308543813353
96.30028886271009 16.927619676610107
95.68685689777328 16.92829023278989
96.54396757369676 16.927458744953427
96.30403321459674 16.927893262383392
96.30659203682995 16.9279039929
96.5403841551834 16.927812799816607
96.3073108640267 16.928075655073286
95.63584145274332 16.928789120273287
96.53613555381662 16.92809710958339
96.54012666844659 16.928279502273284
96.51779466918666 16.928467256959927
96.53773950838665 16.92845652644332
96.53857635406567 16.92856381204007
96.54136047564008 16.928821305299998
96.53966532798665 16.928832035816605
96.54057190987004 16.928853490326713
96.53586196804332 16.928917866903248
96.53666126432998 16.92913780661661
96.54590412381336 16.929153899129965
96.53916644050327 16.929545501016605
96.51862615050001 16.92959377855668
96.53989062969674 16.929583048040072
96.54535159027003 16.92958304804007
96.53430629101337 16.92962596358339
95.88627930652834 16.93047890462534
96.54450938324658 16.929829810783392
96.28137935854656 16.930124852783393
96.538823116809 16.929926372386642
96.53562056729676 16.92998538044332
96.54344723170325 16.930060481013356
96.53649496415343 16.9301463121
96.47652076510899 16.93037161552671
96.53707968924658 16.930334066134332
95.2708517786834 16.93162152175668
96.47332894611336 16.930543277940323
95.26857727445667 16.93182000695993
96.47616135020598 16.93068811684332
95.26894741531011 16.9319702081
95.70936076758989 16.931530328673286
95.26936047822997 16.932093586210105
95.70920519792996 16.93171808335993
96.53555083524657 16.931020710673288
96.53467106987004 16.931026072670036
95.27068548502996 16.932302801929964
96.47617207876566 16.931101173240073
96.51683444059103 16.931063626216606
95.27103417137329 16.93231889444332
95.27095370228339 16.93251737964657
96.53769123084658 16.931321112953427
95.27089469422671 16.93264075775668
95.71577122558989 16.932211608846572
95.27132921165668 16.932796327416607
96.53930054741336 16.9315625137
96.53260577964659 16.931680529813356
96.47621499430899 16.931750268386644
96.53659152575668 16.931728807353426
96.47574828948339 16.931916562040072
95.70632987609676 16.932951890553426
96.53267014970001 16.932131139756677
96.51710802505968 16.932195509810104
96.54086695015343 16.93219014781336
96.51680225425969 16.932243793873283
96.49739900857003 16.93238326449675
95.93166749750324 16.932957259073284
96.53699385815995 16.932361809986645
96.49783888799675 16.93242081804332
95.81014195489675 16.93318792930325
95.93107741041335 16.933112822210106
96.5378146089567 16.932517379646573
95.93203763835666 16.93324693735993
96.53647887164007 16.93267294278339
96.49228673434007 16.932748043353428
96.49175566182996 16.93283924295993
95.26750439239675 16.93410524170325
96.51891046678989 16.93288215850325
95.26786380925668 16.93417497375343
96.53768586232673 16.932925074046572
96.49225454931334 16.93298408210325
96.49662117331661 16.933048452156676
96.49178784685668 16.933123552726713
95.93113641847003 16.933708271296748
96.49226527982995 16.933220114329963
95.26884549171011 16.934470020559928
96.49634222554657 16.933316669410104
95.70872776495668 16.93413742672996
96.53608190775668 16.933311307413355
96.51859932747004 16.93335958495343
95.64844243074657 16.934314450899997
96.51737624427004 16.93345078455993
96.49229746485668 16.9334990621
96.52880778341662 16.933515154613357
95.64797035977003 16.93442710501661
95.65883863314008 16.934480744553426
96.51785903924008 16.93371363981661
96.53935419347329 16.93369217878339
96.53588342255344 16.933890663986645
95.64831904611336 16.934791883873288
96.51881390518665 16.933944310046574
96.50726434992671 16.93404086512671
96.53927909290326 16.93404623364657
95.25876042039675 16.935333686899998
96.53748738364658 16.934078418673288
96.50673327741661 16.93415351924332
95.91394888327328 16.934765060843322
95.64838878468663 16.93508156215993
96.4918414929166 16.934260804840072
96.5296338962101 16.934384189473285
95.70852391775668 16.935210308789895
96.49186294742671 16.93445929004332
95.25866922731336 16.935795025402996
95.6486301789101 16.93547852775993
95.25909301422672 16.935939863894006
95.66259371554332 16.935800391073286
96.4970181372 16.9354356105
95.66146719394658 16.936304640553427
95.68269948468338 16.936304640553427
96.53805064118339 16.93546243524657
96.49673918942996 16.935752107010106
96.49161082268664 16.935821847128338
96.49201851708663 16.935859398065666
95.81057111032996 16.936578226326713
96.4925442276 16.935929135334334
95.81106463581659 16.93674452650325
95.68260292960323 16.937141490386644
96.31215492065992 16.936621141870035
95.68310717908338 16.937436530670034
96.31231048379675 16.93702347427329
96.31262719586567 16.937023474273285
95.81381677968339 16.937661838903253
95.81279218103433 16.937736939473286
95.6539194773101 16.93817145690325
95.66009390308338 16.9382787425
95.8123789151899 16.93816608838339
95.81284046053133 16.938187549416607
95.72033095975343 16.93828410449675
95.88882203127002 16.938139265353428
96.12345615478664 16.937908601646573
95.66071617520001 16.938375304103253
95.88727172275992 16.938209003926712
95.65880644811335 16.938450404673283
95.6600241645101 16.938552328273285
95.65825928308989 16.9385845133
96.31160238711661 16.937962241183392
95.65763164245342 16.93871862192671
95.66316234159999 16.938740082959928
96.49274271280325 16.938042710273287
96.12445929827328 16.938439674156676
95.88733609281334 16.938804453013354
95.65266957499401 16.939056577753426
95.88885421629675 16.93884200655993
95.88817294264658 16.93897611518664
96.29200623288665 16.93863815935993
96.1244110142101 16.93884200655993
95.65618861954007 16.93934089404332
95.65353324394331 16.93935162455993
96.49114412022996 16.93863815935993
95.70954315375667 16.939464272153426
95.6563441892 16.939534010726714
96.49175566182996 16.938713259929962
96.12474897655993 16.9390941313
96.29237637374007 16.938970753189892
95.65364052954007 16.939635934326713
96.47058773771334 16.938858099073286
95.88885421629675 16.93956619575343
95.88733609281334 16.93961447981661
95.65314164205668 16.939866604556677
95.66483603645992 16.939871966553426
96.49174493131335 16.93904585375993
95.6652812778834 16.93988806558989
95.70996157867329 16.93992025061661
96.2924514743101 16.939421356610104
95.64887157965667 16.94024747592671
96.29216180254656 16.939732495929967
95.66440688102671 16.940397683589893
95.88878448424657 16.940199198386644
95.64874820154657 16.9406229853
95.66423521885342 16.940644439810107
95.8874433784101 16.940424500096746
96.29220471808989 16.94016701335993
96.50277970981011 16.940193836389895
95.88899905544007 16.940837563016608
95.66230939925342 16.941202340568665
95.8872288072166 16.941014587186643
95.88798518795991 16.941041405410104
95.66159057205667 16.941304264168664
95.89313500921335 16.94121306758339
95.652621295497 16.941524206903253
96.49617592537004 16.94073027089675
96.50218962924333 16.9408268325
95.6489252257166 16.94172268712834
95.64940802068664 16.941942625296747
95.65104952880324 16.942055279413356
95.64945629822671 16.942130379983393
95.6485765393733 16.942178664046573
96.41927704257165 16.941449102659675
95.65101197525668 16.9422430341
96.47257793388988 16.9414276453
95.6486891934899 16.942339595703253
96.41989931142672 16.94172268712834
96.47156405988665 16.941819247186643
96.47265839645667 16.942001633353428
96.46853853519676 16.942178664046573
95.65637101222995 16.94325690810325
95.65201511874332 16.943310547640067
96.46303466560325 16.94250052735993
95.65142503165342 16.94341783975993
95.65650512085668 16.943487571810106
96.53888212486567 16.942795567643323
96.51715630284008 16.94284384518339
95.652825142697 16.94371824204007
95.66326962719674 16.94376115758339
96.51736015175669 16.942918945753426
95.66368805252534 16.94378261861661
95.71697284947328 16.94380944164657
96.46175793634332 16.943090607926713
95.65470268108339 16.94397037330325
95.65634418919998 16.94400792032671
95.66368268857165 16.944013288846573
95.6632749957166 16.94401865084332
96.46103910914657 16.943342739189895
95.66304968748338 16.94439952221336
95.65500308988663 16.94450144581336
95.66416011828338 16.944501445813355
96.50724289541662 16.94365923398339
95.65077594302996 16.944538999359928
95.65368344508339 16.944592638896747
95.6597076697166 16.944614099929964
95.66335545828339 16.94464092295993
95.66542075502997 16.944640922959927
95.6522994285101 16.94475893907329
95.66392408670899 16.94474820855668
96.46178475937329 16.94397037330325
95.65185954908338 16.94479648609675
95.6653832014834 16.945016425810103
95.67634803817327 16.94508616438339
95.6519829337166 16.94527928758989
96.4625411401166 16.94452826884332
95.67613882245342 16.945327565129965
96.46128587188988 16.944619461926713
95.67593497525343 16.945585058389895
96.46724035142671 16.944834039643318
95.6508617741166 16.945713798496747
96.46151653559674 16.9451988185
96.4677177844 16.945327565129965
95.66374706123432 16.94627706255668
95.92513365487002 16.946142953929964
96.46970797885993 16.94561187489675
96.46801819320325 16.94567088295343
95.66104876902996 16.947162191646573
95.66178905725992 16.947162191646573
96.51518756941336 16.946368257356678
95.70080454547004 16.94737676284007
96.5153753241 16.94671158170325
95.72341013050325 16.94758597855993
95.7014643646101 16.947612801589894
96.50722680290326 16.946856420846572
96.51248927827329 16.9470227145
95.7436553737 16.947848833816607
95.74276488302534 16.947864926329963
95.66140281737003 16.947956119413355
96.50742528158341 16.94711927610325
96.51469941244657 16.947113907583393
95.74176710764658 16.94797221192671
95.66243814588339 16.94807950404657
96.50746283512997 16.94741967838339
96.5128272341 16.947489416956678
96.5143775426101 16.947623525583392
96.51253219381661 16.947730817703253
96.51607805878339 16.94778445724007
95.67026480548338 16.94869104564657
96.28132571248665 16.948176059126716
96.49826804342996 16.947999034956677
96.51586884958664 16.948084866043324
96.49857381422996 16.948117051070035
95.70187742752996 16.948932439870035
96.28052641619999 16.948680315129963
96.51243027021661 16.948927077873286
96.51959710895994 16.94920602564332
96.5201657350166 16.949291856729964
96.51255901684658 16.949409872843322
96.5159654111899 16.949490335410104
96.51642674512672 16.94951179644332
95.67069396091661 16.950391555296747
95.6704901137166 16.95074024164007
95.66995367268663 16.951367875753427
96.28374505585667 16.95086362627329
96.27957691877327 16.951308867696746
95.6650184226267 16.95216181175993
95.66929385182996 16.95225300484332
96.27908875528338 16.95174875364657
95.85251556162672 16.952440758465666
96.5026241466733 16.951823854216606
95.6651793542834 16.952741161810106
95.66894516548663 16.952859184446574
95.6595735610899 16.953009385586643
96.57964104404007 16.952381751473283
95.65949845399675 16.9534331725
95.6992917839834 16.954886925929962
95.69496808204657 16.955192696729966
95.69561180867328 16.95552529055993
95.72884426804657 16.95567012970325
95.66282974777003 16.955793507813354
95.6650774306834 16.956088548096748
95.66584990394007 16.956249479753424
95.69914158284331 16.956351403353427
95.66626296685993 16.95651770352996
96.5807031955834 16.95561112164657
96.58121818210324 16.95561112164657
96.58167415404333 16.95562721415993
96.58219450255993 16.955654037189895
96.58288650672671 16.955798869810103
95.66557632468988 16.956716182210105
95.69918449838664 16.956925397929965
96.57940501246566 16.956072455583392
95.66590355 16.957070237073285
96.57847160518338 16.956169017186642
96.27415351174656 16.956855659356677
95.66392408670899 16.957579855073284
96.27374044882671 16.957080967589896
96.27438417545342 16.957209707696748
96.27396575705993 16.957451108443323
95.66335545828339 16.958137751265667
95.698787531894 16.958127022705995
95.66398845937167 16.958169937597006
96.27460412168989 16.957579855073284
96.27417496625668 16.957805158740324
96.2748401539166 16.957912446294007
96.27441636700325 16.958175302202996
95.6637953377101 16.958953279413358
95.66286193279674 16.959060565010105
95.67027017400324 16.959371704329968
96.55857483524008 16.95854558501336
96.5580866782733 16.95863677809675
95.66398846091661 16.959618467073287
95.67010924234657 16.959639921583396
95.66984638537329 16.959838406786645
95.66969081571335 16.960036891989898
96.57899731569674 16.95920004215668
95.66959425411011 16.960267555696753
96.56058112221336 16.959537997983393
96.56126240238666 16.959639921583396
95.66948696851335 16.960616244100002
96.55987301901011 16.959747213703253
96.56125167187004 16.960144177586645
96.55908982175993 16.96028364821011
96.58141129878663 16.960348024786644
96.57937819358989 16.96037484781661
95.70663564689676 16.961297524273288
96.55576925369675 16.960449948386646
96.55635397576867 16.960460678903253
95.70603483581336 16.961463817926713
95.70558959438989 16.961522825983394
95.7051818999899 16.961592564556682
95.70474738084332 16.961667669589897
96.57942110563133 16.960873737359933
96.54925687209675 16.961023938500002
95.94514307549674 16.961689126159932
96.58137911375992 16.961056123526717
96.57991462981335 16.96122242370325
95.66216992862996 16.962220196610104
96.61347431449674 16.96144772335343
96.549594831597 16.961565741526712
96.6137854538166 16.961860786273288
96.61343676747327 16.961866148270037
95.25302051205342 16.963266257700003
95.68533340920325 16.9629122073
95.66740021897328 16.962987309929964
96.46293810399999 16.962193375640073
96.4625518641101 16.96225775015668
96.46308830514008 16.962386496786646
95.68602541337003 16.96317506255668
95.70692532518339 16.96322334215668
95.25298832702671 16.96368468261661
96.46343699148339 16.962531335929967
95.66707835565992 16.96337354329675
96.46416654919675 16.962590343986648
96.46461715914006 16.96271372209675
96.46420410274331 16.962847837246574
95.68297843588664 16.96369004255343
96.57810146432996 16.96296048484007
95.70604556632996 16.96384024575343
95.70569151798989 16.963893891813356
95.70524090804656 16.963952899870037
95.70484930444331 16.96398508935993
95.68066637639674 16.964065553986643
95.68283895874006 16.964140652496752
96.57720560644006 16.963250163126716
96.5766798959267 16.963464740843325
95.6830857214834 16.964526891734334
95.32927567093432 16.964966773873286
95.68378846268989 16.964634179940326
96.57576795204656 16.963802696670037
95.66631660639675 16.964746834159932
95.68611124445667 16.964757560659677
95.70568614947004 16.96485411975668
95.6823132482267 16.964934588846575
95.7050209618101 16.96495604335668
95.66608594268989 16.965025781929967
96.57481844809675 16.964135290500003
95.68023722748663 16.9650794279899
95.2541792252 16.965519307416606
96.57434101992996 16.96423184764007
95.6665258221166 16.96526717615343
95.66697106354007 16.965481753870037
95.7057451575267 16.965487122389895
95.70536428615668 16.965530031410108
95.68174462525994 16.96611475169675
95.68480769525667 16.9662113133
95.66840336245993 16.966275688159932
96.5838735577 16.965363737756682
95.71635057735668 16.966436615010107
96.58070856410325 16.96557294695343
95.66843554748664 16.96657609215668
95.66890224994333 16.966613645703255
95.71697284947328 16.966774577359928
95.68125646307465 16.966855039926713
95.70990256907166 16.9671286257
95.68063419137003 16.96786891392997
96.25784573059674 16.967885006443325
95.71429601112672 16.968507278559933
96.25852164877328 16.967992292040073
96.46723498942995 16.967986930043324
96.25778136054332 16.968222962270037
96.2592458444899 16.96841071695668
95.71623792324007 16.96907053609675
96.25734684311335 16.96861456415668
96.25996467168665 16.968791588326717
96.25183760499999 16.96887205741661
96.25350593614657 16.9691670977
96.25315188128339 16.969665985183394
96.5815400454166 16.969623069640072
96.5816312385 16.969918116446575
95.6726305093166 16.97091589141336
96.25878986602672 16.970449188956678
96.58172243158339 16.970223887246576
96.2575560523101 16.970781782786645
96.58181363118989 16.970567205070036
96.25727710454007 16.971173384673286
96.25814077740324 16.971248485243322
96.23963338774658 16.971366501356677
96.23294397545344 16.971575712270038
96.58174925461336 16.971752736440074
96.23962265722997 16.97216043303733
95.6803445148 16.97274514941011
95.67943256920324 16.972761248446574
95.6797544325166 16.97278270295668
95.6797544325166 16.97300264267004
96.5819691943267 16.97253594021336
96.58206575592996 16.972959727126714
96.58446364478988 16.97299191215343
95.67931455308988 16.974225725870035
96.58456556838988 16.97349616815668
96.5822213255899 16.973533721703255
95.68010848126866 16.97451540415668
96.58230715015341 16.97396823261011
95.68142275885668 16.975169861300003
95.68196993040326 16.975223507359928
96.56397699604005 16.9743544725
96.56352638609675 16.97446175809675
95.68186263828338 16.975389801013357
96.58237688872671 16.97451540415668
96.58247345032996 16.974831905473287
96.58526830307328 16.975110853243322
96.58265047449999 16.97548636261661
96.58274703610324 16.976167642789896
96.58280604415992 16.976468045070035
96.58311181495992 16.976795276903253
95.67527515611334 16.977723315905994
95.674947928194 16.97810418638339
96.58324592358665 16.97745509539101
96.57067713232671 16.97777159255343
96.58314399998663 16.977889612168667
96.58320837004007 16.978238295010108
96.59473110227003 16.978447510729964
96.5833853942101 16.978597711870037
96.5851985662166 16.978667450443325
96.59328271735993 16.978672812440074
96.59481693335667 16.97878010455993
96.58186727072672 16.978973221243322
96.59423221478664 16.979016136786644
96.58483378540299 16.979268261526713
95.69391665930326 16.98036796661661
96.5945755326101 16.979515024270036
95.69476959684332 16.980566445296752
95.69402930861335 16.98063618387004
96.5962063102101 16.97976178701336
95.69615897369675 16.980700560446575
95.6953704079267 16.980807846043323
95.69447455655992 16.98083466907329
95.69606778061336 16.981006331246576
96.58486060712833 16.980185573926715
96.58213549450323 16.980249950503254
95.70025738044657 16.981215540443323
96.59631360232996 16.98034650558339
96.58556870707002 16.98077029249675
96.58195846381011 16.980899039126715
96.58639482638664 16.980899039126715
95.70016081884333 16.982020198726715
96.58646992695668 16.981156532386645
96.58484987856866 16.981242363473285
96.58641091889999 16.9815803193
96.57914752116267 16.98174661295343
96.57606299232995 16.981929005643323
96.58256464341335 16.982116760329966
96.57614345489674 16.982170406389898
96.58206575592996 16.982170406389898
96.5780853718166 16.982191860900002
96.58805778901335 16.982304515016608
96.5864323734101 16.98239034610325
96.58191555478989 16.982476177189895
96.58434026015667 16.982599557016613
96.57916897893432 16.98264783455668
96.57620246295342 16.9832003681
96.57827848849999 16.98329692970325
96.58460848043133 16.983345207243325
96.58639482638664 16.983490046386642
96.58212476398663 16.98371534809675
96.579131427997 16.983731440610107
96.58074074912996 16.983795817186646
96.58645383444332 16.983892378789896
96.58464603136866 16.983897740786645
96.58513955815992 16.98398357187329
96.58265047449999 16.983988933870037
96.58776274872996 16.983999664386644
96.58729604627328 16.984117680500002
96.58671132770326 16.984208873583395
96.58044570884655 16.984423451300003
96.562748550191 16.984450274329966
96.56277537256867 16.98508863895993
96.584828420797 16.985796735640072
96.58537022838988 16.986177607010106
96.58323519307004 16.986295629646573
96.58490888662533 16.98632244615343
96.58247881232671 16.986499476846575
96.5816419690166 16.986756963583396
96.58095532684658 16.986950086789896
96.30885581054007 16.989224586210106
96.08526698775341 16.98950354050325
96.08425312027327 16.989685926670038
96.0846929997 16.990962655929966
96.3078902206 16.99098411044007
96.3071767554 16.990989478959932
96.30590539465993 16.99105384901336
96.30911866579675 16.991069941526717
96.08453743004006 16.99129524975993
96.30662958385342 16.99110212655343
96.30860904779675 16.991150410616612
96.30583029408989 16.99135961981336
96.30921522739999 16.99138644284332
96.30864660134333 16.991606382556682
95.76191063689998 16.993628762043322
95.98033354430325 16.995130794729967
95.85213469025668 16.99531854941661
95.97963080309674 16.99531854941661
95.98046765292996 16.995334641929965
95.98043546790325 16.995849621926716
95.98138496532997 16.996187577753428
95.98053202298338 16.996316324383393
95.9794323244166 16.99644507101336
95.97944841692996 16.996772302846573
96.58534340535992 16.99684740341661
95.62070290868988 16.99786127089675
96.58630899529999 16.99944913556267
96.58667377415667 16.999899745505996
96.5863894643899 17.000388046386647
96.58684543632995 17.00076355575993
95.40395905505343 17.01001714129675
96.29398569682996 17.009309044616607
96.2926660520267 17.009325137129967
96.30445163951336 17.009384145186644
96.30371671980325 17.00940559969675
96.3030300711101 17.00945924575668
95.40463497322997 17.010698421470035
96.30308908568989 17.009904493703253
96.58739796987328 17.01005469484332
96.30309444768665 17.01043020421661
95.43880104717329 17.011631826383393
95.79190300038988 17.011304601073284
96.58753207849999 17.010510666783393
96.58614806364332 17.010848622610105
96.30418342225992 17.01173911850325
96.58450119181336 17.011508448273286
95.43771743720599 17.01266715489675
95.43733099122997 17.012693977926716
96.30354505762996 17.011873227129968
96.5862285262101 17.011669379929966
96.29222081060324 17.011980512726716
96.30295497054007 17.011991243243322
96.30235415945667 17.012050251300003
96.28756987031011 17.012441853186644
96.30368989677328 17.012479400210104
95.43782472475968 17.01336452758339
96.28918455539674 17.01277444701661
96.30281013139674 17.012994386729964
96.28974245265343 17.013251875183393
96.15764905038664 17.01356301450325
96.29052029442997 17.01372930815668
96.15753103427329 17.01426574918664
95.4373041682 17.015124053529966
95.43770670799401 17.015129415526715
96.30197328808663 17.0142818417
96.15746665769674 17.014576881983395
96.30144220905342 17.01449641941661
96.15723062547004 17.01488802130325
96.30069119682996 17.014802190216606
96.15886140307003 17.015585393989895
96.15720917095993 17.01581605769675
96.16105007792672 17.01601990489675
96.15692485467002 17.016132559013357
96.16187083524657 17.016229120616607
96.1579709137 17.01637395975993
96.15475763604007 17.01684066221661
96.15446795775343 17.01698550135993
96.1601005805 17.017403919753427
96.16013813404658 17.01765605101661
96.29525705928663 17.01916344594033
96.29457041515967 17.019453123574657
96.29619582619674 17.01978571781661
95.4327068743101 17.02111072461661
96.29595443197329 17.020332882840073
96.29508539711335 17.02068156918339
96.29439339033732 17.02070303021661
96.29683955934657 17.020912239413356
95.3960465708899 17.02185101284657
95.39498441934657 17.021899290386642
96.29578813179674 17.021019525010104
96.29437729717165 17.021116086613354
95.43190221602671 17.022467916443322
96.29437193256567 17.02167935067329
95.39642207374007 17.02268785615668
95.39552085385344 17.02278441775993
95.3969746072834 17.023685637646572
96.54080794209676 17.02304727301661
96.54006229187004 17.023326220786643
96.53953121935993 17.02356761501011
96.54003546884007 17.02380365375993
96.5393756497 17.024018224953426
96.17344720701335 17.025498803129967
96.17333992141661 17.02609425221661
96.17192908352996 17.02765529124332
96.17173059832672 17.02837411844007
96.17278201935343 17.028540418616608
96.1717091438166 17.029135867703253
96.17136045747328 17.029200237756676
96.17278738787329 17.0293450769
96.17062553124006 17.029452362496748
96.58114844352995 17.02908222164332
96.16944536554033 17.029597201640073
96.58158296095992 17.029436269983393
96.17263181821335 17.030337491586643
96.1692737062166 17.030369676613354
96.17088838649674 17.030498423243323
96.1725942711899 17.030621801353426
96.16903230547004 17.030895387126712
96.16968140061661 17.031587397816608
96.16884455078338 17.031603490329964
96.1723314094101 17.031753691470037
96.1897605599166 17.03233304804332
96.17235823244008 17.032633456846575
96.18968009082673 17.03278901998339
96.17227776987329 17.03294995164007
96.35211991144658 17.03315379884007
96.35348246527005 17.033180621870038
96.1722294858101 17.033405930103253
96.35284410064007 17.033287913989895
96.17217047775343 17.03359904678664
96.16697237895993 17.033706332383392
96.1697028551267 17.034060387246573
96.16703674901336 17.03408720375343
96.15885067255343 17.034156942326714
96.3531927869834 17.034001379189895
96.17209537718338 17.034237411416612
96.15831960004331 17.034291050953428
96.35357365835344 17.03437688204007
96.35466800144658 17.03438225055993
96.17203100712996 17.03459145975668
96.16962239255993 17.0346343753
96.15916717558665 17.034752391413356
96.15860927832996 17.03476848392671
96.3522754745834 17.03458072924007
96.17042705255992 17.03483286050325
95.65605451091335 17.0354497641
96.16687581735667 17.035074254726716
96.0636377314166 17.035208365070034
96.169504373597 17.03512790078664
96.3557301529899 17.034972331126713
96.35271535401012 17.03499379215993
96.06331586810325 17.03538538924007
96.06394886421336 17.035460489810106
96.16711184958339 17.035476588846574
95.83091312660325 17.036013026202998
96.16937026129673 17.036018391873284
96.35598227772996 17.035932560374658
96.16652176901661 17.036136407986646
96.17173059832672 17.036334893189895
96.16931662175992 17.036426086273288
96.17689115009674 17.03667821101336
96.17530328804007 17.03671039604007
96.17160185169675 17.036721126556678
96.17756169975343 17.036801595646573
96.16925224518339 17.036839142670036
96.16758928255666 17.036935704273287
96.17168232078664 17.036994712329964
96.17678922649674 17.036994712329964
96.17746514467328 17.03712882095668
96.17146774307002 17.037150281989895
96.17155893615342 17.037359491186642
96.17517990992997 17.037370221703252
96.15453233432996 17.03739167621336
96.17666584838665 17.03742922975993
96.16742298890324 17.037445322273285
95.2659487201733 17.03845382775668
96.16634474484657 17.037579430900003
96.1750511633 17.037659899989897
96.16740152787003 17.037874471183393
96.16624818324331 17.037992487296748
96.17145701255342 17.037992487296748
96.17708427330325 17.03809977941661
96.15557839335992 17.038233888043322
96.17630643152671 17.038223157526716
96.1574720262166 17.038271441589895
96.17141409701011 17.038276803586644
96.17633325455668 17.03850210529675
96.16732106530324 17.038512835813357
96.1558519726101 17.03859330490325
96.1704645995834 17.03859330490325
96.17146774307002 17.038829337129965
96.15590561867003 17.038872252673286
96.17264791072671 17.038915168216608
96.16866752661335 17.03902245381336
96.16761074358989 17.039188753989894
96.15630258255342 17.03922093901661
96.1725138021 17.039371140156682
96.15627576604658 17.039440878729966
96.15578224055993 17.039650087926713
96.15635622861336 17.03970909598339
96.1714033730166 17.039714464503252
96.17631180004656 17.039923673700002
96.17543203467002 17.040106066389896
96.17133899644007 17.040111428386645
96.17238505547004 17.040368921646575
96.17627960849674 17.04038501415993
96.58658258107329 17.040073874840072
96.15639914415668 17.04058886135993
96.18850529168989 17.04065323141336
96.1568712086101 17.040798070556676
96.18777036610899 17.04078197804332
96.19020043934333 17.040824893586645
96.18856966174333 17.0410448333
96.58645383444332 17.040696146956677
96.17288394295342 17.04114139229401
96.18785619589102 17.041157485459678
96.17226167735993 17.041211129562672
96.19030236294333 17.041221858774655
96.15705896329675 17.041280866831336
96.15734327958664 17.04178526162997
96.19047402511661 17.04181744665668
96.15918863009674 17.042032024373285
96.18880569397004 17.042032024373285
96.15739692564657 17.042101762946572
96.18808150086268 17.04211248694007
96.19052230265669 17.042139309970036
96.18568876644007 17.042198318026713
96.18885934002998 17.042396803229966
96.19059204122996 17.042509457346576
96.34009828847167 17.042380710716607
96.18507722484006 17.042552372889894
96.16212295998665 17.04299225231661
96.3397013196101 17.042954698770036
96.15729500204657 17.043437493740072
96.15809429483133 17.04344286225993
96.33958867201662 17.04328193060325
96.16490708392996 17.043458954773286
96.16429554061335 17.04359842539675
96.15826595569999 17.043678894486643
96.193107944006 17.04370571751661
96.19282899191012 17.04374863305993
96.16231071467328 17.043807641116608
96.15746665769674 17.043834464146574
96.16159724947329 17.043941751803253
95.54325148589675 17.044606937403252
96.15559448587328 17.04400075985993
96.3381510111 17.04389346774007
96.30357724265667 17.04400075985993
95.54370209584008 17.044928800716608
96.19294164602672 17.04434944414332
96.33805981801662 17.044252884600002
96.33881083024008 17.0442528846
96.16682753981661 17.044429908770034
96.3037542668267 17.04430653065993
96.16604433604331 17.044483554829966
96.16559908809674 17.044564017396752
96.15441431821661 17.044649848483395
96.59529972832671 17.044268977113354
96.1669401874101 17.04471422505993
96.16617308267328 17.044757140603252
96.33915415458665 17.044617663456677
96.33807054201012 17.04462302545343
96.158217676203 17.044826872653427
96.30370062728989 17.044687402029965
96.19276462185668 17.044821508596748
96.59495104198339 17.044499647343322
96.3388537457834 17.044842971689896
96.5952782738166 17.044639124489898
96.15835178613433 17.04507900391661
96.1669401874101 17.045073635396747
96.15709651684332 17.045154104486645
96.16354452838989 17.04515946648339
96.59430195335992 17.044778595113357
96.15538527015343 17.04522384305993
96.30378645185343 17.04507900391661
96.15731109455993 17.045341859173288
95.99742452270326 17.04562616894007
96.15657080632997 17.045508152826713
95.99499981081334 17.045867569686642
96.58825090569674 17.045497426773288
96.30739669648665 17.045830020603255
96.5942697618101 17.045706638029966
96.30330365688339 17.046071416886644
96.30393129099674 17.046151879453426
96.1653094098101 17.046302087116608
96.16589413490325 17.046318179629964
96.16654859204657 17.04633963414007
96.34003391344007 17.04632891014657
96.3076488212267 17.046377185626714
96.16736398084657 17.046532757346576
96.30876461882997 17.04640400865668
96.16880163524007 17.046581032826715
96.15943539284007 17.046613219913358
96.59388352844331 17.046205525513358
96.15706969381336 17.046688324946572
96.16148995735342 17.046699051
96.16849586444008 17.04670978151661
96.16341041324006 17.046763421053427
96.18550101175342 17.046752695000002
96.15763295787329 17.046827797629966
96.15666199941336 17.046838528146573
96.15964997055667 17.046859982656677
96.15700532375993 17.046897536203254
96.33565656715993 17.046725874029967
96.31018081871335 17.04679024854657
96.16778239924007 17.04697263677329
96.30779366037004 17.046886803626712
96.18603209078664 17.047010188259932
96.18485192312997 17.047037011289895
96.18404726484657 17.047069196316606
96.15662445238989 17.0471067454
96.15592707970325 17.047117475916608
96.16350697484332 17.04711210739675
96.59356702712671 17.046747333003253
96.16704211101009 17.04721403099675
96.16159724947329 17.047246222546573
96.30408149865993 17.047262315059932
96.18613937638338 17.047455429683396
96.1617313581 17.047653916946572
96.16394685427004 17.047809480083394
96.15728963352672 17.047830941116608
96.15504731432671 17.047857764146574
96.15668882244333 17.04798114225668
96.30789558397004 17.047847032874657
96.59465600169999 17.04763245591336
96.59357239564656 17.047739741510107
96.59562159400899 17.047750472026713
96.30808333865667 17.048394198653426
96.15809965943733 17.048560498829964
96.58760717907003 17.048168896943324
96.16385566118663 17.048619506886645
96.5944843395267 17.048206450489893
96.5879719579267 17.04831373608664
96.59534264387003 17.048388836656677
96.59555722069399 17.048431752200003
96.5883474673 17.048485398259928
96.16222488358665 17.04893063968339
96.59382452038665 17.048501490773287
96.58864250758339 17.04859268385668
96.59492958747327 17.048651691913356
96.16229462215992 17.049214955973287
96.1655722715899 17.049327610089897
96.58759644855343 17.048914547170035
96.16248237684657 17.049472442710105
95.55790702841335 17.050218097503
96.58763936409673 17.049198863459928
96.18661681072996 17.04960655785993
96.18442813758989 17.049633380889894
96.18637004661335 17.049649473403253
96.30831400888664 17.049531452483393
96.16025078164006 17.049697750943324
96.18571022884657 17.049697750943324
96.30743961202995 17.04973529968339
96.17506725646567 17.049976700429966
96.16432772564006 17.050003521091014
96.58963492055342 17.04964410488339
96.59195771055992 17.049660197396747
96.30849639505342 17.05000888545668
95.55794994532997 17.050786720710107
96.17515844889675 17.05022346317329
96.30749862008665 17.050169817113357
96.30879144185992 17.050309292217168
96.17552859627328 17.05045413340325
96.30868951825992 17.05046485739675
96.16303491038988 17.0506633426
95.54505392738665 17.051301707229968
95.55800359138989 17.051301707229968
96.17527646501011 17.050749173686643
96.3076273667166 17.05062042705668
96.16037952827003 17.05101739094007
96.30881289637003 17.050990567910105
96.17531938055342 17.051156868086643
96.1596928861 17.051312437746574
96.30901138157327 17.051419723343322
96.17539448764657 17.05184351025668
96.58699563747004 17.05163966305668
96.17530865655993 17.052090273
95.57573314280324 17.052739368146575
96.17521745695342 17.05234776625993
96.1586843806166 17.052412136313357
95.57518597125667 17.053071955453426
96.58690444438665 17.052074180486645
96.1606316530101 17.052626714029966
96.15264406477465 17.05291102379675
96.58683470581335 17.052492605403252
95.55030567704657 17.053554756946575
96.1752550105 17.05297540037329
96.16041171329674 17.053039770426714
95.55062217355668 17.05372641259675
96.15334143615667 17.053265078659933
96.17513699438663 17.053259710140072
96.5867274202166 17.053034408429966
95.55947879932997 17.054080467459933
95.55943052178989 17.054300407173287
96.58427052158339 17.053356271743322
96.58522538752996 17.053458195343325
95.55829326315342 17.05478856414007
95.56125977807002 17.05500850385343
95.55256408395343 17.0550353286
96.15516533044007 17.054439877796753
96.58468358450324 17.05419311505343
96.5869527219267 17.05425749162997
96.15527262255992 17.05470273305343
95.56111493892672 17.055351828200003
96.58743551689673 17.054359415229968
96.58180290067328 17.05438623825993
95.55214566555993 17.055443023000002
95.55011792235993 17.05545375351661
95.5446623255 17.05549666905993
96.58408813541661 17.054461338829967
95.55272501561011 17.055512761573286
95.55319708658664 17.05558786214332
96.5865342970101 17.054633001003253
96.15480592010324 17.055115797689893
95.54643794224333 17.055775616829965
95.55209201950001 17.055877540429968
96.58325128558339 17.054954859510104
95.5515019324101 17.056017011053427
95.55294496184658 17.056076019110108
96.57831604204657 17.05514798271661
95.55056852749675 17.056177942710107
96.57887929958338 17.055164075229968
95.55187744178339 17.056210134259928
96.58634654884656 17.05548593854332
95.55075628218339 17.05657491311661
96.58399157381335 17.0555449466
95.54665788195668 17.05659100562997
96.5787076374101 17.055566401110106
95.544506757797 17.056644651689894
96.15135124650325 17.056290596826713
96.5785628047899 17.055936548486642
96.58812752758664 17.05603847208664
96.58619634118338 17.056140395686644
96.15105619969674 17.056644651689894
96.1522631903834 17.05688068391661
96.5879290423834 17.056607098143324
96.15059486575993 17.057159631686645
96.1520593431834 17.057218639743326
96.58604077804657 17.056810945343322
96.15719307844657 17.057261555286644
96.58853522198663 17.057036247053425
96.15026763392672 17.057524410543323
96.15702677827004 17.05753514105993
96.58780566427328 17.057154269689896
95.75304328678989 17.058039390540074
96.15178039541335 17.057669249686644
96.15694094718339 17.057840911859934
96.58935597278338 17.057513680026716
96.15151754015668 17.058028666546576
96.58880343924007 17.057873096886645
96.15126541541662 17.0583988074
96.5881436201 17.058141314140073
96.15279963141336 17.05875285574007
96.58554188404005 17.058731401229966
96.58555797655342 17.05899961848339
95.55217785058665 17.060045677513358
96.58649674998664 17.059026441513357
96.58543459844331 17.059337574310106
96.58644847244656 17.059396588889896
95.58303945217003 17.060431912596748
96.15615238141335 17.05997057694332
95.55268746858664 17.060748414805992
96.1560558198101 17.060378273059932
96.58537559038663 17.059954484429966
96.58592812392996 17.060056408029965
96.58385746518664 17.060169062146574
96.15605045781335 17.06067867534007
96.58700636798665 17.060292440256678
95.58201485417328 17.061386778543323
96.5876661871267 17.060496289173287
96.15197351209675 17.0609468974
95.57874256674006 17.06166036431661
95.58180027645668 17.061692549343324
95.58002465971336 17.061773011910105
95.57917172062832 17.06180520345993
96.58385210318988 17.06082351602834
96.15250995312671 17.061268762429965
96.15591634918664 17.061338501003252
95.58165543731334 17.06211097425993
95.58925679348664 17.062127066773286
96.15229537541009 17.061633541286643
95.58015340634331 17.06220752934007
95.58079177097329 17.062336275970033
96.58526293627003 17.061429694086645
96.1519896046101 17.061987589626717
96.15497221375668 17.062105605740072
96.15549256227328 17.062153889803252
95.57792717794007 17.06276006288339
95.58698765125666 17.062786885913354
96.58598713198663 17.061842750483393
96.58697418295992 17.061998320143324
95.5787962128 17.063071202203254
96.58784857981661 17.062100243743323
95.58982005754656 17.06313557225668
96.58845475289674 17.06217534431336
95.56116322161661 17.063291141916608
95.58924070097328 17.063382335
95.58224552440325 17.06344134305668
95.58714858291336 17.063468166086643
95.57981008199674 17.063494989116606
95.5612758692101 17.06369346779675
96.58926477969999 17.06267423179675
95.58389775651335 17.063720290826716
96.58994605987328 17.06276543140325
96.15182331095667 17.063242857853428
95.5904262306267 17.063854399453426
95.58064156331011 17.063972422089897
95.58730951457002 17.064117254710105
96.15068069684656 17.063602274713357
96.15031054947003 17.06383294494332
96.15685511609675 17.063843675459932
96.15698923124657 17.064213816313355
95.58916560040325 17.064911189
95.56321262908338 17.064948742546576
96.15113130678989 17.06441766351336
95.56290149563432 17.065045297626714
95.58820000394006 17.065179406253428
96.58543996044006 17.064224546829966
95.58456830617003 17.065243782829967
95.57667727171011 17.065935788713357
95.59840845988663 17.066037712313356
95.59330154765343 17.0668370086
96.5855955301 17.066000165289893
95.59801149600324 17.067373449629965
96.58590666289675 17.06672972300325
95.59723902274658 17.067748959003254
95.59395600479675 17.06791525265668
95.60070442514657 17.067925983173286
95.59521664154332 17.068489240710107
95.59559751332534 17.068532156253426
95.58221870137328 17.06903641225668
95.59926676422995 17.069213436426715
95.60003387548988 17.069272444483392
95.56290149563432 17.069578215283393
95.58129602045342 17.069867893570034
96.57991462809673 17.069047142773286
96.57988781158988 17.069540668259933
96.57913679284331 17.069873262089896
96.58102505889674 17.06990007859675
96.57983416552996 17.070034193746572
96.2835948547166 17.0704043346
96.58194237129675 17.070114656313358
96.28363240174006 17.070688650889895
96.58223204958338 17.070635004829967
96.28366459328988 17.070978322653428
96.2836967783166 17.07127336945993
96.28373969385993 17.071863451331335
96.58415787398988 17.071627417800002
96.58527902878339 17.07168642585668
96.28376114837002 17.072190679903
96.28272045785992 17.07227651020687
96.28377724088338 17.072448170313358
96.28276337340324 17.072657379510105
96.28382015642671 17.072743210596748
95.55547159122534 17.07432571065668
95.55524092229999 17.074701220029965
96.16982623975993 17.07529666911661
96.16752491250325 17.076074504370034
96.1663393763267 17.07621398151661
96.16497145398338 17.076487567289895
96.1675302745 17.07650365980325
96.16812572358664 17.0765090218
96.17508334963134 17.076895256883393
96.17240651650326 17.076975725973288
96.16932734877466 17.077083011570036
96.17512090187327 17.077201027683394
96.17235287044332 17.07727612825343
96.16411851644332 17.07731904599401
96.57940501009674 17.07714738814657
96.17235823244008 17.077716014203254
96.17524427998339 17.07773746871336
96.16351233684006 17.07807542454007
96.57928163198663 17.077823299800002
96.17232604741335 17.07829000225668
96.16405950838664 17.07845093391336
96.16402732335993 17.079336061286643
96.57905632375342 17.079277053229966
96.16338895872997 17.07985104128339
96.16869971164007 17.079942240889892
96.16713867261336 17.079990518429966
96.16399513181011 17.08001734145993
96.1657171042101 17.080248011689896
96.57897586118665 17.079834948770035
96.16907522142535 17.080248011689896
96.16946682265967 17.080264104203252
96.16645739244007 17.080382120316607
96.16787896084332 17.08048404391661
95.46237758414333 17.0813906258
96.17037876849675 17.080972200883394
96.57885784507329 17.080575237
96.03886472108665 17.081229694143325
96.16638766038989 17.081428179346574
96.57879346849674 17.08102584694332
96.1670313870166 17.081454995853427
96.17026075238338 17.08148718740325
96.0384623886834 17.081648119059928
96.30839447145343 17.081685666083395
96.30949417654332 17.081792958203252
96.30860368717327 17.08209336048339
96.30953709208664 17.08209872900325
96.16322265855342 17.082409861800002
96.30982677037328 17.082377676773284
96.3086466027166 17.08246350785993
96.03763090737004 17.082753183537328
96.30877534934658 17.08281219159401
95.54368600332671 17.08364381551661
96.30974630128338 17.08295703073733
95.95129067824007 17.083407783289893
95.60672864325667 17.0838369322
95.54392740407329 17.083976409346572
96.16374837274032 17.083445330313356
96.57852525124332 17.083128691605992
95.95092589938338 17.08394421779675
96.58041351729673 17.083407783289893
95.60681983634007 17.08448602734657
96.58027940867004 17.083804747173286
95.95212215955343 17.084727421570037
95.60680911234657 17.085119023456677
96.58019894610325 17.08422853408664
95.95290000132997 17.084872260713357
95.95239038332996 17.085081469910108
96.58662012809674 17.08563400345343
96.58510200289675 17.085730567116606
96.58826163621336 17.085773480599997
95.50228356824657 17.087184318486642
96.57820338792996 17.086186539056676
96.5882562742166 17.086293829116606
96.58530585009674 17.086411847289895
96.58813288958339 17.086857086653428
96.57441612049999 17.08717895202671
96.58519320250325 17.087195044540067
96.58788076484332 17.08725405705993
96.5763419401 17.08753836888664
95.58904758428989 17.088729264999998
96.58608905558663 17.08790314568339
96.58526830307328 17.087924602253427
95.58971813394658 17.088954566710104
96.58771983318664 17.087988976770035
95.58894029217004 17.089131597403252
96.57401378809675 17.088235741573286
95.59758770908988 17.089372992931338
95.59714782314006 17.08960902646267
95.97435223521336 17.089244247056676
96.58518783398338 17.08872389854007
96.58744624741334 17.0891369594
95.9750174228733 17.08980214259675
96.57258149569999 17.08922815454332
95.6089012256 17.090215205516607
95.97469555955992 17.089871881170033
95.60939475108664 17.09037076865343
96.58612124061335 17.089657305959676
96.57252784964007 17.089914796713355
95.60825749897329 17.09097158625993
96.58501080981335 17.090027450829965
95.58654777182996 17.091749423229963
95.58575920605992 17.09259163505993
95.5861454394267 17.092677466146572
96.59252096809675 17.091867438931335
96.59340609547002 17.091969362531337
95.58435909697329 17.093229999689896
96.59475256330325 17.09277938974657
95.60133205706266 17.093884450310107
96.59266580724007 17.092940321403248
96.59367431924656 17.09309052254332
95.58837166611335 17.09410439654657
95.60062931805342 17.094125851056678
96.59371186627004 17.093487486426714
95.58881691405992 17.094597915510107
96.59320224827002 17.09376643419675
95.58811954137329 17.094892962316607
95.5850028236 17.09514508705668
96.59248878307002 17.09421168214332
95.58901003074331 17.095354296253426
95.61252219546266 17.095520596429964
95.58747044622672 17.095558143453424
95.58853259777003 17.09559033500325
95.58045381514657 17.095976568370034
95.58273904988988 17.096180415570036
95.58800152525993 17.096191146086642
95.58210604725667 17.09629843168339
95.61383647565992 17.096330616710105
95.61289234022996 17.096427178313355
95.58500818559675 17.096690033570034
96.60641476615668 17.096105315
95.58628491657328 17.09730694042834
96.15812648116267 17.096899246028336
95.58806053331661 17.097473237017166
96.15843225196267 17.09698507646267
96.58934524878988 17.09659884220325
96.15880239672995 17.09706554229101
95.58625809354331 17.097687810253426
96.5870331910166 17.096770497853427
95.58513156933732 17.097950665510105
96.58769837215343 17.097199653286644
95.58680526508988 17.098299351853427
96.58639482638664 17.0973176694
96.59010699152995 17.097419592999998
96.5834873178101 17.0981330582
95.5930333304 17.099281040829965
95.58460585817164 17.09936150339675
95.60370848880325 17.099420511453424
95.592625636 17.099484888029963
95.51340933007003 17.09959217362671
95.59260954348665 17.099806751343323
95.6043146618834 17.09991403694007
95.582862428 17.10043438545668
95.58503500969101 17.100445115973287
96.5852092902101 17.099672642716605
96.58545069095666 17.09970482774332
95.58309846022671 17.100911818429964
95.58587722217328 17.101013742029963
95.58250301114006 17.10115321265343
96.1333483177 17.101008373510105
95.60596690051659 17.101711114716608
96.58890000084332 17.100879633403252
96.58902874747328 17.101416067910108
95.60601517805668 17.102478222062672
96.163603533597 17.102102711796746
96.16322802707327 17.102370935573287
95.5967240362267 17.10322387139675
95.6001572536 17.103411626083393
95.59936868782995 17.103454541626714
95.59860157657003 17.103540372713354
95.60612783217329 17.10378177345993
95.47350871448664 17.10414118379675
95.47394859391335 17.10429139145993
95.5979471194267 17.10416800682671
95.606755465394 17.104446954596746
95.60620293274332 17.104479146146573
96.59980582295341 17.103502825689894
95.6001894386267 17.10458643174332
96.59900653318988 17.103706672889892
95.60745284068989 17.105417913056677
95.60827359148664 17.105482283110106
96.1638610249 17.105294534946573
96.16600678249674 17.10549838214657
96.16410242303732 17.105771961396748
96.16599068998339 17.105852430486642
96.1648588063899 17.10606700820325
96.16492317644332 17.107172075289895
95.6012891437166 17.108110843916606
96.16514847815343 17.107955274497
95.60134278325341 17.109285643053425
96.1577456119899 17.111463592199996
96.15694094718339 17.111753270486645
96.59083655095992 17.111485046710108
96.15774024347003 17.112144872373285
96.59075071987328 17.11186592460325
96.59153392364657 17.111887379113355
96.15732718707329 17.11278323700325
96.15699995524007 17.113260663453428
96.59064342775342 17.113308947516607
96.59095456707328 17.113437691537328
96.12562358145968 17.116162803510107
95.73722882147004 17.116591958943324
96.1248294391267 17.11635055819675
96.1251032349 17.11635055819675
95.73811395055992 17.117251778083393
96.53105546461336 17.11689772974332
96.14811114581335 17.117380524713354
96.14845447015992 17.117471717796747
96.53047074604333 17.117123031453424
96.1492054823834 17.11755754888339
96.53084088689675 17.117321516656677
96.59849154667003 17.117541456370034
96.15162482575343 17.11802961985993
96.1484330091267 17.118115450946572
96.56959352627328 17.118710893510105
96.14820233889674 17.11938144642834
96.28638434065667 17.11964966865993
96.59558940661336 17.119767684773286
96.28635215562997 17.120486511970036
96.28499496380324 17.120915667403253
96.28523635802671 17.121452101910105
96.61467058118988 17.12151647848664
96.6153250318101 17.121720325686642
96.61338848341009 17.122052919516605
96.61235852145967 17.1233671958
96.28557968237328 17.124327423743324
96.28671157248989 17.124665380874657
96.28473747054332 17.124686837994005
96.28545093574331 17.124708295765668
96.28543484322996 17.124890685194007
96.61459011209999 17.125432630929964
96.61357623809675 17.12545945395993
96.61411267912672 17.125588200589895
96.61376399278339 17.126312389783394
96.6147027662166 17.126559152526713
96.2841151984267 17.1272779835
96.60746082690325 17.12895703864007
96.1436318742166 17.129455928870037
96.49007660668988 17.129139431329964
96.14268773878663 17.129498844413355
96.60686537585967 17.129096515786642
96.6077826902166 17.12918771161661
96.49155717662671 17.12936473304007
96.1460673101 17.129713422129967
96.49221163377004 17.129606133786645
96.14221030409675 17.130265952926713
96.14600830204331 17.130416156813354
96.14206010295666 17.130668285329964
96.14589028592997 17.13075411264007
96.14580445484332 17.131145715831337
96.14574008478989 17.13170361384332
96.14325100284657 17.132969612586642
96.60430119358664 17.132535095156676
96.14129299169674 17.133157365968664
96.1423068657 17.13320564546567
96.14323490381011 17.133302204459675
96.6039310462101 17.13284622795343
96.30239171300325 17.133506048810105
96.30045516460325 17.13352750984332
96.30135638448989 17.13353287184007
96.30024594888339 17.133811819610106
96.30224150534008 17.1341980595
96.29988117133132 17.13420342149675
96.30057318071661 17.134444822243324
96.29977388312534 17.134487737786642
96.30184454145667 17.134782778070036
96.61920349884656 17.135024178816607
96.3011847223166 17.135394319670034
96.1163483210101 17.135678635959927
96.62165502724332 17.135399688189896
96.29868490814006 17.13578055955993
96.11633222849674 17.136048776813357
96.6233769979267 17.135646444410106
96.11755531169675 17.136172161446574
96.29963440924033 17.13628480904007
96.11736219501336 17.13649938675668
96.2988619323101 17.13633309310325
96.1163268665 17.136574487326712
96.30014402528339 17.136654956416606
96.11634295901335 17.137137751386646
96.2997470614 17.137089473846572
96.30231124391335 17.137566900296747
96.30284232294656 17.137577630813357
96.29814310511335 17.13764736938664
96.1173461025 17.13790486264657
96.29768176465342 17.138033602753428
96.11724954089675 17.13822672595993
96.11731927947002 17.13848958121661
96.19452414780326 17.13896701092834
96.6051541294101 17.139921875329964
96.60523996049673 17.140136453046573
96.11041529598339 17.141327344696748
96.11045821152672 17.141558014926712
96.1910962907101 17.141659938526715
96.11044748101011 17.14177259264332
96.11044748101011 17.14197107784657
96.61058826695341 17.141525829899997
96.1909621820834 17.14197643984332
96.19155763117004 17.142142733496748
96.19374094231335 17.14253970390325
96.19235156545994 17.142625534989897
96.60620555695992 17.1428508367
96.6069780302166 17.142856198696748
96.6076807666166 17.142936667786643
96.60915597455667 17.142984945326717
96.60841032432995 17.142990313846575
96.19371411928338 17.143424824753424
96.60991771729675 17.143092237446574
95.58972885794006 17.14413292860899
96.6105453514101 17.143135152989892
96.60615727289674 17.143344362186646
95.94374296812671 17.144041736589894
96.60610363335992 17.143907626246573
95.94396827635993 17.144647909670034
95.94411311550324 17.144964410986645
96.60610899535666 17.144578173294008
96.28355730117002 17.144937587956676
96.61182744918989 17.144610362646574
96.28276337340324 17.145130704640067
96.60602316427003 17.1452862743
96.61189181924331 17.145318459326713
96.28275264288663 17.14574761475993
96.18447105175993 17.145913908413355
96.18363420192671 17.14632160281336
96.28224302488664 17.146246502243322
96.60761102804331 17.14594073144332
96.1846105223834 17.146380610870033
96.60915597455667 17.14595682395668
96.61038978827328 17.14595682395668
96.60655960505966 17.145983646986643
96.61181135015343 17.146010470016606
96.63021145259675 17.146123117610106
96.62963210254657 17.14616067115668
96.18362883992995 17.14664346612671
96.63017926757004 17.146552273043323
96.18436375964006 17.147255007726713
96.61781411375341 17.147201368189897
95.60070978714332 17.14855319149675
96.61742251838989 17.147544686013354
96.27821435842671 17.150538019153426
96.277769114394 17.150811604926716
96.14808432278339 17.151036913159928
96.27824654345342 17.150908166529966
96.27766182684033 17.151112013729964
96.2781929039166 17.151165659789896
96.2787132459101 17.151246122356678
96.27868106088339 17.151514339610106
96.40265276662834 17.15239946698339
96.40485753554331 17.152592590189894
96.40446593365667 17.152742791329963
96.4040206857101 17.15322022430325
96.20430344660001 17.153520626583393
96.40389730759999 17.153542087616607
96.36687200732672 17.153638642696748
96.2042819920899 17.15399269755993
96.40344669765668 17.153804942873286
96.20199138882671 17.154255552816608
96.40231481234656 17.1541428987
96.20435709265993 17.154459400016606
96.19864936910301 17.154523770070035
96.34572554400299 17.154378930926715
96.19779106500002 17.154550593099998
96.19693812265342 17.154577416129964
96.20222205905668 17.154582778126716
96.34500671704657 17.154454031496748
96.40097907502997 17.154588146646574
96.19956668345993 17.154829540870036
96.20034451871337 17.154834909389894
96.34529102681336 17.15470079595668
96.40243819045668 17.15479198904007
96.40200367302671 17.15495828921661
96.40164426268989 17.155076305329963
96.40090933645666 17.155135313386644
95.44476625722672 17.156133088353428
96.20267803099676 17.155392803625343
96.19775887997329 17.155419623153428
96.19867619082834 17.15543035456267
95.44382749031661 17.15627792749675
96.18332306912995 17.155580554810108
96.34437371441336 17.155430354562668
96.34481359384009 17.155462540894007
96.18400434930325 17.155655661903253
96.34480286984657 17.15569857744657
96.18478218455667 17.15591851715993
96.39949849857003 17.155784402010106
96.40093079748989 17.155784402010106
96.34459902264658 17.155907786643322
96.3771664993101 17.155880963613356
96.19622465745343 17.156100903326713
96.16430090261011 17.156133088353428
96.34750116270325 17.155956064183393
96.16488026089999 17.156202826926712
96.18849456117329 17.156202826926716
96.20250637534659 17.156336935553426
96.16618381318989 17.156428135159928
96.40050700405342 17.15621891944007
96.3995253216 17.15626183498339
96.37719869085993 17.15641740464332
96.34610105207166 17.156476412700002
96.19378385785669 17.15667489790325
96.34664822035668 17.15672853744007
96.37784777948339 17.156701714410104
96.19222281882998 17.156900199613357
96.39961115268665 17.1567821835
96.34626734898666 17.156921660646574
96.37515485229699 17.156900199613354
96.1938053188899 17.15708259230325
96.59019818461334 17.156707082929962
96.16611943661334 17.157146962356677
96.1931025794 17.157141600359928
96.34709883030001 17.157045038756678
96.3994341285166 17.157018215726715
96.19247494357003 17.157264978470035
96.18988393802672 17.157409817613356
96.39955214462995 17.1572918015
96.36271459904333 17.15732935504657
96.39949849857004 17.157468825670037
96.59980582295341 17.15733471704332
96.1925017666 17.157779964989892
96.60118984083132 17.157479556186644
96.36559528458989 17.15775850395668
96.60284207815992 17.15756001875343
96.33394531875342 17.157833604526715
96.34591329803735 17.157865789553426
96.36273069327329 17.157865789553426
96.187861560497 17.158134013329963
96.60365746695993 17.157720950410106
96.34638000138665 17.158032089729964
96.6002618014166 17.157790688983393
96.3464658341899 17.158171560353427
96.60436020164332 17.157940896646572
96.3331674835 17.15827348395343
96.31901619870325 17.158316399496748
96.36344952047004 17.158294944986643
96.36552017749676 17.15837540755343
96.17824834844657 17.158702639386647
96.33299045932998 17.1586168083
96.60508975935667 17.158429053613357
96.18628421552671 17.158960132646573
96.60611435735342 17.158654361846573
96.31934878601011 17.15898158715668
96.31813106961337 17.159045957210104
96.3624571075 17.159003048189895
96.31988522704007 17.15908351075668
96.3329529057834 17.15907814875993
96.34473849327003 17.159244442413357
96.60131858680899 17.158997679670037
96.34565044212835 17.15938391955993
96.31847975595669 17.159469750646572
96.31958482475994 17.159512666189894
96.34524811127004 17.15957167424657
96.33276515109675 17.159609221270035
96.6062538345 17.159485843159928
96.18282418164657 17.160590905440067
96.18351082381662 17.160590905440067
96.18417064295667 17.16070892155343
96.60223053655992 17.16045679509675
96.60607681032997 17.160639187134333
96.31056169008339 17.161052246140322
96.31905911424658 17.16121317755668
96.31869433538989 17.16136337869675
96.31051877454007 17.161476032813358
96.60605534929674 17.16141702475668
96.31059924362995 17.161819357159928
96.31242849991011 17.161851542186643
96.18255595787004 17.1620714819
96.18475536152671 17.16212512795993
96.31240168340324 17.162291421613357
96.33661679510325 17.16236116018664
96.60391495369674 17.162109035446573
96.60598024872671 17.162109035446573
96.33637539435668 17.16264010795668
96.1797503794166 17.162908325210104
96.18060331524006 17.162924424246572
96.60463378741659 17.162607922929965
96.15848053145967 17.163251649556678
96.33392386424333 17.163530597326712
96.31165602665342 17.16369689750325
96.31227293677328 17.16381491361661
96.33542589521336 17.163831006129968
96.3109103764267 17.163949022243322
96.15936029227004 17.16410459190325
96.16093742381011 17.16415286944332
96.15841616164656 17.16416896195668
96.31002524905342 17.164034853329966
96.15933883775992 17.164431817213355
96.33520595550002 17.164292346589896
96.18293146724332 17.1645176483
96.3098375008899 17.164480094753426
96.181182672294 17.164812688583392
96.3353990721834 17.164662487443323
96.18076961541661 17.16482878109675
96.30821208528664 17.164909250186643
96.3080243306 17.165343767616605
96.30748252619999 17.165381314640072
96.16007375747003 17.16568708544007
96.16114127101011 17.165724638986642
96.30705874065993 17.165767554529964
96.30778829837328 17.165767554529964
96.1601220350101 17.166196705397006
96.16115200152672 17.166228891728338
96.30680660939674 17.166143061294008
96.306538391491 17.16651320540899
96.30621652745667 17.16680302304332
96.30083603597328 17.166942500189894
96.3003907880267 17.167124886356678
96.29959685830299 17.167146347389895
96.29796071894657 17.16731800304007
96.3009594140834 17.167323371559927
95.57527716434006 17.168229953443323
96.299650502406 17.16757013430325
96.29801972700324 17.16767205790325
96.35144935852834 17.170568834246573
96.3523559436733 17.1706332043
96.35136889270001 17.17109454475993
96.35112213060899 17.171432500586643
96.34243180401661 17.173460244129963
95.47099817631661 17.174474113326713
96.34252835909675 17.173910854073284
96.34266247424658 17.174270264410104
96.34381045035343 17.174586765726712
96.3428073133899 17.174763792505992
96.34376217281336 17.174989096825342
96.34223331881336 17.175182215465668
96.34297360704332 17.175203673237327
96.34213675721011 17.175487987329962
96.34297896904008 17.17560064144657
96.34340812447329 17.176485762296746
96.34253372761661 17.176571593383393
96.34340275595343 17.177049026356677
96.34932505698664 17.177365527673285
96.34354759509677 17.177558644356676
96.34287168344332 17.177644475443323
96.63314578420326 17.179350353613355
96.73961860412996 17.18337365327003
96.59025719373432 17.18602903058339
96.59153928564331 17.18607731464657
96.20445901625993 17.187552522586643
96.59010699063731 17.187380860413356
96.20413715294657 17.188008494526713
96.20397085277004 17.188400096413353
96.35871811761011 17.1927559899
96.3577578961899 17.192831090470033
96.35712489355669 17.193163684299996
96.35810121401336 17.193388986010106
96.35753794995344 17.19380741092671
96.35858937750325 17.19386641898339
96.35677620786566 17.193887880016604
96.5786647283899 17.19671491950325
96.5793191790101 17.197406923670034
96.57857889730325 17.197449839213355
96.59179677890324 17.198790938526713
96.5922312898101 17.198871407616608
96.59254242912996 17.198946508186644
96.59120669181334 17.198978693213355
96.6276472700834 17.200802587496746
96.62744879140325 17.201414129096747
96.62675678071335 17.203613534470033
95.70850246324657 17.2095520664
96.62138680484006 17.208919070289895
96.62134388929675 17.209273118629962
96.62111322558988 17.209766644116606
96.62465909055666 17.21430492466267
96.6243157662101 17.214803813972534
96.61969165581336 17.21515786645993
96.61658030655992 17.215474361253428
96.617680006191 17.215506552803248
96.61721330267002 17.215731854513358
95.46315005739999 17.216976396006864
96.617631726694 17.215935701713356
96.61695580941009 17.21655260857166
96.15284254736866 17.217341172796747
96.6179750454101 17.217308987770032
96.61884408198664 17.217705951653425
96.15353992135994 17.218183384626712
96.15420510249675 17.218666179596745
96.15511169090325 17.218848572286642
96.61760490455667 17.221391300289895
96.61649983747003 17.221841903710107
96.61069019055341 17.2235424216
96.74191456938988 17.224320256853424
96.6129807890101 17.225596986113356
96.74198966995992 17.22588130240325
96.7399190064101 17.22592957994332
96.7409489729267 17.22594031045993
96.60019206284332 17.228284548453427
96.5979175586166 17.22871370388664
96.59697342318663 17.22953445468339
96.5982447839267 17.229566639710107
96.6035233518101 17.229909964056677
96.59431267735343 17.22994751760325
96.60175846558339 17.230290835426715
96.59731137901335 17.230854099486642
96.60178528861334 17.23102576165993
96.60113083277466 17.231449548573288
96.60191403524331 17.231583657199998
96.6113607402101 17.2326028932
96.60661325135993 17.233235891026712
96.6313379759101 17.233241259546574
96.60251484632671 17.233418282
96.60496638124656 17.23354703034657
96.60007404672996 17.23370259348339
96.59838962307003 17.234244396510107
96.60359309038338 17.234244396510107
96.6026060394101 17.234550167310104
96.60503611329675 17.23511343137003
96.60114156133432 17.23539774765993
96.60689219912996 17.236889048113355
96.47475587651334 17.237103625829963
96.60665079838338 17.23715727188989
96.61054535141011 17.237210911426715
96.47463249840325 17.2375864208
96.47558199582997 17.23784391405993
96.47604869828663 17.23828379520325
96.6154269554101 17.238219416910106
96.60864635655668 17.238256972173286
95.40329387220001 17.23946396285993
96.4742516205101 17.238460819373287
96.47489535365992 17.23854665045993
96.60933836724656 17.23853055794657
96.47592531365342 17.238734405146573
96.61632281329999 17.238691487234334
96.60908087398664 17.238702213596746
96.47660659382672 17.239088453486644
96.60879655769673 17.239185015089895
96.61812525307329 17.239415678796746
95.40247312140326 17.240788969659928
96.61879580190597 17.23959270948989
95.40302028642671 17.240874800746575
95.40250530642996 17.241110832973284
96.61276085410324 17.23995211982671
96.61197765032995 17.24007550445993
95.40292373134656 17.241539981883392
96.61281986215992 17.24044028331661
96.60908087398664 17.240526114403252
96.61211712095343 17.2406334
96.60394177672671 17.240644130516607
95.40289153979674 17.24204959988339
96.61284668518988 17.24086943222671
96.60396859975668 17.2409606253101
96.60395250724332 17.241196664059927
96.60348044278989 17.241657997996747
96.6006802198101 17.242092515426712
96.60126494490325 17.242537763373285
96.60865708707328 17.24256458640325
95.40174892568663 17.24378766960325
95.40292909334332 17.244082709234334
96.59330417187002 17.24433483634332
96.59827160695667 17.244930285429966
96.59726846347002 17.245273603253427
96.59466136369674 17.245370164856677
96.59989702255993 17.245402349883392
96.59870076238988 17.245734943713355
96.59517098169674 17.24592806039675
96.5992318349 17.246207014689894
96.59562696015992 17.24626602274657
96.59487057941661 17.24631966228339
96.59538555941336 17.246593248056676
96.24911764282672 17.24941492252534
96.60401687729674 17.249463202674654
96.60379693758338 17.250133891026714
96.60246120678988 17.251206773086643
96.60449431027003 17.251308696686642
96.60427437055668 17.25158764445668
96.60218225249673 17.251721753083395
96.60446212524332 17.25190414577329
96.60175310187003 17.25242985354007
96.60349116678339 17.252799997140073
96.60911305901335 17.253062856173287
95.58528713988989 17.254098180910105
96.6032175810101 17.253293522626716
96.60384522164657 17.2533632612
96.59745621815668 17.253534920626713
96.60315857295342 17.253588562910107
96.60336242015342 17.25394261777329
96.60058902672671 17.254302031886645
96.60446748724006 17.254334216913357
96.5974186646101 17.25474727331011
96.59623849695342 17.254800919370037
96.60017597032996 17.254956489029965
96.5978156350166 17.255321267886643
96.59856664724006 17.25539636845668
96.6000686782101 17.255771877829964
96.59734893255992 17.256131294689894
96.60352335181011 17.256179571062674
96.60856589398989 17.256201026740072
96.60297618678663 17.256415604594007
96.5978049045 17.256538989089897
96.60110937524331 17.2565604436
96.60035835649674 17.256576536113357
96.60174773987328 17.256576536113357
96.59932302798339 17.256785745310104
96.59585762754031 17.25681793685993
96.59767079587328 17.256994961029967
96.60005258569674 17.256994961029967
96.60319076450324 17.257166623203254
96.59888314855667 17.25722026274007
96.60841032432995 17.257263178283395
96.59730064849674 17.257370470403252
96.59987019952996 17.257660148689897
96.59574497472832 17.257724518743323
96.60372719901011 17.257799621029967
96.60312102592997 17.257853267089896
96.5951656197 17.258121483931337
96.60392568421335 17.258239500456682
96.60223053655992 17.258368247086644
96.59482766387328 17.258378975234333
96.59249951358663 17.258491627394008
96.60154925467003 17.258539906891013
96.59648525969675 17.258609644159677
96.59515488918339 17.258625737325346
96.5941463837 17.25900124319675
96.59616876490324 17.259129989826715
96.6042958315899 17.25921045891661
96.5945433475834 17.259392845083394
96.60161362644007 17.260009755203253
96.59319151775343 17.260084855773286
96.59785855055992 17.26012777131661
96.59410883015342 17.260143863829967
96.59562695796266 17.260192141370037
96.59707534678662 17.260320888000003
96.59759569530324 17.26053009719675
96.59661400632672 17.260894876053428
96.59755814175668 17.260905606570034
96.59754741124007 17.261372309026715
96.59469355524656 17.261624440289893
96.59398545204331 17.262649038286646
96.59359385015668 17.263249851086645
96.59308959415341 17.263904308229968
96.59377087432671 17.26396331628664
96.59282673889675 17.264784067083394
96.59258534467327 17.265089837883394
96.5936474962166 17.265878403653428
96.58252172787003 17.275475318
96.58237152672996 17.27584545885343
96.57907778478663 17.276521377029965
96.58110552798664 17.27679496280325
96.57895976867329 17.276934433426714
96.58163660049675 17.277041725546574
96.58113771301335 17.277047087543323
96.57887929958338 17.277186564689895
96.5816634235267 17.277240204226715
96.58118062855667 17.277304580803253
96.57886320707003 17.277449419946574
96.58133082969674 17.277653267146576
96.57890612261335 17.277739091710107
96.57845551267002 17.27777128325993
96.58138983775342 17.277900029889896
96.58131473718339 17.278162885146575
96.58270948255668 17.278318448283393
96.57807464129999 17.27833454079675
96.57847697370325 17.278350633310108
96.5789114846101 17.278350633310104
96.58057444895343 17.27842574040325
96.58162050798339 17.278463287426714
96.58262365147002 17.27854911851336
96.57883638404006 17.27858667205993
96.58107870495667 17.278629587603252
96.58162587650324 17.278817342289898
96.58111625850324 17.27884415879675
96.58234470369999 17.27894608239675
96.58134156021335 17.279128475086644
96.58145957632671 17.27936986931011
96.60051392615668 17.28388669445343
96.59554649107002 17.285259980510105
96.59551966804005 17.28556038931336
96.59517098169674 17.285640858403255
95.83618096397004 17.29709935714657
96.57513494941335 17.304421761086644
96.55256670655342 17.305060125716608
96.57497937975342 17.30507621994657
96.57499011027002 17.305677031029965
96.57359536970324 17.306186649029964
95.9549009197834 17.31693153948339
95.95480972669999 17.317167571710108
95.95479899618338 17.31760208914007
95.95460051750325 17.31787031291661
95.95438057778989 17.318310192343322
95.54027424698664 17.32630315040325
95.54127739047328 17.326501629083392
95.5398933756166 17.32749404466267
95.54094479664332 17.329226744970036
95.86915593145667 17.354761427010104
95.8693329556267 17.35541588415343
95.86923640054658 17.355753846503255
95.86754661155967 17.35764211084007
95.86717110242671 17.357695758616607
95.86704235579674 17.35879009518664
95.86698334774007 17.359160236040072
96.21114305522673 17.35928362067329
95.86671513048664 17.359648399529966
96.21074609134334 17.35973423061661
96.21020428831662 17.359959532326712
95.86703163180326 17.360576442446572
96.21020428831662 17.360270671646575
95.86702626328338 17.36100559135668
95.83453409214007 17.36165468650325
95.86723547900326 17.3618638957
95.86755734077165 17.361906811243323
95.86511653791337 17.36266319198664
95.8345877382 17.362818761646572
95.73240622724333 17.36293140924007
95.86477858208664 17.363204996729966
95.86530965459674 17.363306920329965
95.8659855727733 17.36343566695993
95.86682778460325 17.363644876156677
95.86776655151336 17.363666337189898
95.86584609562671 17.363945284959932
95.86807232231335 17.36395064695668
95.86646836774332 17.364116940610106
95.86662929939999 17.36440661889675
95.86647372974006 17.365329299816608
95.8663932671733 17.365645794610106
95.68193237685668 17.372254737813357
95.92788559207003 17.3729521105
95.92794460012671 17.373182780729966
95.68082194777328 17.37439513406567
95.67846161074331 17.3776407361
95.86696725522671 17.37805379249675
96.01331945068989 17.378386388386645
96.01278837165668 17.378488311986644
95.86166186431335 17.378697525646572
95.862241219994 17.378928189353424
95.86285812448338 17.378944288389892
95.86311561945993 17.378976473416607
96.01358230594658 17.37885309084332
96.01290638777004 17.378938921929965
95.86381835414332 17.37909448952996
95.86358768391335 17.3794753609
95.86644154471335 17.379652385070035
95.68069319942671 17.379856232270036
95.86339456722996 17.37982940924007
95.86228413553732 17.382238024153427
95.86498242928664 17.382742281873284
95.862144661 17.382806651926714
95.8645210888267 17.3836917793
95.86422604854332 17.384587637189895
95.86402220134332 17.38496314004007
95.86379153111335 17.385499581070036
95.86358232191661 17.385858997929965
95.62376597559674 17.386513455073285
95.86270792505994 17.38668511724657
95.62792359525342 17.387087443126713
95.85878654900326 17.38763461467329
95.85820719242996 17.387725807756677
95.85940881459675 17.387725807756677
95.85757418979674 17.38783309335343
95.856758803606 17.387972570499997
95.85574493179999 17.388203240729965
95.85507974414006 17.388348079873285
95.8601973868899 17.388348081589893
95.8562652803166 17.388390995416607
95.85393713002996 17.38852510404332
95.85308955620326 17.38869140030599
95.85959120728664 17.388787961016607
95.86010618728338 17.388814784046573
95.85829302351661 17.38892206964332
95.8511905531101 17.3889810777
95.85878654900324 17.38902935524007
95.8492218196834 17.38934585655668
95.84852444699675 17.389496057696746
95.85934980654007 17.390568939756676
95.8599935396899 17.390724509416607
95.85864707185667 17.390788879470033
95.86100204517328 17.390831795013355
95.85791751414332 17.391062465243323
95.86103959219675 17.39113220381661
95.85897966568663 17.391298497470036
95.85823937745667 17.391454067129963
95.84589589312534 17.39212997878339
95.8600954632899 17.39219435535993
95.8551333902 17.3923445565
95.85456476414332 17.39240356455668
95.8560292480899 17.392457210616605
95.85415706974332 17.39273079638989
95.85884555705994 17.39274688890325
95.85836812408664 17.39290245204007
95.85929616700324 17.39294000558664
95.85476861134333 17.393004375640068
95.8576707514 17.393181399810103
95.85407660065343 17.39321359135993
95.8573971639101 17.393267230896747
95.8608196524834 17.393760756383394
95.85333631894656 17.393787581129963
95.8598218775166 17.39416308813433
95.8588938346 17.394538596202995
95.84862637059675 17.394624424440067
95.85393713002996 17.395193050496747
95.85184501025341 17.395364712670034
95.84972071368989 17.395815322613355
96.51988678724658 17.41498232655993
96.51707047477467 17.415840630903247
96.52052514535343 17.416409255002996
96.52006917341336 17.416505813997006
96.52017645901012 17.416774175916608
96.52070753804333 17.417541280653428
96.52077190809675 17.41782559694332
96.5209596627834 17.4180884522
96.52082019215993 17.418324484426712
96.52060025244657 17.418968211053425
96.52119033301337 17.42018593225668
96.52084164667005 17.420255670829967
96.51972048707005 17.42041124048989
96.51916259152998 17.420529256603253
96.51982241067005 17.421510939056677
96.52107767889675 17.421639685686642
95.81641315374657 17.422889587453426
96.52165703547004 17.422492621510102
95.81642924625993 17.423517228089892
96.52171068152998 17.42281985269101
96.5185134963834 17.422980785
95.82758183111335 17.423855183916608
95.81693886425992 17.424171678710106
95.81284582513733 17.424278970829963
95.82809144911334 17.424472089229965
95.82723314477003 17.424697390940068
96.52190916021011 17.424128769689894
95.82919115200599 17.425013892497002
96.5221130074101 17.42439698694332
95.82324203014008 17.425255293003254
95.8279948875101 17.425341124089893
96.52220420701661 17.42465447539675
95.82718486722996 17.425357216603253
95.82892829894658 17.425915112143322
96.51519829992998 17.42540013214657
96.52240805421661 17.42553424077329
96.5154557931899 17.425636164373287
95.8278500548899 17.42647300768339
95.82882637534657 17.42657493128339
96.51654476124008 17.4259741202
96.51604051175994 17.426049220770036
96.52247242427003 17.426097498310106
96.51867442804007 17.4261779674
96.51817017855993 17.426290621516607
96.52114741747005 17.426317444546573
96.51861005798665 17.426467645686643
95.8271687747166 17.42745469665993
95.82852596654332 17.427674636373286
95.82753355357329 17.428549033229963
95.82682008837328 17.428747511910103
95.831835801 17.431526273856676
95.83164804631335 17.4318749602
95.82367654757003 17.436472247910103
95.8239876868899 17.436568809513357
95.8243363667101 17.436767294716606
95.84065487185342 17.437276912716605
95.83892217065342 17.43774897717003
95.83459846717165 17.438194225116607
95.82172926865343 17.440162958543322
95.80554466718664 17.443129468653424
95.8114830573 17.458423514083393
95.81271707915968 17.458546898716605
95.81240036969999 17.45857372174657
95.81481456117328 17.4587614699101
95.80803374741336 17.45908870174332
95.81738947420325 17.45984508248664
95.8166921015166 17.45990409054332
95.81736265117328 17.460274231396745
95.81660627042996 17.4606765638
96.69674095287003 17.47245142454657
96.69624206538663 17.473111243686642
96.66463481185994 17.486978218716608
96.61136610872995 17.503919134359926
96.56885860484657 17.54234447087329
96.56850454998337 17.542762895789895
96.23876435288665 17.61076216641336
95.77884604564007 17.61792900515668
95.77872802952672 17.618642470356676
95.77960242638338 17.618706840410105
95.77900697729675 17.619200368505993
95.77988137415342 17.619227190231335
96.21270946277329 17.63165664348339
96.21233931539675 17.63338398203433
96.21212474420327 17.634580244573286
