95.61417979348339 16.263622737859933
95.63217220314331 16.285960099116608
95.6321292876 16.286748664886645
95.40878701951661 16.29980038909101
95.81161716592672 16.402979538756675
95.81134358358663 16.403113647383393
95.81102172027329 16.403451603210105
95.83218448734331 16.435294824456676
95.58985224257327 16.456065784689894
95.57598526754332 16.456714873313356
95.57689721794657 16.4571064752
95.57741219794332 16.45716012125993
95.58966984988339 16.457272768853425
95.58894029217004 16.4577180168
95.87924121595992 16.486229945889896
96.15484346712671 16.48927155657004
96.15557302484007 16.4895022268
95.86378080059674 16.518609601543325
95.86878042404032 16.525921281146573
95.86952607231011 16.52645771565343
95.8709100936899 16.527546690226714
95.84798801248989 16.542121908559928
96.07484396232996 16.548510905870035
96.0747259462166 16.54950331884007
96.0771023740433 16.549787633825343
96.07747251489675 16.54994320152834
96.0778855778166 16.55000221023733
95.28200437005992 16.56104750729675
95.90882051652996 16.581314209810106
95.89574747578989 16.58210278210325
95.89526467429674 16.582526569016608
95.89531295835992 16.58536447730325
95.89596741550324 16.585396662329963
95.89531832035667 16.58674312364007
95.89721195362534 16.586748492159927
95.89753381759101 16.587183009589893
95.89682035132671 16.588357808726713
95.8886450071 16.59137260495993
95.8910911735 16.593105301353425
95.89155251395992 16.593116031870032
95.76428706472672 16.6000629309
95.90311279321335 16.602133589643323
95.90063980378338 16.602718308213355
95.90177705589674 16.602782681768666
95.75989898621336 16.60417742364007
95.89980296047327 16.604746049696747
95.89611225464657 16.605025003989894
95.76524193067328 16.605454152900002
95.90602030178988 16.60540050684007
96.29486009368664 16.612138196673286
95.84137906928663 16.613130611359928
96.29407152637165 16.615791348953426
95.59222330359674 16.62231982958989
95.59282948319999 16.622319829589895
95.59288849125667 16.622866994613357
95.93614677047327 16.622915272153428
95.93730547709674 16.62357509781661
95.93681195161011 16.624476315094007
95.92433436338989 16.626176967453425
95.9240500471 16.628639232889896
95.92420024824007 16.629395607110105
95.9157030407 16.63914272465668
95.92683417104331 16.649522836253425
95.9264962152166 16.649791060029965
95.92616898338338 16.650171931400003
95.92648548469998 16.650595718313355
95.89039380081334 16.658084420370034
95.23167535737167 16.66070225065993
95.88877375372996 16.670529971803255
95.84668982219674 16.670631895403254
95.88845725241335 16.67125952951661
95.88832314378664 16.672686457959678
95.88269052104008 16.67323898899675
95.88234183469675 16.673871991629966
95.82617636174658 16.681505534546574
95.86706917882671 16.68240138591336
95.82001802848664 16.68514259259675
95.82618172374332 16.685416180086644
95.82576329882671 16.68604917619675
95.8253448739101 16.68652124717329
95.81608592191336 16.688377326483394
95.38477060140326 16.690517722083392
96.04701860599675 16.690013472603255
95.90577353904658 16.6902226818
96.04849918245668 16.690962971746572
96.05953375119675 16.694337174540074
96.05910460228665 16.694777060489898
96.05952838920001 16.694793153003253
96.05916361034332 16.695200847403253
95.78028906855343 16.696965735346573
95.8432297866 16.697775755626715
95.84195842585993 16.69860723694007
96.05364364171336 16.702694912108992
96.05327886285667 16.702802198770037
96.04690595840326 16.703070422546574
96.04806466502671 16.703327909283395
96.04698105897329 16.703499571456682
96.04610129359676 16.703617587570037
96.04425057824034 16.70400382745993
96.04864402160001 16.70402528197004
96.04422375586267 16.704406153340074
96.04491576394332 16.704888948310106
96.04868693714333 16.70508743351336
96.04657336457329 16.70518399511661
96.04571506022997 16.70558632099675
96.05008704451336 16.705704337110106
96.0467074732 16.705709705629967
96.04977591171661 16.705811629229967
96.05087025000326 16.70584917625343
96.04695423594333 16.70591355282997
96.05105263617004 16.70604766145668
96.04941649485669 16.706219323629966
96.05128330640001 16.706707480596748
96.04952914897329 16.706782587689894
96.04514643417329 16.707292205689896
96.04973299617329 16.707292205689896
96.05121893634657 16.707345845226715
96.0466967426834 16.707538961910107
96.04727609925669 16.70763552351336
96.05018360611662 16.707732083159677
96.04972226565668 16.70786082913733
96.0441593832 16.70814514216567
96.05021579114333 16.70826852340687
96.05022115314009 16.70842422938339
96.0502426141733 16.70913769458339
96.0500387669733 16.70959367304657
95.86813133037003 16.71154094544007
95.9043305096101 16.71185208475993
95.86946170088339 16.711911090070032
95.90617050292997 16.71284986350325
95.90979683870324 16.714609381210103
95.24405102786267 16.721835229726715
95.24479668200325 16.72195324584007
95.2446089273166 16.722167823556678
95.24443726205342 16.722478959072532
95.24297814793132 16.72260770298339
95.24451236571335 16.72260770298339
95.24413149434332 16.72291884230325
95.24641136708989 16.72311732098339
95.24780610594007 16.723498192353425
95.24757007371335 16.723723500586644
95.24590711108664 16.72387370172671
95.24630944348989 16.72413655698339
95.24868587131661 16.72429748864007
95.24672249988664 16.72438868824657
95.83768299494007 16.724501335840067
95.91610000458338 16.725751242070032
95.76515609958663 16.72881431378339
95.92791777709674 16.728926967899998
95.62262872657328 16.732397732296747
95.62201718497329 16.732617672010107
95.62211910857329 16.73286980196866
95.63389954234657 16.733062921673287
95.63399609742672 16.73334723144007
95.82792515545992 16.73393731852996
95.82736725339674 16.734023149616608
95.62374988308338 16.734532767616606
95.69388446775343 16.73481707738339
95.26581997354333 16.73549299555993
95.61174435588339 16.735278417843322
95.62145928291011 16.735407164473287
95.26641005411011 16.735900689959927
95.6221512905101 16.736394215446573
95.61629336605341 16.736640978189893
95.62108377697002 16.73669998624657
95.6214271013166 16.736828726353423
95.69373426661335 16.73762266064332
95.26818031057329 16.73806254178664
95.58758846234005 16.737767499786642
96.31427406532671 16.737070127099997
95.58363490125667 16.738024993046572
95.6216094874834 16.73799280149675
96.31424724229674 16.737311527846572
95.69302616341011 16.73807327230325
95.58353297765667 16.73848096433433
95.69512901370325 16.738373676128337
95.62900720782997 16.739280262989894
95.69233952124007 16.74036923104007
95.69225369015342 16.740734009896748
95.69342849581335 16.740798386473287
95.69425997884332 16.740852026010103
95.59353758640324 16.741426020586644
95.66819951525993 16.7417693384101
95.66942259845993 16.74265983430325
95.66977664679999 16.74280467344657
95.6694923305101 16.74301924464007
95.66980883182671 16.74316945230325
95.66952452205993 16.743384023496745
95.66981956234332 16.74356641790325
95.57776088428665 16.74377026510325
95.669454782594 16.743791719613355
95.63227948874007 16.744054575762668
95.57740683594656 16.744118951446573
95.57726199680324 16.744601746416606
95.67036672908338 16.745417135216606
95.67146106565342 16.745588797389892
95.67298991965342 16.745626344413356
95.67034527457328 16.745728268013355
95.2907966196 16.746752866010105
95.2906839654834 16.74779356304332
95.29057667988664 16.748635774873286
95.27416161314007 16.749102477329963
95.27711739754008 16.74920976292671
95.27772357714332 16.749300956010103
95.27275614377328 16.749939322727464
95.27501455548665 16.749939322727464
95.27502528600326 16.750062845273288
95.27273468274007 16.750073575789898
95.27269176719676 16.751237644410107
95.27779331571661 16.751704353389897
95.27760019553133 16.75248219070325
95.27757873775968 16.753329764529965
95.27729979022996 16.753335130989896
95.27758410236567 16.75422561589675
95.74871400152671 16.755834938986645
95.74861207792671 16.75646793509675
95.66108631605343 16.75931643561661
95.66251324645341 16.75978313807329
95.66136527034656 16.76210591984007
95.66536174697329 16.762894485610104
95.66197144342671 16.763913724871664
95.69201229592997 16.76601657190325
95.66259371554332 16.766982161843323
95.66098439245343 16.76771171955668
95.66192316588663 16.768108683440072
95.66067325965668 16.768242798589895
95.66167104114658 16.768650492989895
96.1981773048899 16.773709121159932
95.67842942571662 16.782082945783394
95.92114254024006 16.784813428473285
96.34609568746566 16.791041495740323
96.345934755809 16.791599393106868
95.70865802638339 16.794469486413355
95.70969872187166 16.794469486413355
95.71019761261661 16.794474848410104
95.71124903364333 16.794474848410104
95.70921592844658 16.794480216929962
95.7106965001 16.79452312869675
95.71110955649675 16.79486645029675
95.7111149250166 16.795204412646573
95.71114174804657 16.795510183446574
95.71113637952672 16.795858869789896
95.71175865164332 16.79755937944007
95.3147274211899 16.7983264907
95.30619244780598 16.798895116756675
95.6952255687834 16.81420511641661
95.87051849180324 16.817525681389895
95.8704433847101 16.817718798073287
95.8704326607166 16.817868999213356
95.81086615370324 16.831634050643324
95.75771031307329 16.838253862746576
95.75748500484006 16.83857035754007
95.75732407318338 16.83887612834007
95.75713631849675 16.839176537143324
95.75691637878339 16.839434027794006
95.75676081564657 16.83970761226267
95.75631020398664 16.840399622403254
95.6684945555433 16.84427808291661
95.66812441468988 16.850393494110104
95.66767916674331 16.850650987370035
95.66728220285992 16.850897750113358
95.66670284628664 16.851283990003253
95.6661771357733 16.851611215313355
95.66558704868339 16.852024271710107
95.7545131262101 16.85275919729101
95.755859593803 16.853102517483393
95.75507639027003 16.85398228285993
95.75817701552995 16.85428268514007
95.75759765895668 16.8550497964
95.65141430765993 16.855366297716607
95.7571416870166 16.856578650400003
95.91291355475992 16.85649818131011
95.92697364818989 16.85921257320325
95.89788250287003 16.85937886685668
95.63934977240325 16.86608973365993
95.64483754948338 16.86680856085668
95.6448268254899 16.867039231086643
95.64483754948338 16.867302086343322
95.64491801857329 16.867854619886643
95.63952679657328 16.871674072343325
95.63946241999673 16.872038851200003
95.687758325803 16.877194179256676
96.2415216520834 16.879436498456677
95.26078816840325 16.882038230053425
95.63908691714657 16.8820757836
95.63137290514007 16.882462023489893
95.63223657319674 16.882494208516608
95.63772971879675 16.882714148229965
95.64176911422834 16.883776301489895
95.64121121371011 16.883819210510104
96.01234849222996 16.884307374
96.01203735291011 16.884666790859928
95.64301365520001 16.88517104034007
95.64243966714658 16.885203231889893
96.01448888782997 16.885889874059927
95.64043337845668 16.88715050428339
95.6412004897166 16.88725242788339
95.64874820154657 16.88741335954007
95.64938655965342 16.887429452053425
95.64030463182671 16.88744018257003
95.77915718495993 16.88735435148339
95.64103955805993 16.88754210617003
95.6502716870267 16.88761184474332
95.78036953764331 16.88750992114332
95.78151752027328 16.88793370805668
95.78312683920899 16.888057092689895
95.78270841844656 16.88806245468664
95.64549200662671 16.88826630188664
95.78050364627003 16.8881804708
95.64369493537328 16.888647173908986
96.51502663775668 16.88782642245993
95.78275669598663 16.888604258365667
96.01239676977005 16.88863108245993
96.51430781055993 16.888389681713356
96.51460821284007 16.888395043710105
95.64707450668664 16.889687865483392
95.64915052742671 16.89040133068339
95.64970842948989 16.89040133068339
95.64862481691335 16.890412061199996
95.64809374440324 16.89046033874007
95.6475090241166 16.890487161770032
95.65072229697003 16.89050862280325
95.63993985297003 16.890792932570033
95.65079739754006 16.890830486116606
95.64976743754656 16.89091631720325
96.01330335165343 16.89055690034332
95.64917198845993 16.89095923274657
95.64779869759676 16.8910450573101
96.13685126884008 16.89058908537003
95.64724080034006 16.89110943388664
96.13689955290326 16.891297188573283
96.49469534891011 16.891205995489894
95.63452180794008 16.892268140510105
96.49531762102671 16.89182289908664
95.65110316834006 16.892917235656675
95.63196835594331 16.893072805316606
95.9444564333267 16.893083529310104
95.94348011417465 16.89356096228339
95.92849713367002 16.893829181253423
95.63382443525342 16.89448363839675
95.63231704228664 16.894494368913357
95.63299295394006 16.89453728445668
95.63577708268988 16.89471430862671
95.63421067514332 16.89507908748339
96.51411468735344 16.894757224170036
95.6322526657101 16.895830106229965
95.63271400617003 16.895862291256677
95.63266572862996 16.896291446689894
96.51422734147005 16.895679905089892
95.63270864417328 16.896688410573287
95.92706484127328 16.896495293889892
95.9265176697267 16.896747418629964
95.63268182114332 16.897053189429965
96.50637922735993 16.896296808686643
96.5064060503899 16.896672318059927
95.8982150984166 16.89753062240325
95.98903996275668 16.897509161370035
96.50586960935993 16.897047820910103
96.5064275049 16.897128289999998
95.98838550561335 16.89819044154332
96.49745801662671 16.898018779370034
95.63076672986267 16.899032653373283
95.63134072182996 16.89911848445993
95.63342210937329 16.89942425525993
95.63218293365992 16.899552998628337
96.50993582455993 16.899113115940068
95.63239214285667 16.900073345840326
96.5105741891899 16.899284779829962
95.65706301639675 16.900341562853427
95.6332504472 16.900958472973286
96.51033278844332 16.900084076116606
95.93883454109674 16.90108185108339
96.50973733935669 16.90059369411661
95.93801915490599 16.901167682170033
95.96458902721335 16.90144126794332
96.50915798278339 16.90104430405993
95.93855559332671 16.901677300170036
95.93914031189675 16.901934793429962
95.9392690585267 16.902793097773284
95.66919192733732 16.903597756056676
95.93070190584658 16.904069820510106
95.93114714816267 16.90410201205993
95.64286881605668 16.904466790916608
95.62771974805344 16.90560940674332
95.95204169698664 16.905587948559674
96.02088861531337 16.905931270056676
96.02042191285669 16.9060761092
95.8345984687166 16.90630677942996
96.06502710827003 16.907299192399996
95.6282883741101 16.908077027653427
95.625563261897 16.908195050289894
95.62605678542671 16.90819505028989
95.94313142783133 16.90795364954332
95.9464949053267 16.908393528970034
95.94607648041011 16.908597376170036
95.94565269349674 16.908736853316608
96.49712006217328 16.908994340053425
95.94152210824332 16.909579065146573
96.09007885970325 16.9096434352
96.09047046158989 16.909648797196745
96.09004130615668 16.909804366856676
96.09046509307004 16.909815097373283
96.49798372851336 16.909423495486642
96.09005739867004 16.90994384400325
96.09045436255343 16.909970660510105
95.94232140452996 16.910222791773286
95.9417044944101 16.91030862285993
96.4987508397733 16.909799004859927
95.94358740172834 16.911043543874655
95.94203708824006 16.911086458765666
95.63356157999675 16.91141368514007
95.63411411354006 16.9114673312
95.94320652970599 16.91127957651336
95.63217756514007 16.91176774000325
95.63690360428664 16.912239804456675
95.38573082934658 16.912497297716605
95.86505752985667 16.912057418289894
95.38495298757005 16.912599221316608
95.3853070359101 16.91298009268664
95.63685532674657 16.912733329943322
96.09044363855992 16.912454382173287
96.09004130615668 16.912465112689894
96.09004130615668 16.912593852796746
96.09043290804331 16.91274406045993
96.09003594415992 16.912749422456677
95.71418872552997 16.91313029382671
96.09002521364332 16.91288353108339
96.09043290804331 16.912894261599998
96.0904221775267 16.913017639710105
95.86669366945343 16.91329122548339
96.09001985164656 16.913167847373288
95.71482709015993 16.913559449259928
96.09001448312671 16.913312686516605
95.86654883031011 16.913623819313354
95.71422091055669 16.913779388973285
96.55550103644333 16.913023008229963
95.86544376974658 16.913800843483394
95.63516017257004 16.914895180053428
95.63676412714005 16.9150346572
95.86813133037003 16.915104395773284
95.92023595835667 16.915313604970034
95.69987650255342 16.91563546828339
95.70037002804007 16.915667653310102
95.92053099864006 16.91603780003433
95.91910943480298 16.916289926731334
95.91991409504331 16.916461587599997
95.98963541184332 16.91747023318339
95.62542378735967 16.917926211646574
95.98891121612671 16.917572156783393
95.69293497032672 16.91787792758339
95.98930818001011 16.917695541416606
95.71321240507328 16.9181944289
95.71320167455667 16.918409006616606
96.53829204192996 16.91762580284332
95.24769881725342 16.919294133989894
96.53606045324659 16.918312445013356
95.22235739405667 16.919830572273284
95.22495913011662 16.919932495873287
96.53996036827004 16.91866113135668
96.53941856524332 16.918671861873285
96.51339049815994 16.91878451598989
96.51457066581662 16.918907891353427
96.53120030375669 16.91891862461661
96.54040024769675 16.91894008290325
96.53482663952997 16.919074191529965
95.62549888923434 16.919986138156677
96.51213522341011 16.919101014559928
96.53904305415344 16.919074191529965
96.51320810547004 16.919111738553426
96.53094281049675 16.919095648786644
96.51253219381661 16.919240485183394
95.63663001851336 16.9201685281
96.53116275021011 16.91936923455993
96.53608726975344 16.919369231813356
96.53842615055669 16.919556986499998
95.7026659933 16.92044747861661
96.53122712678665 16.919793021473286
96.51541823964334 16.91985202678339
96.14234441924657 16.920442113873285
96.54008911490001 16.92006124250325
95.92655522327328 16.9207425189
96.5377663314166 16.920474298899997
95.92652840024331 16.921182398326714
96.5158634875899 16.920645961073284
96.0884641746166 16.921209221356676
95.70942513764332 16.92176711689675
96.53721379787329 16.921085840499998
96.51564354135343 16.921123394046575
95.70936076758989 16.921954871583388
95.92837911755667 16.921836855470033
95.63049314628664 16.922292827410104
95.9290443052166 16.922088980210106
95.93587855012996 16.922276734896748
96.5400086458101 16.92169202010325
96.5459577698733 16.921938779070032
96.43114845788338 16.922185541813356
96.53992282124658 16.922239185126713
96.54044853175994 16.922239185126713
95.70879750352996 16.9230867617
95.92941444607003 16.922872185940324
96.53725134489676 16.922266008156676
96.5382437643899 16.922276738673283
95.93610922035992 16.922909736225343
96.54600604741336 16.922357203986643
95.93259553389674 16.92306530392834
95.93668857349999 16.92307066644007
95.9372089220166 16.923108219471658
96.5403144166101 16.92271125610325
96.5337591259899 16.922936557813358
96.53345871653434 16.922952650326714
96.54654248844332 16.923022389037328
96.53809355672672 16.923076034959927
96.53532016501661 16.923092127473286
96.5377663314166 16.923097489470035
96.53742300707003 16.923135043016607
96.53577077495993 16.92317795855993
96.53618919335344 16.923210143586644
96.53658079524007 16.923210143586644
95.92646403018989 16.92387533124657
96.54292688318665 16.923360344726714
96.54375300250325 16.92336571324657
95.93654909635342 16.923998709356677
96.54060409489676 16.923569560446573
96.54121563649676 16.923569560446573
95.66361831590899 16.924470775526714
95.66289412434656 16.924476144046572
95.93334118721336 16.924272295129967
95.92639965361334 16.92444932101661
95.6618587893101 16.924755091816607
96.5369080270733 16.923961155810105
95.93354503441336 16.924615612953428
96.53808282621011 16.924014801870037
96.53583514501335 16.92403626290325
96.54372617947328 16.924122093989894
95.66155838702996 16.925034039174655
96.53995500627329 16.924218649070035
95.64716033777329 16.92512523356267
96.27606859911336 16.924567337129965
95.92627627550326 16.9249482085
96.54175744604657 16.92434203370325
95.6465112426267 16.92549538004657
95.63733275491336 16.92551147255993
95.6362169621166 16.92560266564332
96.27947499517327 16.924985759025343
96.5436349863899 16.924803369597
96.27648702402996 16.925071586610105
96.54264256689675 16.924846285140326
95.63733811691012 16.925838697870034
95.646886752 16.92585479038339
96.54557152998339 16.92498039507166
96.30380791288664 16.925253979540322
96.27900829271661 16.925291529825344
96.5405880023834 16.925044767734335
96.53520751090001 16.925178877665665
96.54710575250326 16.925194970831335
95.64783624942672 16.926096191129965
96.54259965135344 16.925243250328336
96.53434384455994 16.925259343494005
96.54636009575344 16.925291529825344
96.53252531055668 16.925323716482836
96.27864887585667 16.925597303646573
95.6458997010267 16.926251760789896
95.6472032533166 16.926257122786645
96.53202105455344 16.92540418044007
96.53252531055668 16.925409548959927
96.3035396891101 16.925672404216606
96.15160337124331 16.925860158903248
95.63386735079675 16.92642341644007
95.64654879617328 16.92643414695668
96.54559835301336 16.925597303646573
96.54265865941011 16.92560802764007
96.53226781729674 16.925736774270035
96.15136197049675 16.926133738153425
96.27817681140324 16.926021090559928
96.30198938059999 16.92601572204007
96.30317491025343 16.926021090559928
96.53116811872997 16.925801150846574
96.53159190564332 16.92582260535668
96.53859244723134 16.92581724335993
96.53890358263733 16.92582260535668
96.54646738787329 16.92586015890325
96.27773692806267 16.926348315870037
95.70678048604006 16.92692767244332
96.3016943403166 16.926364408383392
96.53665589581011 16.926182022216608
96.53537380455343 16.92620884524657
96.53499293318339 16.926219569240068
96.54108152787003 16.9262732153
96.53442967564658 16.926310768846573
96.53985308267329 16.926450239470036
96.5446756769 16.9264770625
96.30134028545342 16.926815018326714
95.64804009834333 16.92760358409675
96.53187621541011 16.9267828333
95.68716266857328 16.92770550769675
96.54082403461011 16.926863302389894
95.72002518895343 16.92783425432671
96.53144170450327 16.927029596043322
96.3009594140834 16.927260266273287
95.7207654789 16.9280059165
96.54476686998339 16.9271905277
96.54556616798665 16.927238805240073
96.5406201874101 16.927308543813353
95.64708523720324 16.92826340975993
96.30033177825342 16.92763577564657
95.68684080525992 16.92825267924332
96.54396757369676 16.927458744953427
96.3040171220834 16.927861077356678
96.30657594431659 16.927909354896748
96.5403841551834 16.927812799816607
96.30742888014007 16.928075655073286
95.63584145274332 16.928789120273287
96.28497350277004 16.928150755643323
96.30380791288664 16.928134663129963
96.30457502414657 16.9283116873
96.53613555381662 16.92809710958339
96.54012666844659 16.928279502273284
96.28695296671336 16.928633550613355
96.51779466918666 16.928467256959927
96.53773950838665 16.92845652644332
96.15076115941335 16.928928590896746
96.53857635406567 16.92856381204007
96.54136047564008 16.928821305299998
96.53966532798665 16.928832035816605
96.54057190987004 16.928853490326713
96.53586196804332 16.928917866903248
96.28596055374331 16.929212907186646
96.53666126432998 16.92913780661661
96.54590412381336 16.929153899129965
96.15047148112671 16.92969034015993
96.53916644050327 16.929545501016605
96.51862615050001 16.92959377855668
96.53989062969674 16.929583048040072
96.54535159027003 16.92958304804007
96.53430629101337 16.92962596358339
95.88627930652834 16.93047890462534
96.54450938324658 16.929829810783392
96.2875591463166 16.93008730575993
96.538823116809 16.929926372386642
96.53562056729676 16.92998538044332
96.54344723170325 16.930060481013356
96.53649496415343 16.9301463121
96.29157707745341 16.93041453196267
96.47660659554332 16.930371615526713
96.53707968924658 16.930334066134332
95.2708517786834 16.93162152175668
96.29095481185993 16.930639836934333
96.47622572245668 16.930462808610102
95.26857727445667 16.93182000695993
96.28834771208663 16.930859779016608
95.70934466855343 16.93151959815668
95.26894741531011 16.9319702081
96.28702806728339 16.93095633409675
95.26936047822997 16.932093586210105
95.7091676443834 16.93171271484007
96.53555083524657 16.931020710673288
96.53467106987004 16.931026072670036
95.27068548502996 16.932302801929964
96.51683444059103 16.931063626216606
95.27103417137329 16.93231889444332
96.4915357221166 16.931176273810102
95.27095370228339 16.93251737964657
96.53769123084658 16.931321112953427
95.71574440255992 16.93218478581661
95.27089469422671 16.93264075775668
96.49156790714332 16.931423036553426
96.49190586297003 16.931492775126713
95.27132921165668 16.932796327416607
96.53930054741336 16.9315625137
96.47618817193134 16.931723445356678
96.53260577964659 16.931680529813356
96.53659152575668 16.931728807353426
96.53267014970001 16.932131139756677
96.29357800242997 16.932410087526712
96.51710802505968 16.932195509810104
96.54086695015343 16.93219014781336
96.51680225425969 16.932243793873283
95.93166749750324 16.932957259073284
96.53699385815995 16.932361809986645
95.81017414644657 16.9331932913
95.93107741041335 16.933112822210106
96.5378146089567 16.932517379646573
95.93203763835666 16.93324693735993
96.53647887164007 16.93267294278339
96.49182540040324 16.932860697470034
96.29261241248989 16.933075275186642
95.26750439239675 16.93410524170325
96.51891046678989 16.93288215850325
95.26786380925668 16.93417497375343
96.2933580627166 16.93316110627329
96.53768586232673 16.932925074046572
95.93113641847003 16.933708271296748
95.26884549171011 16.934470020559928
96.2909118963166 16.933461508553428
95.70870094192671 16.9341106037
96.53608190775668 16.933311307413355
96.51859932747004 16.93335958495343
96.49234574239674 16.93345078455993
96.51737624427004 16.93345078455993
96.50666353884333 16.93348833158339
96.52880778341662 16.933515154613357
96.51785903924008 16.93371363981661
96.53935419347329 16.93369217878339
96.53588342255344 16.933890663986645
95.64839414668339 16.934781153356678
96.51881390518665 16.933944310046574
96.50736091152997 16.934030134610104
96.53927909290326 16.93404623364657
95.25876042039675 16.935333686899998
96.53748738364658 16.934078418673288
96.50676010044657 16.93414815724657
95.91394888327328 16.934765060843322
95.64836732365342 16.93508156215993
96.49187903994007 16.934250080846574
95.70848100221336 16.93518348575993
96.5296338962101 16.934384189473285
96.49192732400326 16.934475382556677
95.25866922731336 16.935795025402996
95.64859263188664 16.935516079589895
95.25909301422672 16.935939863894006
95.66259371554332 16.935800391073286
95.6826887606899 16.936288548040068
95.66147255594332 16.93631000907329
96.53805064118339 16.93546243524657
96.49170201577003 16.93580575396267
95.81059793335993 16.936567495810106
96.49261396617328 16.935939863894006
95.8110753598101 16.93673379598664
95.6825761065733 16.937125397873288
95.68306963205993 16.93740970764007
96.31263792442535 16.937028836270034
96.3078526684267 16.937243413986643
96.30839983997328 16.937275599013354
96.3119081579166 16.937651108386643
95.8123789151899 16.9381768189
96.12344542427003 16.937897871129962
95.88882203127002 16.938139265353428
95.66068399017328 16.93839139661661
95.88727172275992 16.938209003926712
96.1241964430166 16.938117810843323
96.31157556408664 16.93796760970325
95.66316234159999 16.938740082959928
96.49279099034331 16.938058802786642
96.1244217447267 16.938455766670035
95.88733609281334 16.938804453013354
95.88885421629675 16.93884200655993
95.88817294264658 16.93897611518664
96.29199550237003 16.93864352135668
96.1244217447267 16.938858099073286
96.41487286828338 16.938568420786645
96.49117630525669 16.93863279084007
95.70953242324006 16.93944281764332
96.49178248485993 16.938707891410104
96.12474897655993 16.93908876930325
96.2923495507101 16.93897611518664
95.88885421629675 16.93956619575343
95.88733609281334 16.93961447981661
95.66483603645992 16.939871966553426
96.49175566182996 16.93904585375993
95.6652812778834 16.93988806558989
95.70993475564333 16.939898789583392
96.2924514743101 16.939415994613356
96.29216180254656 16.939732495929967
95.66440688102671 16.940397683589893
95.88878448424657 16.940199198386644
95.66423521885342 16.940644439810107
95.8874433784101 16.940424500096746
96.29222081060325 16.940177737353427
95.88899905544007 16.940837563016608
95.66230939925342 16.941202340568665
95.8872288072166 16.941014587186643
95.88798518795991 16.941041405410104
95.66159057205667 16.941304264168664
95.89313500921335 16.94121306758339
95.652615930891 16.9415402977
96.50217889872673 16.940885842273286
95.65104416028339 16.94218402604332
96.4192877681101 16.941443737813355
96.4725993884 16.941406190789895
96.41982420914007 16.941744146616607
96.47160697542996 16.941770969646573
96.47109199217167 16.94178706215993
96.47264230394332 16.941980178843323
95.65633882720324 16.94325690810325
96.46307758114656 16.94250052735993
95.65204730377003 16.943337370670037
96.470711119497 16.94254344290325
96.47039998302671 16.942564897413355
96.47006202719999 16.942586358446572
95.65139821514657 16.943412471240073
96.53888212486567 16.942795567643323
96.51715630284008 16.94284384518339
95.65280904953133 16.94371288004332
95.66326962719674 16.94376115758339
96.51736015175669 16.942918945753426
95.66368805252534 16.94378261861661
95.71692993392996 16.94378261861661
96.46169892828664 16.94306915341661
95.65468122657329 16.9439757353
95.66368268857165 16.944013288846573
95.6632749957166 16.94401865084332
96.46101764811335 16.94329445512671
95.66304968748338 16.94439952221336
95.66416011828338 16.944501445813355
95.65364589805992 16.944608731410106
95.66335545828339 16.94464092295993
95.66542075502997 16.944640922959927
96.46174720582671 16.94392208924007
95.66392408670899 16.94474820855668
96.46211198468339 16.944184944496747
95.6653832014834 16.945016425810103
95.67633730765667 16.945059341353428
96.4629488345166 16.944324421643323
95.65197220319999 16.94525246455993
96.4625411401166 16.944506807810104
95.67612272994006 16.945316834613358
95.67593497525343 16.945531412329963
96.46722425891335 16.94483403964332
96.46147898857328 16.945171995470034
96.46769096137004 16.94529001158339
95.66374706123432 16.94627706255668
95.92513365487002 16.946142953929964
96.46802891719675 16.94560115090325
95.66178905725992 16.947162191646573
95.66105949954657 16.94716755364332
96.51518756941336 16.946368257356678
95.70078845295669 16.9472372905
96.5153753241 16.94671158170325
95.70143754810326 16.94758597855993
96.50726434992671 16.94686178284332
96.51248927827329 16.9470227145
95.74363391599701 16.947827372783394
95.66140281737003 16.947961481410104
96.51469941244657 16.947113907583393
95.66243814588339 16.94807950404657
96.50747356564658 16.947446501413356
96.5128272341 16.947489416956678
96.5143775426101 16.947623525583392
96.51253219381661 16.947730817703253
96.51607805878339 16.94778445724007
95.67028089799675 16.948669584613356
96.28132035048989 16.948181427646574
96.4983216894899 16.94798830444007
96.49860063725993 16.94810095855668
96.51586884958664 16.948084866043324
95.70187742752996 16.948937808389893
96.28049959317002 16.94868567712671
96.51243027021661 16.948927077873286
96.51959710895994 16.94920602564332
96.5201657350166 16.949291856729964
96.51255901684658 16.949409872843322
96.5159654111899 16.949490335410104
96.51642674512672 16.94951179644332
95.67068859239674 16.95038083130325
95.67047402120325 16.950697326096748
95.66994831068989 16.951341059246573
96.28373969385993 16.95086362627329
95.6650184226267 16.95216181175993
95.66929385182996 16.95225836684007
95.85251556162672 16.952440758465666
96.29516586620323 16.952016972616608
95.6651793542834 16.952741161810106
95.66891834245666 16.95280553838664
96.57964104404007 16.952381751473283
95.6595038225166 16.95342781050325
96.27838065688664 16.95332588690325
95.69928642198664 16.954849372383393
95.69494662101336 16.955171235696746
95.69558498564332 16.95550919804657
95.7288067145 16.95567012970325
95.66282974777003 16.955793507813354
95.6650774306834 16.956088548096748
95.66584990394007 16.956249479753424
95.69911476046568 16.956319218326712
95.66625759834007 16.95651770352996
96.5807031955834 16.95561112164657
96.58121818210324 16.95561112164657
96.58167415404333 16.95562721415993
96.58219450255993 16.955654037189895
96.58288650672671 16.955798869810103
95.66557632468988 16.956716182210105
95.69918449838664 16.95690930541661
96.57940501246566 16.956072455583392
95.66590355 16.957070237073285
96.57847160518338 16.956169017186642
96.27412668871659 16.956818105810104
95.66392408670899 16.957579855073284
96.2737189943166 16.95705414455993
96.27393893402996 16.957429647410102
95.66335545828339 16.958137751265667
95.69879826110599 16.958127022705995
95.66398845937167 16.958169937597006
96.28666328842671 16.957730056865667
96.27420715128338 16.95778906557466
96.28682958860324 16.957955361837328
96.28705489031336 16.958175302202996
95.6637953377101 16.958953279413358
96.28711926688989 16.958406114389895
95.66286193279674 16.959060565010105
96.28758060082671 16.958567046046575
96.28769861694006 16.958722609183393
95.67025944348663 16.959360973813357
96.55857483524008 16.95854558501336
96.5580866782733 16.95863677809675
96.28782200157329 16.958915732389897
95.66398846091661 16.959618467073287
95.67010924234657 16.959634559586647
96.2879775647101 16.959055203013357
95.66984101685341 16.95982231427329
96.28815995739998 16.959221503189895
95.66969617771011 16.96001543095668
96.28832625105342 16.959441442903252
96.57899731569674 16.95920004215668
96.2752693028267 16.95959700604007
95.66958889211335 16.960262193700004
96.56058112221336 16.959537997983393
96.56126240238666 16.959639921583396
96.27552143408988 16.9599564229
95.66949233051011 16.960600151586647
96.55987301901011 16.959747213703253
96.27575209779675 16.96031047124007
96.56125167187004 16.960144177586645
96.55908982175993 16.96028364821011
96.58141129878663 16.960348024786644
96.57937819358989 16.96037484781661
95.70658736935667 16.961254608729966
96.55576925369675 16.960449948386646
96.55635397576867 16.960460678903253
95.70600265078664 16.96143699489675
95.70557349535343 16.96150137147329
95.70516580095342 16.96158183404007
95.70474201884657 16.96164084655993
96.57942110563133 16.960873737359933
96.54925687209675 16.961023938500002
95.94514307549674 16.961689126159932
96.58137911375992 16.961056123526717
96.57991462981335 16.96122242370325
95.66216992862996 16.962220196610104
96.61347431449674 16.96144772335343
96.549594831597 16.961565741526712
96.6137854538166 16.961860786273288
96.61343676747327 16.961866148270037
95.25302051205342 16.963266257700003
95.68533340920325 16.96290147884332
95.66736803394657 16.962960486900002
96.46291664948988 16.96220410409675
96.46254650211336 16.962236295646576
96.46309903565668 16.96236503575343
95.68602005137328 16.96317506461661
95.70707553284657 16.96317506461661
95.25298832702671 16.96368468261661
96.4634262674899 16.96251524341661
95.66702470959999 16.96335745078339
96.4641719177166 16.962568882953427
96.4646010666267 16.962676175073288
96.4641933722267 16.962831738210106
95.68297843588664 16.96368468261661
96.57810146432996 16.96296048484007
95.70586317364007 16.963850976270038
95.70520871649674 16.963926076840075
95.70484930444331 16.963963628326717
95.68065565240325 16.96407628450325
95.68282823474657 16.964113831526717
96.57720560644006 16.963250163126716
95.76448554992996 16.964274763183393
96.5766798959267 16.963464740843325
95.68309109000324 16.96450007141661
95.32927567093432 16.964966773873286
95.68376163965993 16.964612719010105
96.57576795204656 16.963802696670037
95.66631660639675 16.964746834159932
95.68610588245993 16.964800473696748
95.70582025809675 16.964832665246576
95.7055091253 16.964891673303253
95.6822917937166 16.96491848981011
95.7049780527899 16.964961405353428
95.66608594268989 16.965025781929967
96.57481844809675 16.964135290500003
95.6802211349733 16.96505260495993
95.2541792252 16.965519307416606
96.57434101992996 16.96423184764007
95.66653118411335 16.96525645215993
95.66694960902996 16.96547102335343
95.67996364171336 16.965530031410108
95.70552521781335 16.96551930741661
95.68173925674006 16.96611475169675
95.68472186760326 16.966179126556682
96.5838735577 16.965363737756682
95.66839799394006 16.966431253905995
96.58070856410325 16.96557294695343
95.71628083878339 16.96644198352997
95.7169352959267 16.966758484846572
95.68124573386267 16.966822854900002
95.7098918401 16.967101802670037
95.70926420598664 16.967273464843323
95.68061273685993 16.9678420909
96.2578296380834 16.967885006443325
96.25852701077002 16.96800302255668
96.46717061285342 16.96794937649675
96.25776526802997 16.968228330789895
96.25925656848338 16.968389262446575
95.71620573821335 16.96907590461661
96.2573414811166 16.96861992615343
96.25192343608663 16.96878085781011
96.25996467168665 16.968796956846575
96.25249206214332 16.96901152804007
96.25351666014006 16.969204651246574
96.23161897126268 16.969660623186645
96.2531840663101 16.969660623186645
96.5815400454166 16.969623069640072
96.5816312385 16.969918116446575
95.67260904828339 16.970883706386644
96.23197838616568 16.97044382695993
96.25878450402996 16.97043845844007
96.2581675939101 16.970518927529966
96.58172243158339 16.970223887246576
96.25754532831661 16.970771052270038
96.58181363118989 16.970567205070036
96.2572610120267 16.971173384673286
96.25813540888339 16.971237754726715
96.23291179042673 16.971586442786645
96.23262211214008 16.971752736440074
96.58174925461336 16.971752736440074
95.68031769005341 16.97273442541661
96.23961192671337 16.972181891873287
95.67899268325343 16.972809525986648
95.67938965365992 16.972900719070037
95.67975979451336 16.97298655015668
96.5819691943267 16.97253594021336
96.58206575592996 16.972959727126714
96.58446364478988 16.97299191215343
95.67929309205667 16.974198902840072
96.58456556838988 16.97349616815668
96.5822213255899 16.973533721703255
95.67988317914657 16.974456396100003
96.58230715015341 16.97396823261011
96.58238225724656 16.97451540415668
96.58247345032996 16.974831905473287
96.58526830307328 16.975110853243322
96.58265047449999 16.97548636261661
96.58274703610324 16.976167642789896
96.58280604415992 16.976468045070035
96.58311181495992 16.976795276903253
95.67525370160325 16.9777179513
95.6749640216 16.978088093870035
96.58324592358665 16.97745509539101
96.58314399998663 16.977889612168667
96.58320837004007 16.978238295010108
96.59473110227003 16.978447510729964
96.5833853942101 16.978597711870037
96.5851985662166 16.978667450443325
96.59328271735993 16.978672812440074
96.59481693335667 16.97878010455993
96.58186727072672 16.978973221243322
96.59423221478664 16.979016136786644
96.58483378540299 16.979268261526713
95.69391665930326 16.980389421126716
96.5945755326101 16.979515024270036
95.69479641987328 16.98057717581336
96.16545424895342 16.98012120387329
96.5962063102101 16.97976178701336
95.6961643422166 16.98071665295993
95.6953704079267 16.980823938556682
95.69445309552671 16.98083466907329
95.69602486507003 16.981038516273287
96.58486060712833 16.980185573926715
96.58213012598338 16.980249950503254
96.59631360232996 16.98034650558339
96.58556870707002 16.98077029249675
96.58195846381011 16.980899039126715
96.58639482638664 16.980899039126715
95.70017154935994 16.982020198726715
96.58646992695668 16.981156532386645
96.58484987856866 16.981242363473285
96.57438393547328 16.98132819455993
96.58641091889999 16.9815803193
96.57915288576865 16.981725158443325
96.57608444684007 16.981923643646574
96.58256464341335 16.982116760329966
96.58206575592996 16.982170406389898
96.57618637044007 16.982181130383395
96.5781068263267 16.982191860900002
96.58805778901335 16.982304515016608
96.5864323734101 16.98239034610325
96.58192091678663 16.982476177189895
96.58434026015667 16.982599557016613
96.57920652987166 16.982663927070035
96.56206169867329 16.983216461505997
96.5762507470166 16.98321109861661
96.57831604204657 16.9833022917
96.58460848043133 16.983345207243325
96.58639482638664 16.983490046386642
96.57915288576865 16.983709986100003
96.58212476398663 16.98371534809675
96.5807353806101 16.9838119097
96.58645383444332 16.983892378789896
96.58464603136866 16.983897740786645
96.58513955815992 16.98398357187329
96.58265047449999 16.983988933870037
96.58776274872996 16.983999664386644
96.58729604627328 16.984117680500002
96.58671132770326 16.984208873583395
96.56287729616866 16.984412720783396
96.58048325587004 16.984423451300003
96.58098214335342 16.984455636326715
96.56281292350599 16.985077908443323
96.584828420797 16.985796735640072
96.58537022838988 16.986177607010106
96.58323519307004 16.986295629646573
96.58490888662533 16.98632244615343
96.58248418084656 16.986499476846575
96.58164733101336 16.986756963583396
96.58092313529674 16.98694471827004
95.7618891823899 16.99363412404007
95.98033354430325 16.995130794729967
95.85213469025668 16.99531854941661
95.97963080309674 16.99531854941661
95.98046765292996 16.995334641929965
95.98043546790325 16.995849621926716
95.75831112415668 16.996155392726713
95.98138496532997 16.996187577753428
95.98053202298338 16.996316324383393
95.9794323244166 16.99644507101336
95.97944841692996 16.996772302846573
96.58534340535992 16.99684740341661
95.62070290868988 16.99786127089675
96.58630899529999 16.99944913556267
96.58667377415667 16.999899745505996
96.5863894643899 17.000388046386647
96.58684543632995 17.00076355575993
96.25561950871659 17.00712036975993
96.3061897058 17.00863312644007
96.30589466242671 17.00864921895343
95.40395905505343 17.01001714129675
96.29397496631336 17.00929295210325
96.2926660520267 17.00930367609675
96.30305153214331 17.00945388375993
95.40463497322997 17.010698421470035
96.58739796987328 17.01005469484332
95.43880104717329 17.011631826383393
95.79190300038988 17.011304601073284
96.58753207849999 17.010510666783393
96.58614806364332 17.010848622610105
96.30414586871335 17.0117444805
96.58450119181336 17.011508448273286
95.43771743720599 17.01266715489675
95.43733099122997 17.012693977926716
96.30352359659673 17.011873227129968
96.5862285262101 17.011669379929966
96.29219934957003 17.011980512726716
96.30294424654656 17.01199660524007
96.30234342894006 17.01203952078339
96.28756987031011 17.012431122670037
96.30368452825343 17.01245258370325
95.43782472475968 17.01336452758339
96.29246757334657 17.012543776786643
96.30381327488338 17.01281199404007
96.3028154999166 17.012989018210106
96.28974782117328 17.013251875183393
96.30298716208989 17.01333770455343
96.15764905038664 17.01357910701661
96.29052029442997 17.013750769189897
96.15744520318664 17.014260387189893
95.4373041682 17.015124053529966
95.43770670799401 17.015129415526715
96.30198938059999 17.0142818417
96.15747202621661 17.014582250503253
96.30151731614657 17.014501781413358
96.15650642975342 17.01473781364007
96.15721453295667 17.014882652783392
96.3006965588267 17.014829013246572
96.30245072105993 17.01488802130325
96.30171043282996 17.015032860446574
96.15885604107328 17.015365447753428
96.15886140307003 17.015590755986644
96.15969824809675 17.015681949070036
96.15719844044332 17.01582678821336
96.16122710209675 17.016014542900002
96.1569302231899 17.016132559013357
96.15793872867329 17.01637395975993
96.15474691204656 17.01684066221661
96.15446259575668 17.016974770843323
96.16009521850324 17.017398557756678
96.16013813404658 17.017672143529964
96.29526778980323 17.01916880989401
96.29457577976567 17.019447758968667
96.29618510220325 17.01978571781661
96.15278890089675 17.020118311646574
95.4327068743101 17.02111072461661
96.29594370145668 17.02034897535343
96.29437193256567 17.02070303021661
96.29505321208663 17.02070303021661
96.2968234603101 17.020917601410105
95.3960465708899 17.02185101284657
95.39498441934657 17.021899290386642
96.29577203928338 17.021024893529965
96.2943558394 17.021137547646575
95.43190221602671 17.022467916443322
96.29434511084033 17.02167935067329
95.39642207374007 17.02268785615668
95.39552085385344 17.02278441775993
95.3969746072834 17.023685637646572
96.54083476512672 17.02304190449675
96.54008911490001 17.02333695130325
96.5395794969 17.02356225301336
96.54009984541662 17.023809015756676
96.53941320324658 17.024023593473288
96.55554395109401 17.024447380386643
96.1734525690101 17.02552025764007
96.17329700587328 17.026104976210107
96.17192908352996 17.02766065324007
96.17172523632996 17.028363394446572
96.17279274987004 17.028540418616608
96.1713926425 17.02919487575993
96.17277129535992 17.0293450769
96.17064699227328 17.029436269983393
96.58118062855667 17.02908222164332
96.58056908695667 17.029119775189898
96.16944536838989 17.02960257015993
96.58158296095992 17.029430907986644
96.16930052924657 17.03011755187329
96.17263181821335 17.03034285358339
96.16925761370325 17.030369676613354
96.17084547095342 17.030493061246574
96.1725942711899 17.03061107735993
96.16902694347328 17.030895387126712
96.16966530810325 17.0315766673
96.16884991930326 17.031592759813357
96.1897176443733 17.03234377855993
96.19263587522673 17.032520802729962
96.18964254380326 17.032815843013356
96.3518999700166 17.033169891353428
96.35346101075993 17.03320208290325
96.35282800812672 17.033293275986644
96.19278071437003 17.033588316270034
96.16705284152671 17.034033564216607
96.16971894764006 17.034065749243325
96.35316596395343 17.03402819569675
96.35470554847004 17.034323242503252
96.35355756584008 17.034392974553427
96.16965457758664 17.034645105816608
96.35225938207003 17.034602190273286
96.35468945595667 17.034666560326713
95.65605451091335 17.0354497641
96.35268316898339 17.035015246670035
95.83091312660325 17.036013026202998
96.17690188061336 17.036688941529967
96.17529792604331 17.036731857073285
96.17756169975343 17.03677477261661
96.17677313398339 17.037000074326713
96.17744368364006 17.037091267410105
96.1713121734101 17.03717709849675
96.1753569341 17.03723610655343
96.1751638174166 17.037386314216608
96.17664975587329 17.037439953753427
95.2659487201733 17.03845382775668
96.1750511633 17.037649169473287
96.1711995258166 17.038019310326714
96.17709499729673 17.03807831838339
96.15557839335992 17.038233888043322
96.17630106952996 17.038266073070034
96.17720765141335 17.038357266153426
96.17630106952996 17.038486012783395
96.1558519726101 17.038582574386645
96.1713014494166 17.038743506043325
96.15590561867003 17.038882983189893
96.1726371802101 17.03892053021336
96.17126389587003 17.039049276843322
96.15629185855992 17.03922093901661
96.17129608089675 17.039306770103252
96.17249770958664 17.03936577815993
96.1562489430166 17.039451609246573
96.1557500490101 17.039682272953428
96.1563508666166 17.039719826499997
96.1883121684834 17.040336730096747
96.1762849770166 17.04039037615668
96.17234213992671 17.040401106673286
96.58658258107329 17.040073874840072
96.18850529168989 17.040658593410107
96.18777036610899 17.04078197804332
96.19020043934333 17.040830255583394
96.17473466394031 17.040953640216607
96.18586579198339 17.040980463246573
96.15676392301336 17.04106092646567
96.18856966174333 17.041055561859675
96.58645383444332 17.040696146956677
96.17289467347003 17.04114139229401
96.18786156049701 17.041157485459678
96.17228313187003 17.041216494168665
96.18611792324657 17.041243315894008
96.19029700094657 17.041243315894008
96.18620911632996 17.041532993528342
96.19045793260327 17.041838907689893
96.15919399861662 17.042037386370037
96.18878423945993 17.042037386370037
96.15485955964007 17.042133947973287
96.18806540769701 17.04211248694007
96.19051157214008 17.042160771003253
96.18567267392672 17.04220904854332
96.18884324751662 17.042407533746573
96.19057594871661 17.042520181340073
96.34009828847167 17.04237534219675
96.18506650084657 17.042557734886643
96.15734327958664 17.042595281910106
96.15944612335667 17.04259528191011
96.16209077495992 17.0429815218
96.15765441238338 17.043002976310106
96.1594783083834 17.043002976310106
96.15662445238988 17.04301907534657
96.33971205012672 17.042960067289894
96.15732181855341 17.04339457819675
96.15809429483133 17.043437493740072
96.33963694955668 17.043281930603253
96.15826595569999 17.04368425648339
96.1928075374 17.04374326454007
96.16228389164331 17.043818365110106
96.16160261147003 17.043941751803253
96.15561057838664 17.04399002934332
95.54325148589675 17.044606937403252
96.33815637309675 17.043898836259928
96.30353432711335 17.04401148831661
95.54370209584008 17.044928800716608
96.1928182679166 17.04435480614007
96.16681144730325 17.044419178253428
96.33878937572997 17.044252884600002
96.33807054201012 17.044268977113358
96.3037435363101 17.044338713626715
96.1657975733 17.044585478429966
96.33884838378665 17.04446209379675
96.15441431821661 17.04467130951661
96.59529972832671 17.044268977113354
96.16692946341661 17.044719587056676
96.16610870609674 17.044751772083394
96.188011763594 17.044730315513355
96.33916488510326 17.044612301459928
96.33806518001336 17.044633755970036
96.30370598928664 17.044698130486644
96.19274852934333 17.044832239113354
96.59495104198339 17.044499647343322
96.33885911430326 17.044853695683393
96.16640375290325 17.045052180886643
96.5952782738166 17.044639124489898
96.16693482541335 17.045068273400002
96.1571340703899 17.045132643453428
96.16352842935342 17.04515946648339
96.59430195335992 17.044778595113357
96.15537454615992 17.04522384305993
96.30378108985667 17.045100462889895
96.15727890301011 17.045363313683396
95.99741379218665 17.045593983913356
96.15643669770324 17.045556436889896
95.9950051728101 17.045867569686642
96.31060460562671 17.045556434829965
96.58825090569674 17.045497426773288
96.307412789 17.04584074459675
96.5942697618101 17.045706638029966
96.30953173008989 17.046066052829964
96.30328220237328 17.04607678334657
96.30389910597003 17.046151883916608
96.16588876638339 17.046312811110106
96.1653094098101 17.046318179629964
96.16655931604006 17.04634500265993
96.3076380907101 17.046377185626714
96.16735325032997 17.046522026829965
96.3087377958 17.04639864665993
96.31086209888664 17.046420101170035
96.1687748122101 17.0465971274
96.30383473591661 17.046463016713357
96.15944076135992 17.04660785791661
96.59388352844331 17.046205525513358
96.16150068787003 17.046715143513357
96.16851195695342 17.046720505510105
96.16338895872997 17.046763421053427
96.18549028775993 17.046752695000002
96.15763295787329 17.046833159626715
96.33624128572997 17.04665613545668
96.15967143158989 17.046838528146573
96.3356833901899 17.046720505510105
96.15698923124657 17.04690826019675
96.3101754567166 17.046784880026713
96.16777167524657 17.046956544259928
96.30777756785668 17.046886803626712
96.18602136027003 17.047015550256678
96.18485192312997 17.047042373286644
96.18401507329675 17.0470584658
96.15657616832672 17.0471067454
96.15592707970325 17.047128199910105
96.1634855138101 17.047122837913356
96.59356702712671 17.046747333003253
96.16704747952997 17.04721403099675
96.16158651895668 17.047246222546573
96.30405467562996 17.04727304351661
96.1549346602101 17.047444701226716
96.1861286523899 17.047460798203254
96.15445186524008 17.04754126207466
96.30871097277003 17.047428606653426
96.16172599610326 17.047653916946572
96.1639522227899 17.047809480083394
96.15727890301011 17.047836303113357
96.15504195232995 17.047863126143323
96.15667809192671 17.04798650425343
96.30787949145667 17.047841668268667
96.59465600169999 17.04763245591336
96.59357239564656 17.047739741510107
96.59562159400899 17.047750472026713
96.15562130890325 17.048394198653426
96.30807797665992 17.048394198653426
96.158110387997 17.048565860826713
96.58760717907003 17.048168896943324
96.16384493067002 17.048630237403252
96.5944843395267 17.048206450489893
96.5879719579267 17.04831373608664
96.59534264387003 17.048388836656677
96.59555722069399 17.048431752200003
96.5883474673 17.048485398259928
96.59382452038665 17.048501490773287
96.16222488358665 17.048941370199998
96.58864250758339 17.04859268385668
96.59492958747327 17.048651691913356
96.31004671008664 17.04900037825668
96.16226779912996 17.049214955973287
96.58759644855343 17.048914547170035
96.16559372609998 17.049343702603252
96.16248773884331 17.049477811229966
95.55790702841335 17.050218097503
96.18662754124657 17.049595827343325
96.58763936409673 17.049198863459928
96.1863539541 17.049633380889894
96.18441740707328 17.049638742886643
96.30831937088338 17.049515359970037
96.18570486032671 17.049703112940072
96.30741815099674 17.04973529968339
96.1750726226166 17.049971334759675
96.16431700164657 17.05003570807466
96.58963492055342 17.04964410488339
96.59195771055992 17.049660197396747
96.30848567105993 17.050008885456677
95.55794994532997 17.050786720710107
96.17515308518338 17.05022882606267
96.30748252757328 17.050169817113357
96.30878607848989 17.050309292217168
96.17553395827002 17.05044876488339
96.16029906570324 17.050464857396747
96.30865196471335 17.050464857396747
96.16307245741335 17.050641888089896
95.54505392738665 17.051301707229968
95.55800359138989 17.051301707229968
96.30761127420325 17.05062042705668
96.17526037249675 17.050759904203254
96.16272377107003 17.05078135871336
96.16038489678989 17.051033483453427
96.16435454867003 17.051087129513355
96.30880216585342 17.050985205913356
96.17538375712996 17.0511729606
96.15970897861335 17.051339254253428
96.30900065105666 17.051403630829967
96.30791704500325 17.05149482391336
96.1753783886101 17.051859602770037
96.58699563747004 17.05163966305668
96.17531938055342 17.052111727510106
95.57573314280324 17.052739368146575
96.17522282547328 17.052374589289894
96.15867901209674 17.05240140579675
95.57518597125667 17.053071955453426
96.58690444438665 17.052074180486645
96.1606209290166 17.052637444546576
96.58683470581335 17.052492605403252
95.55030567704657 17.053554756946575
96.17520673295994 17.052975400373285
96.16042244381336 17.053034408429966
95.55062217355668 17.05372641259675
96.15333607415994 17.053270440656682
96.5867274202166 17.053034408429966
95.55947879932997 17.054080467459933
96.30861977968664 17.053383094773288
95.55943052178989 17.054300407173287
96.58427052158339 17.053356271743322
96.58522538752996 17.053458195343325
96.29316493951009 17.05397317534007
95.55829326315342 17.05478856414007
95.56125977807002 17.05500850385343
95.55256408395343 17.0550353286
96.15515460644657 17.05443987779675
96.29292354528664 17.05433795419675
96.58468358450324 17.05419311505343
96.5869527219267 17.05425749162997
96.1552511615267 17.054713463570035
95.56111493892672 17.055351828200003
96.58743551689673 17.054359415229968
96.58180290067328 17.05438623825993
95.55214566555993 17.055443023000002
95.55011792235993 17.05545375351661
95.5446623255 17.05549666905993
96.58408813541661 17.054461338829967
95.55272501561011 17.055512761573286
95.55319708658664 17.05558786214332
96.5865342970101 17.054633001003253
96.1548112821 17.055115797689893
95.54643794224333 17.055775616829965
95.55209201950001 17.055877540429968
96.58325128558339 17.054954859510104
95.5515019324101 17.056017011053427
95.55294496184658 17.056076019110108
96.57840723512996 17.0551372522
95.55056852749675 17.056177942710107
96.57892221512671 17.055158706710106
96.2925641284267 17.05544838499675
95.55187744178339 17.056210134259928
96.29259631345342 17.055759524316606
96.58634654884656 17.05548593854332
95.55075628218339 17.05657491311661
96.58399157381335 17.0555449466
96.57872909844332 17.055555677116608
95.54665788195668 17.05659100562997
95.544506757797 17.056644651689894
96.15135660850001 17.05630132734332
96.57864862935342 17.05595800299675
96.58812752758664 17.05603847208664
96.58619634118338 17.056140395686644
96.1510722922101 17.056644651689894
96.15223636735342 17.05688604591336
96.5879290423834 17.056607098143324
96.15154972518339 17.057148901170038
96.15057877324656 17.057154269689896
96.1520700737 17.057229370259932
96.58604077804657 17.056810945343322
96.15715016290325 17.057288378316606
96.58853522198663 17.057036247053425
96.15027300244657 17.057524410543323
96.58780566427328 17.057154269689896
95.75304328678989 17.058039390540074
96.15175357238338 17.057653157173288
96.58935597278338 17.057513680026716
96.15150680964007 17.058028666546576
96.58880343924007 17.057873096886645
96.15124932290325 17.05840416939675
96.5881436201 17.058141314140073
96.58554188404005 17.058731401229966
96.58555797655342 17.05899961848339
95.55217785058665 17.060045677513358
96.58649674998664 17.059026441513357
96.58543459844331 17.059337574310106
96.58644847244656 17.059396588889896
95.58303945217003 17.060431912596748
96.15614701941661 17.05997593894007
95.82387503122834 17.060469464426717
95.55268746858664 17.060748414805992
96.1560558198101 17.060378273059932
96.58537559038663 17.059954484429966
96.58592812392996 17.060056408029965
96.58385746518664 17.060169062146574
96.15606655032671 17.06068404385993
96.58700636798665 17.060292440256678
95.58201485417328 17.061386778543323
96.1520003351267 17.060925438083395
96.5876661871267 17.060496289173287
95.57874256674006 17.06166036431661
95.58180027645668 17.061692549343324
95.58002465971336 17.061773011910105
95.57917172062832 17.06180520345993
96.58385210318988 17.06082351602834
96.15251532164658 17.061268762429965
96.15586807164657 17.061338501003252
95.58165543731334 17.06211097425993
95.58925679348664 17.062127066773286
95.58015340634331 17.06220752934007
96.15231147444658 17.061638903283395
95.58079177097329 17.062336275970033
96.58526293627003 17.061429694086645
96.1519896046101 17.061992958146575
96.15594853421337 17.06207342071336
96.15496685175992 17.062084151229968
96.15549256227328 17.06214852128339
96.15658689884333 17.06216461379675
95.57792717794007 17.06276006288339
95.58698765125666 17.062786885913354
96.58598713198663 17.061842750483393
96.15166237929999 17.06236846099675
96.58697418295992 17.061998320143324
95.5787962128 17.063071202203254
96.58784857981661 17.062100243743323
95.58982005754656 17.06313557225668
96.58845475289674 17.06217534431336
95.56116322161661 17.063291141916608
96.1513566085 17.0627707934
95.58924070097328 17.063382335
95.58224552440325 17.06344134305668
95.58714858291336 17.063468166086643
95.57981008199674 17.063494989116606
95.5612758692101 17.06369346779675
96.58926477969999 17.06267423179675
95.58389775651335 17.063720290826716
96.58994605987328 17.06276543140325
96.15181794895992 17.063242857853428
95.5904262306267 17.063854399453426
95.58064156331011 17.063972422089897
95.58730951457002 17.064117254710105
96.1506645978101 17.063618367226717
96.15033737249999 17.063827582946573
96.15687657712996 17.063854399453426
96.15695703969675 17.06420845431661
95.58916560040325 17.064911189
95.56321262908338 17.064948742546576
96.15112057627329 17.06441766351336
95.56290149563432 17.065045297626714
95.58820000394006 17.065179406253428
96.58543996044006 17.064224546829966
95.58456830617003 17.065243782829967
95.57667727171011 17.065935788713357
95.59840845988663 17.066037712313356
96.16520748621011 17.065753400829966
96.16403804735342 17.0661342722
96.16251456187328 17.066220102634333
95.59330154765343 17.0668370086
96.5855955301 17.066000165289893
96.16419897901011 17.066702898908993
95.59801149600324 17.067373449629965
96.16326557409676 17.06694966271661
96.58590666289675 17.06672972300325
95.59723902274658 17.067748959003254
96.1618332817 17.067319803570037
95.59395600479675 17.06791525265668
95.60070442514657 17.067925983173286
96.16161870398338 17.067673851910108
95.59521664154332 17.068489240710107
95.59559751332534 17.068532156253426
96.16123247061661 17.068247846486642
95.58221870137328 17.06903641225668
95.59926676422995 17.069213436426715
95.60003387548988 17.069272444483392
95.56290149563432 17.069578215283393
95.58129602045342 17.069867893570034
96.58014530004331 17.069100782310105
96.58012920752996 17.069578215283393
96.57916361587328 17.069862531573285
96.5809606888433 17.06991617111011
96.57982343501335 17.070018094710107
96.58194237129675 17.070114656313358
96.28358948856567 17.070415065116606
96.28365386448988 17.07069401288664
96.58223204958338 17.070635004829967
96.28370750402671 17.07098369117329
96.28375578808989 17.07127336945993
96.28384698117328 17.07186881593733
96.58413105095991 17.07162205099675
96.58527902878339 17.07168642585668
96.28390598922996 17.072163857525343
96.28270436534658 17.07227651020687
96.28377724088338 17.072448170313358
96.2827472808899 17.072668110026715
96.28382015642671 17.07274857911661
95.55547159122534 17.07432571065668
95.55524092229999 17.074701220029965
96.16984233227328 17.07530739311011
96.16751418198663 17.076085234886644
96.1663071913 17.076224705510107
96.16810963107329 17.07650365980325
96.16497682250325 17.076519752316607
96.1675302745 17.076525114313355
96.17507798502534 17.076884532889895
96.17240114798338 17.076981087970037
96.16933807733433 17.07711519659675
96.17513163238989 17.077195665686645
96.17233677792996 17.07726003574007
96.1640970554101 17.0773244106
96.5813469222101 17.077002549003254
96.17254062512995 17.07750679848339
96.57941037707165 17.0771098346
96.17231531689674 17.077721376200003
96.17523891798663 17.07773746871336
96.58132010570324 17.077351235346573
96.16351770535994 17.07809151705343
96.58126109764657 17.077710645683393
96.57936746152834 17.077812569283395
96.17230995489999 17.078295364253428
96.16404877787002 17.078440203396752
96.58119672107003 17.078102247570037
96.58111625850324 17.078531403003254
96.16402732335993 17.079341423283395
96.58102505889676 17.079046383
96.579179707494 17.07921804517329
96.16339968924657 17.07985104128339
96.16868361912671 17.079947602886644
96.16716549564332 17.07997978791336
96.16397903929675 17.080033433973288
96.58092850381661 17.079743755686643
96.57916897893432 17.079808125740072
96.16572247272995 17.08024264317004
96.16356062090324 17.080258735683394
96.16932198416866 17.080285558713356
96.16645203044331 17.080382120316607
96.58082658021661 17.08007098099675
96.16786823032672 17.08048404391661
96.17053433815667 17.080548413970035
95.46237758414333 17.0813906258
96.58078902667003 17.080398212829966
96.57912069943731 17.08058059899675
96.17037876849675 17.080993661916608
96.16378592261336 17.081068762486645
96.0388700830834 17.081218963626718
96.58077293415667 17.080854184770036
96.16639302238664 17.081406718313357
96.16704747952997 17.08144963385668
96.17024465987004 17.08150327991661
96.03846775720325 17.08166421157329
96.58067637255343 17.081213601629965
96.1638824842166 17.08163738854332
96.30836765494657 17.081712489113357
96.58062809501334 17.081573018489898
96.3085768641433 17.082098729003253
96.03713201988666 17.082409861800002
96.16628036827004 17.08236158425993
96.16324411958664 17.082409861800002
95.94997640195668 17.082624439516607
96.03680478805343 17.082624439516607
96.58050471690325 17.082082636489893
96.37095968012673 17.082377676773284
96.30865196471336 17.08245277734332
96.30981603985667 17.08246350785993
96.03760945285994 17.08274245432534
96.3701925753899 17.082490330889897
96.36941473361335 17.082629801513356
96.58046180135992 17.082554700943323
95.54368600332671 17.08364381551661
96.30892018848989 17.082924844405994
95.95129604675992 17.083402414770035
96.3098375008899 17.083096505274657
95.60672864325667 17.0838369322
95.54392740407329 17.083976409346572
96.58040815529999 17.082973123902995
96.16374300707002 17.0834506923101
95.95093126790326 17.083917401289895
96.58044570884657 17.083402414770035
95.60681983634007 17.08448602734657
96.5803062317 17.083815477689893
95.9520899745267 17.084722059573284
95.60680911234657 17.085119023456677
95.95283562475342 17.08486689871661
96.5802150386166 17.084260719113356
96.16419897901011 17.084732790089895
95.95232064475667 17.085086838429966
96.16784140729675 17.084882991229964
96.16675243924658 17.08531750865993
96.58664158912995 17.08563400345343
96.5851073714166 17.085741291110104
96.16397903929675 17.086181175
96.58826699821009 17.085773480599997
96.16621062969674 17.08627773214007
95.50228356824657 17.087184318486642
96.5782087499267 17.086202631570035
96.5882562742166 17.086293829116606
96.58526830307328 17.08642793980325
96.16481589084657 17.087039481403252
96.16640375290325 17.08717895202671
96.58813288958339 17.086857086653428
96.57441612049999 17.087189682543322
96.57563383689674 17.087259421116606
96.58788076484332 17.08725405705993
96.58516637947328 17.087361344716605
96.57639558615992 17.08754373088339
95.58904758428989 17.088729264999998
96.58527366507002 17.087935332770037
95.58971813394658 17.088954566710104
96.58771983318664 17.087988976770035
96.57537098164006 17.08809626442671
95.58894029217004 17.089131597403252
96.5740406111267 17.08825183408664
96.57268878129673 17.088310842143322
95.59758770908988 17.089372992931338
95.59714782314006 17.08960902646267
95.97430395767327 17.089249609053425
96.58519856449999 17.08872389854007
96.5874408854166 17.0891369594
95.97502278487002 17.089818235110105
96.57258149569999 17.089238885059927
95.6089012256 17.090215205516607
95.97466873652996 17.089861150653427
95.60939475108664 17.09037076865343
96.58613197112996 17.089657305959676
96.57255467267002 17.089920158710108
95.60825749897329 17.09097158625993
96.5850269023267 17.09004354334332
95.58654777182996 17.091749423229963
96.57202896215668 17.091116420596748
95.58575920605992 17.09259163505993
95.5861454394267 17.092677466146572
96.59252096809675 17.091867438931335
96.59340609547002 17.091969362531337
95.58435909697329 17.093229999689896
96.59475256330325 17.09277938974657
95.60133205706266 17.093884450310107
96.59266580724007 17.092940321403248
96.59367431924656 17.09309052254332
95.58837166611335 17.09410439654657
95.60062931805342 17.094125851056678
96.59371186627004 17.093487486426714
95.58881691405992 17.094597915510107
96.59320224827002 17.09376643419675
95.58811954137329 17.094892962316607
95.5850028236 17.09514508705668
96.59248878307002 17.09421168214332
95.58901003074331 17.095354296253426
95.61252219546266 17.095520596429964
95.58747044622672 17.095558143453424
95.58853259777003 17.09559033500325
95.58045381514657 17.095976568370034
95.58273904988988 17.096180415570036
95.58800152525993 17.096191146086642
95.58210604725667 17.09629843168339
95.61383647565992 17.096330616710105
96.58543459844333 17.0953918498
95.61289234022996 17.096427178313355
95.58500818559675 17.096690033570034
96.60641476615668 17.096105315
95.58628491657328 17.09730694042834
95.58806053331661 17.097473237017166
96.58934524878988 17.09659884220325
96.5837018955267 17.09669003528664
95.58625809354331 17.097687810253426
96.58415787398988 17.096722220313357
96.58479623446566 17.096743681346574
96.5870331910166 17.096770497853427
95.58513156933732 17.097950665510105
96.58769837215343 17.097199653286644
95.58680526508988 17.098299351853427
96.58641091889999 17.0973176694
96.59010699152995 17.097419592999998
96.58464603136866 17.09766635574332
96.58055299444331 17.098047227113355
96.58355169438664 17.098149150713354
95.5930333304 17.099281040829965
95.58460585817164 17.09936150339675
96.58434026015667 17.098369090426715
95.60370848880325 17.099420511453424
95.592625636 17.099484888029963
95.51340933007003 17.09959217362671
96.31488024492997 17.098857253916606
95.59260954348665 17.099806751343323
96.3151913777267 17.099184479226714
95.6043146618834 17.09991403694007
96.58233934170325 17.099216664253426
96.31375908532996 17.099565350596748
96.31457447412997 17.099635089170036
95.582862428 17.10043438545668
95.58503500969101 17.100445115973287
96.58533267484331 17.099694097226713
95.58309846022671 17.100911818429964
95.58587722217328 17.101013742029963
95.58250301114006 17.10115321265343
95.60596690051659 17.101711114716608
96.58890000084332 17.100879633403252
96.58902874747328 17.101416067910108
95.60601517805668 17.102478222062672
96.1633835902101 17.102081257286642
96.16320120404332 17.102387028086643
95.5967240362267 17.10322387139675
95.6001572536 17.103411626083393
95.59936868782995 17.103454541626714
95.59860157657003 17.103540372713354
96.0963015630166 17.103073670256677
95.60612783217329 17.10378177345993
95.47350871448664 17.10414118379675
95.47394859391335 17.10429139145993
95.5979471194267 17.10416800682671
95.606755465394 17.104446954596746
95.60620293274332 17.104479146146573
96.59980582295341 17.103502825689894
95.6001894386267 17.10458643174332
96.59900653318988 17.103706672889892
95.60745284068989 17.105417913056677
95.60827359148664 17.105482283110106
96.16383420317464 17.10530525894007
96.16598532798665 17.105519836656676
96.16409705843134 17.105771961396748
96.16598532798665 17.105868522999998
96.16487489890325 17.10606163968339
96.16478369929675 17.107139883740068
96.49412136085667 17.10683411294007
95.6012891437166 17.108110843916606
96.49441640114006 17.10735446145668
96.16517530118338 17.107955274497
96.16453157455666 17.108143028531337
95.60134278325341 17.109285643053425
96.38393637417003 17.11084668860325
96.38319608594006 17.11122219145343
96.1577456119899 17.111458230203247
96.38355014080324 17.111286568029964
96.15693022318989 17.11175863248339
96.59083655095992 17.111485046710108
96.15775097398664 17.11212877985993
96.59075071987328 17.11186592460325
96.59153392364657 17.111887379113355
96.15733254907003 17.112788598999998
96.15699995524007 17.11326066517003
96.59064342775342 17.113308947516607
96.59095456707328 17.113437691537328
96.15159800924657 17.114939720310105
96.12561285289999 17.11618962654007
95.73722882147004 17.116591958943324
96.12510859950598 17.1163451962
96.1248294391267 17.116355926716608
96.12565576844332 17.11670997505668
95.73811395055992 17.117251778083393
96.5807353806101 17.11690846025993
96.03613423839676 17.117503909346574
96.1481165078101 17.117412709740073
96.14845447015992 17.117471717796747
96.14776245775343 17.1179759738
96.59849154667003 17.117541456370034
96.14842764712995 17.11812081294332
96.0356085278834 17.118861099868663
96.56962034930325 17.118716262029963
96.28635215562996 17.11964430014007
96.59558940661336 17.119767684773286
96.28631997060324 17.120481149973287
96.28496814077329 17.1209210294
96.28517734997004 17.121495017453427
96.61467058118988 17.12151647848664
96.6153250318101 17.121720325686642
96.61338848341009 17.122052919516605
96.3121012746 17.122369414310104
96.31054559757004 17.122573261510105
96.30996087899999 17.12265909259675
96.31106058408989 17.122696646143318
96.3093707919101 17.12280930025993
96.31025055728664 17.122830754770035
96.61235852145967 17.1233671958
96.28555822134007 17.124332785740073
96.28670084197329 17.124676109434333
96.28472674002671 17.124686837994005
96.2854402052267 17.1248960498
96.61459011209999 17.125432630929964
96.61357623809675 17.12545945395993
96.61411267912672 17.125588200589895
96.61376399278339 17.126312389783394
96.6147027662166 17.126559152526713
96.28408837539675 17.127288714016608
96.3460098540101 17.128822930013357
96.14626579530325 17.129305727729964
96.60746082690325 17.12895703864007
96.14361578170325 17.129445198353427
96.14428633135992 17.129450566873288
96.14265018524007 17.12948811389675
96.34489942492672 17.12930036298664
96.34345104001662 17.12930572498339
96.3442449677834 17.12931109350325
96.60686537585967 17.129096515786642
96.6077826902166 17.12918771161661
96.14579909284657 17.131134987271658
96.14571326175994 17.131687521329965
96.60430119358664 17.132535095156676
96.6039310462101 17.13284622795343
96.3023756204899 17.133506048810105
96.30043370357004 17.133527509843322
96.30136710848339 17.13353824035993
96.30024594888339 17.133795727096746
96.30218786580323 17.13418196698664
96.29985971355967 17.13420342149675
96.30055708820325 17.134439460246572
96.29976315456565 17.134482375789894
96.30180698791011 17.134793508586643
96.61920349884656 17.135024178816607
96.30113107625667 17.13537286515993
96.62165502724332 17.135399688189896
96.29869563865668 17.135791283553427
96.6233769979267 17.135646444410106
96.29960222290899 17.136300901553426
96.29885120831659 17.13634918561661
96.14878169547003 17.1365423023
96.3001654863166 17.136585217843322
96.14866367935667 17.137245036983394
96.29977924773132 17.137169936413358
96.30230051339674 17.13757226881661
96.30284768494332 17.137588361329964
96.2981377431166 17.13765809990325
96.29770322568663 17.138033602753424
96.6051541294101 17.139921875329964
96.60523996049673 17.140136453046573
96.61058826695341 17.141525829899997
96.19378922157004 17.1425450659
96.60620555695992 17.1428508367
96.6069780302166 17.142856198696748
96.6076807666166 17.142936667786643
95.94363031727165 17.14362867195343
96.60915597455667 17.142984945326717
96.60841032432995 17.142990313846575
96.19378922157004 17.1434623783
96.60991771729675 17.143092237446574
95.58972885794006 17.14413292860899
96.6105453514101 17.143135152989892
96.18521133998989 17.14371986675343
96.60615727289674 17.143344362186646
95.94364641043732 17.144031004356677
95.94378588367002 17.144347504368668
96.60610363335992 17.143907626246573
95.94395218384656 17.144615724231336
95.94405946944332 17.144996596013357
96.60610899535666 17.144578173294008
96.61182744918989 17.144610362646574
96.28353584665993 17.144959048989897
96.18424038152996 17.145141435156678
96.60602316427003 17.1452862743
96.61189181924331 17.145318459326713
96.28275800488339 17.145758338753428
96.18442813621661 17.145930000926715
96.1836234714101 17.146300148303254
96.28223766288988 17.14625723275993
96.60761102804331 17.14594073144332
96.60915597455667 17.14595682395668
96.61038978827328 17.14595682395668
96.60655960505966 17.145983646986643
96.18459442987003 17.14641279589675
96.61181135015343 17.146010470016606
96.63021145259675 17.146123117610106
96.62963210254657 17.14616067115668
96.1836020169 17.146627373613356
96.63017926757004 17.146552273043323
96.18436375964006 17.14726573824332
96.61781411375341 17.147201368189897
95.60070978714332 17.14855319149675
96.61742251838989 17.147544686013354
96.1494307906166 17.14930421195993
96.15057877324656 17.14933639698664
96.15050366615343 17.14971190635993
96.2782036279101 17.150538019153426
96.27776375044033 17.150784781896746
96.14808969130324 17.15103154464007
96.27823045094007 17.150918897046573
96.19844016014659 17.151138836759927
96.27764036906865 17.151112013729964
96.2781821734 17.151171021786645
96.27871861442995 17.15125148435343
96.27863814534007 17.15150361561661
96.19815048185993 17.15174500984007
96.19782861854658 17.152335096929967
96.40446593365667 17.152748153326712
96.3644848489834 17.153096839670035
96.4040314162267 17.153214855783393
96.36449021750326 17.153445526013357
96.3660029789899 17.153558180129963
96.40389730759999 17.153542087616607
96.40344669765668 17.15382639738339
96.19580087054007 17.15425018429675
96.40230408182995 17.1541428987
96.34504426407004 17.154400391959932
96.19843479162672 17.154555955096747
96.19775887997329 17.154582778126716
96.19692203014007 17.15460423915993
96.40096834451336 17.154572047610106
96.19935210402673 17.154829540870036
96.3668290917834 17.154813450073288
96.40242209794332 17.15479198904007
96.40204122657329 17.154963651213357
96.19187413248665 17.155178228929966
96.36598687995343 17.155044120303252
96.36669498315669 17.155113852353427
96.40164962468663 17.155081667326712
96.40092006697327 17.155124582870037
95.44476625722672 17.156133088353428
96.1598967333 17.155435722189893
96.19773741894008 17.155435719168665
96.19846697665344 17.155441083774654
96.19205115665669 17.1554571767
95.44382749031661 17.15627792749675
96.18326942307003 17.155564464494006
96.18400434930325 17.155591286871662
96.34437907641012 17.155451812334334
96.34480286984657 17.155457176940324
96.19188486300325 17.155789770529964
96.34479750132672 17.15570393944332
96.36658232904007 17.155682478410107
96.34981858247329 17.15570930144007
96.18477682255993 17.155929241153427
96.40094689000324 17.155773678016608
96.15900624392997 17.156047263789894
96.39949849857004 17.155811225040072
96.34459365412673 17.155923879156678
96.37715040679674 17.15589705612671
96.16426871758338 17.156138456873286
96.3474850701899 17.155982887213355
96.16486416838664 17.156213557443323
96.18843555311662 17.156235011953427
96.36186165669676 17.156149187389893
96.40051237257327 17.156213557443323
96.16616771415342 17.156449589670036
96.39951459108337 17.15627792749675
96.36221034540898 17.156395943610107
96.37720405285667 17.15642276664007
96.34610105207166 17.15646568218339
96.36346025098663 17.15648714321661
96.19378921985344 17.1566802599
96.3629452709899 17.15653005875993
96.34664285835993 17.156733905959932
96.37785314800324 17.156712444926715
96.1921959958 17.156916292126713
96.36387867590327 17.156755360470036
96.39963260719674 17.15677682150325
96.34627807950326 17.156921660646574
96.375149487691 17.156905561610106
96.59019818461334 17.156707082929962
96.16611943661334 17.157163054870036
96.3994341285166 17.157028946243322
96.19249640460326 17.157264978470035
96.18987857602997 17.157463463673288
96.36277360881661 17.15736154007329
96.36347098150326 17.15736154007329
96.39950922908663 17.157474194189895
96.59980582295341 17.15733471704332
96.19246421305343 17.15780678149675
96.60118984083132 17.157479556186644
96.3337575705899 17.15781751201336
96.36331541184333 17.15779068898339
96.3656060085834 17.157790688983393
96.60284207815992 17.15756001875343
96.345881111706 17.157865789553426
96.36277360881661 17.157865789553426
96.18018489684657 17.158134013329963
96.60365746695993 17.157720950410106
96.18778645927466 17.15814474384657
96.34636927087004 17.15804282024657
96.6002618014166 17.157790688983393
96.34646046567005 17.15816083635993
96.33385949418991 17.1582091139
96.60436020164332 17.157940896646572
96.3189303659 17.1583110375
96.36350852852672 17.15830567550325
96.31828127075343 17.158380776073287
96.36555236904658 17.158407599103253
96.32089910104332 17.15853633921011
96.1741553102166 17.158788470473286
96.17572707495343 17.158842110010106
96.33307629041661 17.158697277389894
96.60508975935667 17.158429053613357
96.18032436747004 17.15886357104332
96.1854366417 17.15886893304007
96.1895352516834 17.15891721710325
96.31871042618664 17.158793832470035
96.60611435735342 17.158654361846573
96.3193273315 17.15897085664007
96.31811497710001 17.159056687726714
96.36249465843733 17.15901914070325
96.31985840401012 17.15908887275343
96.1855492958166 17.15923371189675
96.33293681327004 17.15908887275343
96.17349548455343 17.159389281556678
96.34472776275342 17.159249804410106
96.60131858680899 17.158997679670037
96.31879625727329 17.159389281556678
96.34565044212835 17.159416104586644
96.31844220241011 17.159453651610107
96.31960091727329 17.159518028186643
96.3452534797899 17.15957703624332
96.3327490585834 17.159609221270035
96.6062538345 17.159485843159928
96.17359204615667 17.160226131389894
96.18925630391337 17.160220764586644
96.18279199009675 17.160612366473288
96.18346790827329 17.160617728470037
96.18416528095992 17.160730382586642
96.18017416632996 17.16084303433433
96.60223053655992 17.16045679509675
96.17339892947328 17.161036152974656
96.60607681032997 17.160639187134333
96.1890256336834 17.161164900016608
96.31051341254332 17.16108979944657
96.3190430152101 17.161218539553428
96.31868896687004 17.161374109213355
96.31050268202671 17.161492125326713
96.60605534929674 17.16141702475668
96.31057778259674 17.161830081153425
96.3201105352733 17.161846180189894
96.18254522735343 17.162087574413356
96.18470172198988 17.16211439744332
96.31235876785993 17.162318244643323
96.60391495369674 17.162109035446573
96.60598024872671 17.162109035446573
96.33638075635344 17.162634745959927
96.60463378741659 17.162607922929965
96.15818012289674 17.16324091904007
96.31166139517327 17.163686166986643
96.31224611374331 17.163825637610106
96.15936029227004 17.164093861386643
96.31092110694331 17.16395975275993
96.16093206181336 17.164142138926714
96.15843225415992 17.164174323953425
96.15933346924007 17.164426455216606
96.18294219775993 17.164523010296747
96.30820672328989 17.164909250186643
96.30802433059999 17.165375952643323
96.16005230295994 17.16568708544007
96.16115200152672 17.165713908470035
96.30704264814656 17.16578900904007
96.30775611334656 17.16579437755993
96.16007375747003 17.166148425899998
96.16113590901335 17.16619134079101
96.16933271272833 17.166266442665666
96.30070192734657 17.166137697340325
96.30682270191011 17.166143061294008
96.3005946352267 17.16642737497466
96.30652766293133 17.166502476197003
96.30622725797329 17.166781562010105
96.30084676648988 17.166915677159928
96.29929644974007 17.16695859270325
96.16957410849675 17.167098063326712
96.30617897391011 17.167044423789893
96.29961295146866 17.167124886356675
96.30094332157003 17.167275087496748
96.29797681145993 17.167291180010103
96.30134565397327 17.167478934696746
95.57527716434006 17.168229953443323
96.29967195952534 17.167543311273285
96.29804118151336 17.167645234873284
96.1697725937 17.167961736189895
96.16828129324657 17.16832114652671
96.16752491250324 17.16860009429675
96.16778776775993 17.169131173329962
96.18181030901661 17.169329652010106
96.53587806055668 17.169426215673283
96.181590366694 17.169844638529963
96.34169687778339 17.17179191298339
96.34178807738991 17.17226934595668
96.34223868081011 17.172585847273282
96.34244789652996 17.173454875610105
95.47099817631661 17.174474113326713
96.3425229971 17.17388939304007
96.34197046355669 17.174211256353423
96.34267319824008 17.174270264410104
96.34388018892672 17.17454385018339
96.3428180373834 17.174753063294006
96.34377826532672 17.1749622751
96.34223331881336 17.175160757694005
96.34297360704332 17.17519294402534
96.34214212572996 17.175461164299996
96.34300579207004 17.17557381841661
96.34339739395668 17.17646430778664
96.34256591264332 17.176534046359926
96.34337593944659 17.177054388353426
96.3435315025834 17.17753718984657
96.63314578420326 17.179350353613355
96.73961860412996 17.18337365327003
96.59025719373432 17.18602903058339
96.59153928564331 17.18607731464657
96.20441610071661 17.1875686151
96.59010699063731 17.187380860413356
96.20412642242997 17.18801922504332
96.20396012225343 17.188394734416605
96.35871275561337 17.19275062790325
96.35715171658666 17.193179776813356
96.35814412955668 17.193399716526713
96.35664746254034 17.19351237064332
96.3575755035 17.19381277944657
96.3585947395 17.193877149499997
96.35680302959102 17.193936157556678
96.57872373644656 17.1967202815
96.57936746307328 17.19741765418664
96.57861108232996 17.197449839213355
96.59179677890324 17.198790938526713
96.5922312898101 17.198871407616608
96.59254242912996 17.198946508186644
96.59120669181334 17.198978693213355
96.6276472700834 17.200802587496746
96.62744879140325 17.201414129096747
96.62675678071335 17.203613534470033
95.70850246324657 17.2095520664
96.62138680484006 17.208919070289895
96.62134388929675 17.209273118629962
96.62111322558988 17.209766644116606
96.62465909055666 17.21430492466267
96.6243157662101 17.214803813972534
96.61969165581336 17.21515786645993
96.61658030655992 17.215474361253428
96.617680006191 17.215506552803248
96.61721330267002 17.215731854513358
95.46315005739999 17.216976396006864
96.617631726694 17.215935701713356
96.61695580941009 17.21655260857166
96.49914244165993 17.216954938365667
96.15284254695668 17.217319718286642
96.6179750454101 17.217308987770032
96.1533038874166 17.218113646053425
96.61884408198664 17.217705951653425
96.61760490455667 17.221391300289895
96.61649983747003 17.221841903710107
96.61069019055341 17.2235424216
96.74191456938988 17.224320256853424
96.6129807890101 17.225596986113356
96.74198966995992 17.22588130240325
96.7399190064101 17.22592957994332
96.7409489729267 17.22594031045993
96.60019206284332 17.228284548453427
96.5979175586166 17.22871370388664
96.59697342318663 17.22953445468339
96.5982447839267 17.229566639710107
96.6035233518101 17.229909964056677
96.59431267735343 17.22994751760325
96.60175846558339 17.230290835426715
96.59731137901335 17.230854099486642
96.60178528861334 17.23102576165993
96.60113083277466 17.231449548573288
96.60191403524331 17.231583657199998
96.6113607402101 17.2326028932
96.60661325135993 17.233235891026712
96.6313379759101 17.233241259546574
96.60251484632671 17.233418282
96.60496638124656 17.23354703034657
96.60007404672996 17.23370259348339
96.59838962307003 17.234244396510107
96.60359309038338 17.234244396510107
96.6026060394101 17.234550167310104
96.60503611329675 17.23511343137003
96.60114156133432 17.23539774765993
96.60689219912996 17.236889048113355
96.60665079838338 17.23715727188989
96.61054535141011 17.237210911426715
96.47323238451011 17.23822478714657
96.4760755213166 17.23828379520325
96.6154269554101 17.238219416910106
96.60864635655668 17.238256972173286
95.40329387220001 17.23946396285993
96.4742408965166 17.238444726859928
96.47488462314331 17.23854128194007
96.60933836724656 17.23853055794657
96.61632281329999 17.238691487234334
96.60908087398664 17.238702213596746
96.60879655769673 17.239185015089895
96.61812525307329 17.239415678796746
95.40247312140326 17.240788969659928
96.61879580190597 17.23959270948989
95.40302028642671 17.240874800746575
95.40250530642996 17.241110832973284
96.61276085410324 17.23995211982671
96.61197765032995 17.24007550445993
95.40292373134656 17.241539981883392
96.61281986215992 17.24044028331661
96.60908087398664 17.240526114403252
96.61211712095343 17.2406334
96.60394177672671 17.240644130516607
95.40289153979674 17.24204959988339
96.61284668518988 17.24086943222671
96.60396859975668 17.2409606253101
96.60395250724332 17.241196664059927
96.60348044278989 17.241657997996747
96.6006802198101 17.242092515426712
96.60126494490325 17.242537763373285
96.60865708707328 17.24256458640325
95.40174892568663 17.24378766960325
95.40292909334332 17.244082709234334
96.59330417187002 17.24433483634332
96.59827160695667 17.244930285429966
96.59726846347002 17.245273603253427
96.59466136369674 17.245370164856677
96.59989702255993 17.245402349883392
96.59870076238988 17.245734943713355
96.59517098169674 17.24592806039675
96.5992318349 17.246207014689894
96.59562696015992 17.24626602274657
96.59487057941661 17.24631966228339
96.59538555941336 17.246593248056676
96.24912301134657 17.24941492252534
96.60401687729674 17.249463202674654
96.60379693758338 17.250133891026714
96.60246120678988 17.251206773086643
96.60449431027003 17.251308696686642
96.60427437055668 17.25158764445668
96.60218225249673 17.251721753083395
96.60446212524332 17.25190414577329
96.60175310187003 17.25242985354007
96.60349116678339 17.252799997140073
96.60911305901335 17.253062856173287
95.58528713988989 17.254098180910105
96.6032175810101 17.253293522626716
96.60384522164657 17.2533632612
96.59745621815668 17.253534920626713
96.60315857295342 17.253588562910107
96.60336242015342 17.25394261777329
96.60058902672671 17.254302031886645
96.60446748724006 17.254334216913357
96.5974186646101 17.25474727331011
96.59623849695342 17.254800919370037
96.60017597032996 17.254956489029965
96.5978156350166 17.255321267886643
96.59856664724006 17.25539636845668
96.6000686782101 17.255771877829964
96.59734893255992 17.256131294689894
96.60352335181011 17.256179571062674
96.60856589398989 17.256201026740072
96.60297618678663 17.256415604594007
96.5978049045 17.256538989089897
95.86453718134007 17.25728463931661
96.60110937524331 17.2565604436
96.60035835649674 17.256576536113357
96.60174773987328 17.256576536113357
96.59932302798339 17.256785745310104
96.59585762754031 17.25681793685993
96.59767079587328 17.256994961029967
96.60005258569674 17.256994961029967
96.60319076450324 17.257166623203254
96.59888314855667 17.25722026274007
96.60841032432995 17.257263178283395
96.59730064849674 17.257370470403252
96.59987019952996 17.257660148689897
96.59574497472832 17.257724518743323
96.60372719901011 17.257799621029967
96.60312102592997 17.257853267089896
96.5951656197 17.258121483931337
96.60392568421335 17.258239500456682
96.60223053655992 17.258368247086644
96.59482766387328 17.258378975234333
96.59249951358663 17.258491627394008
96.60154925467003 17.258539906891013
96.59648525969675 17.258609644159677
96.59515488918339 17.258625737325346
96.5941463837 17.25900124319675
96.59616876490324 17.259129989826715
96.6042958315899 17.25921045891661
96.5945433475834 17.259392845083394
96.5846782177 17.2600151172
96.60161362644007 17.260009755203253
96.59319151775343 17.260084855773286
96.59785855055992 17.26012777131661
96.59410883015342 17.260143863829967
96.59562695796266 17.260192141370037
96.59707534678662 17.260320888000003
96.59759569530324 17.26053009719675
96.58509664065966 17.260819775483395
96.59661400632672 17.260894876053428
96.59755814175668 17.260905606570034
96.58479086985966 17.26114700731661
96.59754741124007 17.261372309026715
96.59469355524656 17.261624440289893
96.59398545204331 17.262649038286646
96.59359385015668 17.263249851086645
96.59308959415341 17.263904308229968
96.59377087432671 17.26396331628664
96.59282673889675 17.264784067083394
96.22128713940326 17.265325870110104
96.59258534467327 17.265089837883394
96.22131932442997 17.26576575605993
96.5936474962166 17.265878403653428
96.22234928614007 17.267208778973288
96.22102964614334 17.26749308874007
96.22230637059675 17.267627203889894
96.2210671996899 17.26810999885993
96.57155152918338 17.27238006125993
96.57190021552671 17.27319545005993
96.58253245838664 17.27546458748339
96.58233934170323 17.275824004343324
96.58252172787002 17.276022489546577
96.57916897787003 17.27609222159675
96.57908851530324 17.27651064651336
96.55697088410327 17.27666621617329
96.58111088998339 17.2768003248
96.55759851821662 17.276918340913358
96.57898659170326 17.276923702910107
96.58169024655666 17.277025626510106
96.58114307501009 17.277052449540072
96.57890612261335 17.27717583417329
96.58167415404333 17.27725629674007
96.58115380552671 17.277326035313358
96.57887393758664 17.277449419946574
96.58131473718339 17.277663991140074
96.57889539209674 17.27772299919675
96.57845551267002 17.277760552743324
96.58140593678989 17.277894661370034
96.5813469222101 17.278157516626713
96.58254855089999 17.278313086286644
96.57808000329675 17.278318448283393
96.57891685312995 17.278345271313356
96.57848769769674 17.278350633310104
96.58057981747328 17.2784311024
96.58162587650324 17.278468655946575
96.58259146644332 17.278533026
96.57887393758664 17.278581303540072
96.58108943547327 17.278618857086645
96.5816634235267 17.278811973770036
96.5811430750101 17.27884952731661
96.58238761924332 17.278967543429964
96.58187263924657 17.279080197546577
96.56449734455667 17.279117744570037
96.5813254677 17.279133837083393
96.58145421432997 17.27935377679675
96.19931455700325 17.28011552125343
96.19995291682672 17.28128496491661
96.56170764381011 17.281719482346574
96.56125703730001 17.281987699600002
96.58314936198337 17.28297475057329
96.58300452284007 17.283242967826716
96.60051392615668 17.28388669445343
96.59554649107002 17.285259980510105
96.59551966804005 17.28556038931336
96.59517098169674 17.285640858403255
95.83618096397004 17.29709935714657
96.5730911137 17.2972656508
96.57380994089675 17.297276381316607
96.57415862724005 17.297330020853426
96.57344516204006 17.297394397429965
96.5729087210101 17.297657254746575
96.5690249002166 17.30274806794332
96.56956670324331 17.30306456925993
96.5623889239834 17.303584911253427
96.5612463098733 17.30430374497329
96.57494719472672 17.304491499659928
96.56233528444658 17.30504939691661
96.55252379101012 17.30507621994657
96.5749954787899 17.30509767445668
96.5617773823834 17.30530152165668
96.55436914632672 17.305322979668667
96.57075223289675 17.30548391132534
96.57493646421011 17.305682393026714
96.56278073717465 17.30585941719675
96.57435711415992 17.305972071313356
96.56217971478665 17.30611154845993
96.56314551603134 17.30612227245343
96.57370265505966 17.306181280510103
96.57465751644006 17.306460234803254
96.57321449181009 17.30677672959675
96.57460387690324 17.30702886085993
96.57134768198338 17.30713078445993
96.57582159158338 17.30754384085668
96.57454486884657 17.30763503394007
96.55141873044658 17.31206602799675
96.55033511787005 17.31210358154332
96.54984695829401 17.312119674056678
96.54966993347168 17.312285967710103
96.55075354278665 17.312344982289893
96.55060870364332 17.313417857826714
96.54976112785968 17.31353051194332
96.55148310050001 17.314061584453427
96.55120951472672 17.314893072289895
95.9549009197834 17.31693153948339
96.55074281227004 17.316513121089894
95.95480972669999 17.317167571710108
95.95479899618338 17.31760208914007
95.95460051750325 17.31787031291661
95.95438057778989 17.318310192343322
95.54027424698664 17.32630315040325
95.54127739047328 17.326501629083392
95.5398933756166 17.32749404466267
95.54094479664332 17.329226744970036
96.62607013854333 17.334129948386646
96.62650465597329 17.33471466695668
96.63168666225343 17.341742031265667
95.86915593145667 17.354761427010104
96.49614910234007 17.354782888043324
95.8693329556267 17.35541588415343
95.86923640054658 17.355753846503255
95.86754661155967 17.35764211084007
95.86717110242671 17.357695758616607
95.86704235579674 17.35879009518664
95.86698334774007 17.359160236040072
95.86671513048664 17.359648399529966
96.21096066905994 17.35938017575343
96.2107836448899 17.359712769583393
96.21021501231012 17.359943439813357
95.86703163180326 17.360576442446572
96.21022038082998 17.360259941129968
96.21062807522998 17.360469150326715
95.86702626328338 17.36100559135668
96.21003799009702 17.360866114210104
95.83453409214007 17.36165468650325
95.86723547900326 17.3618638957
95.86755734077165 17.361906811243323
95.86511653791337 17.36266319198664
95.8345877382 17.362818761646572
95.73240622724333 17.36293140924007
95.86477858208664 17.363204996729966
95.86530965459674 17.363306920329965
95.8659855727733 17.36343566695993
95.86682778460325 17.363644876156677
95.86776655151336 17.363666337189898
95.86584609562671 17.363945284959932
95.86807232231335 17.36395064695668
95.86646836774332 17.364116940610106
95.86662929939999 17.36440661889675
95.86647372974006 17.365329299816608
95.8663932671733 17.365645794610106
95.68193237685668 17.372254737813357
95.92788559207003 17.3729521105
95.92794460012671 17.373182780729966
95.68082194777328 17.37439513406567
95.67846161074331 17.3776407361
95.86696725522671 17.37805379249675
96.01330335165343 17.378375655810103
95.86166186431335 17.378697525646572
95.862241219994 17.378928189353424
95.86285812448338 17.378944288389892
95.86311561945993 17.378976473416607
95.86381835414332 17.37909448952996
96.01225193062672 17.379228600216607
95.86358768391335 17.3794753609
95.86644154471335 17.379652385070035
95.68069319942671 17.379856232270036
95.86339456722996 17.37982940924007
95.86228413553732 17.382238024153427
95.86498242928664 17.382742281873284
95.862144661 17.382806651926714
95.8645210888267 17.3836917793
95.86422604854332 17.384587637189895
95.86402220134332 17.38496314004007
95.86379153111335 17.385499581070036
95.86358232191661 17.385858997929965
95.62376597559674 17.386513455073285
95.86270792505994 17.38668511724657
95.62792359525342 17.387087443126713
95.85878654900326 17.38763461467329
95.85820719242996 17.387725807756677
95.85940881459675 17.387725807756677
95.85757418979674 17.38783309335343
95.856758803606 17.387972570499997
95.85574493179999 17.388203240729965
95.85507974414006 17.388348079873285
95.8601973868899 17.388348081589893
95.8562652803166 17.388390995416607
95.85393713002996 17.38852510404332
95.85308955620326 17.38869140030599
95.85959120728664 17.388787961016607
95.86010618728338 17.388814784046573
95.85829302351661 17.38892206964332
95.8511905531101 17.3889810777
95.85878654900324 17.38902935524007
95.8492218196834 17.38934585655668
95.84852444699675 17.389496057696746
95.85934980654007 17.390568939756676
95.8599935396899 17.390724509416607
95.85864707185667 17.390788879470033
95.86100204517328 17.390831795013355
95.85791751414332 17.391062465243323
95.86103959219675 17.39113220381661
95.85897966568663 17.391298497470036
95.85823937745667 17.391454067129963
95.84589589312534 17.39212997878339
95.8600954632899 17.39219435535993
95.8551333902 17.3923445565
95.85456476414332 17.39240356455668
95.8560292480899 17.392457210616605
95.85415706974332 17.39273079638989
95.85884555705994 17.39274688890325
95.85836812408664 17.39290245204007
95.85929616700324 17.39294000558664
95.85476861134333 17.393004375640068
95.8576707514 17.393181399810103
95.85407660065343 17.39321359135993
95.8573971639101 17.393267230896747
95.8608196524834 17.393760756383394
95.85333631894656 17.393787581129963
95.8598218775166 17.39416308813433
95.8588938346 17.394538596202995
95.84862637059675 17.394624424440067
95.85393713002996 17.395193050496747
95.85184501025341 17.395364712670034
95.84972071368989 17.395815322613355
96.5202354735899 17.414735563816606
96.51961320147329 17.414907225989893
96.51973121758664 17.415239813296747
96.52050369084333 17.41639852579101
96.52007453541012 17.416489720831336
96.52049296032672 17.416747352886645
96.52056806089675 17.41701557014007
96.52071290004008 17.41752518814007
96.52054660638666 17.418126005746572
96.51951127787329 17.418340576940068
96.52029984364333 17.41843177654657
96.51991360375342 17.418501508596748
96.52061097644008 17.418930664029965
96.5211527859899 17.41904331814657
96.52117960249674 17.420164477746575
96.52086310770326 17.420255670829963
96.5197473101 17.420427333003254
96.51917332204658 17.420539980596747
96.52160875792997 17.42124272180325
96.51984387170326 17.421505577059932
96.51887827524007 17.421537762086643
95.81641315374657 17.422889587453426
96.5217053130101 17.42246580500325
96.52174822855343 17.422809124131334
95.81642924625993 17.423517228089892
96.52069144552996 17.422932505503
96.51853495741662 17.422991513559673
96.51969366404008 17.42310953032534
95.82758183111335 17.423855183916608
96.51748889838666 17.423270465346572
96.51661986483134 17.423463582029964
95.81693886425992 17.424171678710106
96.51755863695993 17.423544044596746
95.81284582513733 17.424278970829963
96.51495153718665 17.423758622313358
95.82809144911334 17.424472089229965
95.82723314477003 17.424697390940068
96.52206472987004 17.42407512362996
96.5215712043834 17.424187777746575
96.51507491529675 17.42430579385993
95.82919115200599 17.425013892497002
96.52216665347004 17.424407712653426
95.82324203014008 17.425255293003254
95.8279948875101 17.425341124089893
96.52216665347004 17.4246491134
95.82718486722996 17.425357216603253
95.82892829894658 17.425915112143322
96.51659840705969 17.42545914020325
96.52241341621337 17.425523510256678
95.8278500548899 17.42647300768339
95.82882637534657 17.42657493128339
96.51663059339101 17.425984850716606
96.52245096975994 17.42606531328339
96.51866906604333 17.426194059913357
96.52189843621662 17.426210152426712
96.5211527859899 17.42628525299675
96.51819163307005 17.426290621516607
96.5207343610733 17.426403269110104
96.51866370404659 17.426456915170036
95.8271687747166 17.42745469665993
95.82852596654332 17.427674636373286
95.82753355357329 17.428549033229963
95.82682008837328 17.428747511910103
95.831835801 17.431526273856676
95.83164804631335 17.4318749602
95.82367654757003 17.436472247910103
95.8239876868899 17.436568809513357
95.8243363667101 17.436767294716606
95.84065487185342 17.437276912716605
95.83892217065342 17.43774897717003
95.83459846717165 17.438194225116607
95.82172926865343 17.440162958543322
95.80554466718664 17.443129468653424
95.8114830573 17.458423514083393
95.81271707915968 17.458546898716605
95.81240036969999 17.45857372174657
95.81481456117328 17.4587614699101
95.80803374741336 17.45908870174332
95.81738947420325 17.45984508248664
95.8166921015166 17.45990409054332
95.81736265117328 17.460274231396745
95.81660627042996 17.4606765638
96.69674095287003 17.47245142454657
96.69624206538663 17.473111243686642
96.39228874908989 17.486833379573284
96.66463481185994 17.486978218716608
96.61136610872995 17.503919134359926
96.58453874535992 17.504015689440067
96.56885860484657 17.54234447087329
96.56850454998337 17.542762895789895
96.23876435288665 17.61076216641336
95.77884604564007 17.61792900515668
95.77872802952672 17.618642470356676
95.77960242638338 17.618706840410105
95.77900697729675 17.619200368505993
95.77988137415342 17.619227190231335
96.21270946277329 17.63165664348339
96.21233931539675 17.63338398203433
96.21212474420327 17.634580244573286
