E47G059005 3883 5826 4073 5826
E46G059090 3883 5825 4073 5825
E47G070009 3884 5825 4063 5825
E47G078003 3884 5826 4057 5826
E47G080008 3884 5826 4054 5826
E46G057093 3884 5825 4075 5825
E47G078015 3884 5826 4057 5826
E47G073010 3884 5826 4061 5826
E46G088091 3884 5825 4048 5825
E47G082004 3883 5825 4052 5825
E47G071017 3884 5826 4063 5826
E46G064093 3883 5825 4069 5825
E47G063004 3884 5825 4070 5825
E47G063012 3884 5826 4070 5826
E47G061004 3883 5825 4071 5825
E46G091092 3884 5826 4045 5826
E47G065005 3884 5826 4068 5826
E46G069096 3883 5826 4064 5826
E47G080012 3884 5826 4054 5826
E46G080085 3884 5826 4054 5826
E47G083005 3884 5826 4052 5826
E46G072092 3883 5826 4061 5826
E47G061014 3883 5825 4071 5825
E46G081088 3884 5825 4054 5825
E47G074005 3883 5826 4060 5826
E47G087004 3883 5825 4048 5825
E47G065016 3884 5825 4068 5825
E46G081096 3884 5826 4054 5826
E47G056010 3883 5826 4076 5826
E47G070017 3884 5826 4063 5826
E46G084086 3884 5825 4051 5825
E46G071091 3884 5825 4063 5825
E46G074090 3883 5825 4060 5825
E46G078085 3884 5826 4057 5826
E46G076090 3884 5825 4057 5825
E47G075005 3884 5826 4059 5826
E47G058001 3884 5825 4075 5825
E47G066008 3883 5826 4067 5826
E46G069090 3883 5825 4064 5825
E47G070003 3884 5826 4063 5826
E47G058008 3884 5826 4075 5826
E47G070002 3884 5825 4063 5825
E47G081011 3884 5825 4054 5825
E47G064014 3883 5825 4069 5825
E47G078002 3884 5825 4057 5825
E47G062003 3884 5826 4071 5826
E46G080088 3884 5825 4054 5825
E46G079095 3883 5825 4055 5825
E46G062095 3884 5825 4071 5825
E46G088087 3884 5826 4048 5826
E46G086090 3884 5825 4049 5825
E47G074010 3883 5826 4060 5826
E47G082008 3883 5826 4052 5826
E47G076007 3884 5825 4057 5825
E47G071016 3884 5825 4063 5825
E46G084087 3884 5826 4051 5826
E47G083003 3884 5826 4052 5826
E46G090089 3883 5826 4046 5826
E47G084003 3884 5826 4051 5826
E46G060090 3884 5825 4073 5825
E46G072093 3883 5825 4061 5825
E46G082093 3883 5825 4052 5825
E47G082003 3883 5826 4052 5826
E47G079005 3883 5826 4055 5826
E46G085096 3883 5826 4050 5826
E46G070093 3884 5825 4063 5825
E47G060002 3884 5825 4073 5825
E47G073004 3884 5825 4061 5825
E46G060091 3884 5825 4073 5825
E47G067015 3884 5826 4066 5826
E47G081010 3884 5826 4054 5826
E47G064013 3883 5825 4069 5825
E47G062008 3884 5826 4071 5826
E46G087093 3883 5825 4048 5825
E47G076015 3884 5826 4057 5826
E46G081089 3884 5826 4054 5826
E47G055004 3884 5825 4078 5825
E47G080006 3884 5825 4054 5825
E46G062089 3884 5826 4071 5826
E47G085004 3883 5825 4050 5825
E47G076004 3884 5825 4057 5825
E47G067011 3884 5825 4066 5825
E46G071086 3884 5825 4063 5825
E47G077013 3883 5825 4057 5825
E47G065008 3884 5826 4068 5826
E47G075007 3884 5825 4059 5825
E46G092091 3883 5825 4043 5825
E47G060005 3884 5826 4073 5826
E47G062001 3884 5825 4071 5825
E47G067009 3884 5825 4066 5825
E46G073094 3884 5826 4061 5826
E46G072089 3883 5826 4061 5826
E46G063092 3884 5826 4070 5826
E46G071092 3884 5826 4063 5826
E47G083009 3884 5825 4052 5825
E47G084008 3884 5826 4051 5826
E47G089002 3884 5825 4046 5825
E47G079007 3883 5825 4055 5825
E46G086095 3884 5825 4049 5825
E46G075089 3884 5826 4059 5826
E47G066001 3883 5825 4067 5825
E46G076095 3884 5825 4057 5825
E47G071009 3884 5825 4063 5825
E46G086093 3884 5825 4049 5825
E47G067004 3884 5825 4066 5825
E46G087088 3883 5825 4048 5825
E46G070087 3884 5826 4063 5826
E47G068009 3884 5825 4065 5825
E46G079091 3883 5825 4055 5825
E47G062007 3884 5825 4071 5825
E46G082094 3883 5826 4052 5826
E47G075014 3884 5825 4059 5825
E46G075096 3884 5826 4059 5826
E47G061007 3883 5825 4071 5825
E47G081006 3884 5825 4054 5825
E46G077093 3883 5825 4057 5825
E46G066092 3883 5826 4067 5826
E47G060013 3884 5825 4073 5825
E46G094093 3884 5825 4042 5825
E46G078093 3884 5825 4057 5825
E47G074007 3883 5825 4060 5825
E46G090096 3883 5826 4046 5826
E46G082091 3883 5825 4052 5825
E47G065014 3884 5825 4068 5825
E46G089090 3884 5825 4046 5825
E47G064003 3883 5826 4069 5826
E46G086091 3884 5825 4049 5825
E47G056004 3883 5825 4076 5825
E46G056095 3883 5825 4076 5825
E46G087089 3883 5826 4048 5826
E47G070004 3884 5825 4063 5825
E47G088002 3884 5825 4048 5825
E47G061015 3883 5826 4071 5826
E46G057096 3884 5826 4075 5826
E47G071011 3884 5825 4063 5825
E47G063007 3884 5825 4070 5825
E46G079092 3883 5826 4055 5826
E46G089096 3884 5826 4046 5826
E46G072085 3883 5826 4061 5826
E46G067094 3884 5826 4066 5826
E46G074095 3883 5825 4060 5825
E47G076013 3884 5825 4057 5825
E46G064094 3883 5826 4069 5826
E46G088092 3884 5826 4048 5826
E46G074092 3883 5826 4060 5826
E47G064002 3883 5825 4069 5825
E47G075011 3884 5825 4059 5825
E47G061011 3883 5825 4071 5825
E47G068008 3884 5826 4065 5826
E46G083090 3884 5825 4052 5825
E46G055096 3884 5826 4078 5826
E46G058093 3884 5825 4075 5825
E47G068006 3884 5825 4065 5825
E46G080091 3884 5825 4054 5825
E47G071001 3884 5825 4063 5825
E47G071004 3884 5825 4063 5825
E47G082010 3883 5826 4052 5826
E47G078010 3884 5826 4057 5826
E47G072006 3883 5825 4061 5825
E46G085091 3883 5825 4050 5825
E47G078013 3884 5825 4057 5825
E46G068088 3884 5825 4065 5825
E46G073089 3884 5826 4061 5826
E46G080094 3884 5826 4054 5826
E46G082085 3883 5826 4052 5826
E47G068002 3884 5825 4065 5825
E47G075006 3884 5825 4059 5825
E46G073086 3884 5825 4061 5825
E47G072010 3883 5826 4061 5826
E47G063005 3884 5826 4070 5826
E46G068092 3884 5826 4065 5826
E46G070089 3884 5826 4063 5826
E47G060001 3884 5825 4073 5825
E46G072090 3883 5825 4061 5825
E47G073018 3884 5825 4061 5825
E46G087091 3883 5825 4048 5825
E47G066015 3883 5826 4067 5826
E47G066003 3883 5826 4067 5826
E46G077094 3883 5826 4057 5826
E46G076088 3884 5825 4057 5825
E46G074089 3883 5826 4060 5826
E47G088003 3884 5826 4048 5826
E47G072012 3883 5826 4061 5826
E47G080003 3884 5826 4054 5826
E47G061012 3883 5826 4071 5826
E46G078094 3884 5826 4057 5826
E47G081004 3884 5825 4054 5825
E47G075004 3884 5825 4059 5825
E47G069018 3883 5825 4064 5825
E46G079086 3883 5825 4055 5825
E46G075091 3884 5825 4059 5825
E47G059002 3883 5825 4073 5825
E47G080002 3884 5825 4054 5825
E47G067006 3884 5825 4066 5825
E47G084007 3884 5825 4051 5825
E47G054006 3883 5825 4078 5825
E47G062011 3884 5825 4071 5825
E46G067090 3884 5825 4066 5825
E47G069014 3883 5825 4064 5825
E47G061001 3883 5825 4071 5825
E46G085090 3883 5825 4050 5825
E47G063009 3884 5825 4070 5825
E46G076094 3884 5826 4057 5826
E47G084006 3884 5825 4051 5825
E47G089003 3884 5826 4046 5826
E46G066089 3883 5826 4067 5826
E46G066090 3883 5825 4067 5825
E46G059095 3883 5825 4073 5825
E46G093094 3884 5826 4044 5826
E47G057001 3884 5825 4075 5825
E47G072017 3883 5826 4061 5826
E47G068015 3884 5826 4065 5826
E46G071089 3884 5826 4063 5826
E47G083006 3884 5825 4052 5825
E47G064004 3883 5825 4069 5825
E47G065013 3884 5825 4068 5825
E46G056094 3883 5826 4076 5826
E47G084010 3884 5826 4051 5826
E47G076003 3884 5826 4057 5826
E47G066005 3883 5826 4067 5826
E46G062090 3884 5825 4071 5825
E47G065015 3884 5826 4068 5826
E47G060007 3884 5825 4073 5825
E47G054003 3883 5826 4078 5826
E47G057008 3884 5826 4075 5826
E47G078007 3884 5825 4057 5825
E47G067016 3884 5825 4066 5825
E46G085092 3883 5826 4050 5826
E46G061093 3883 5825 4071 5825
E47G057004 3884 5825 4075 5825
E47G077004 3883 5825 4057 5825
E46G069088 3883 5825 4064 5825
E47G066009 3883 5825 4067 5825
E46G076086 3884 5825 4057 5825
E47G074012 3883 5826 4060 5826
E47G077015 3883 5826 4057 5826
E46G089091 3884 5825 4046 5825
E46G062092 3884 5826 4071 5826
E46G077096 3883 5826 4057 5826
E46G061094 3883 5826 4071 5826
E46G085086 3883 5825 4050 5825
E46G069091 3883 5825 4064 5825
E47G081005 3884 5826 4054 5826
E46G059091 3883 5825 4073 5825
E47G064007 3883 5825 4069 5825
E46G088088 3884 5825 4048 5825
E47G063011 3884 5825 4070 5825
E46G068086 3884 5825 4065 5825
E47G059001 3883 5825 4073 5825
E46G065092 3884 5826 4068 5826
E47G063016 3884 5825 4070 5825
E46G084089 3884 5826 4051 5826
E47G061002 3883 5825 4071 5825
E47G060009 3884 5825 4073 5825
E46G057094 3884 5826 4075 5826
E47G058003 3884 5826 4075 5826
E46G061095 3883 5825 4071 5825
E46G086089 3884 5826 4049 5826
E46G084088 3884 5825 4051 5825
E46G081093 3884 5825 4054 5825
E46G071093 3884 5825 4063 5825
E47G064006 3883 5825 4069 5825
E47G083002 3884 5825 4052 5825
E46G082088 3883 5825 4052 5825
E46G074086 3883 5825 4060 5825
E46G084093 3884 5825 4051 5825
E47G075013 3884 5825 4059 5825
E47G082002 3883 5825 4052 5825
E47G056009 3883 5825 4076 5825
E47G072008 3883 5826 4061 5826
E46G058092 3884 5826 4075 5826
E46G091095 3884 5825 4045 5825
E47G075009 3884 5825 4059 5825
E47G055008 3884 5826 4078 5826
E47G054004 3883 5825 4078 5825
E46G076085 3884 5826 4057 5826
E47G066007 3883 5825 4067 5825
E46G081094 3884 5826 4054 5826
E46G064092 3883 5826 4069 5826
E47G073013 3884 5825 4061 5825
E47G064005 3883 5826 4069 5826
E46G082090 3883 5825 4052 5825
E47G071015 3884 5826 4063 5826
E46G075092 3884 5826 4059 5826
E46G084095 3884 5825 4051 5825
E46G078088 3884 5825 4057 5825
E47G070016 3884 5825 4063 5825
E47G069013 3883 5825 4064 5825
E47G059011 3883 5825 4073 5825
E47G071014 3884 5825 4063 5825
E47G084005 3884 5826 4051 5826
E46G092095 3883 5825 4043 5825
E47G067014 3884 5825 4066 5825
E47G065017 3884 5826 4068 5826
E47G072014 3883 5825 4061 5825
E47G059003 3883 5826 4073 5826
E47G080010 3884 5826 4054 5826
E46G087095 3883 5825 4048 5825
E46G078089 3884 5826 4057 5826
E47G071008 3884 5826 4063 5826
E46G060092 3884 5826 4073 5826
E46G058095 3884 5825 4075 5825
E46G070096 3884 5826 4063 5826
E46G090094 3883 5826 4046 5826
E47G073003 3884 5826 4061 5826
E46G065091 3884 5825 4068 5825
E47G083007 3884 5825 4052 5825
E46G060096 3884 5826 4073 5826
E47G086001 3884 5825 4049 5825
E46G071088 3884 5825 4063 5825
E47G067010 3884 5826 4066 5826
E46G083088 3884 5825 4052 5825
E47G081012 3884 5826 4054 5826
E46G091096 3884 5826 4045 5826
E47G071010 3884 5826 4063 5826
E46G059092 3883 5826 4073 5826
E47G082007 3883 5825 4052 5825
E47G061009 3883 5825 4071 5825
E46G060089 3884 5826 4073 5826
E47G062012 3884 5826 4071 5826
E47G072018 3883 5825 4061 5825
E47G068017 3884 5826 4065 5826
E46G068090 3884 5825 4065 5825
E46G063088 3884 5825 4070 5825
E47G069012 3883 5826 4064 5826
E47G061008 3883 5826 4071 5826
E46G087087 3883 5826 4048 5826
E46G077087 3883 5826 4057 5826
E46G084092 3884 5826 4051 5826
E47G058002 3884 5825 4075 5825
E47G076012 3884 5826 4057 5826
E46G092090 3883 5825 4043 5825
E47G080007 3884 5825 4054 5825
E47G073009 3884 5825 4061 5825
E47G054002 3883 5825 4078 5825
E47G084001 3884 5825 4051 5825
E46G082092 3883 5826 4052 5826
E46G066087 3883 5826 4067 5826
E47G070018 3884 5825 4063 5825
E47G060003 3884 5826 4073 5826
E46G066088 3883 5825 4067 5825
E46G067093 3884 5825 4066 5825
E47G068005 3884 5826 4065 5826
E46G093093 3884 5825 4044 5825
E47G061005 3883 5826 4071 5826
E46G083089 3884 5826 4052 5826
E47G079011 3883 5825 4055 5825
E46G062093 3884 5825 4071 5825
E46G076096 3884 5826 4057 5826
E47G078009 3884 5825 4057 5825
E46G093092 3884 5826 4044 5826
E47G080009 3884 5825 4054 5825
E46G069095 3883 5825 4064 5825
E46G062096 3884 5826 4071 5826
E47G069001 3883 5825 4064 5825
E47G066002 3883 5825 4067 5825
E46G074085 3883 5826 4060 5826
E46G070094 3884 5826 4063 5826
E47G057005 3884 5826 4075 5826
E46G073090 3884 5825 4061 5825
E46G092092 3883 5826 4043 5826
E47G073001 3884 5825 4061 5825
E47G057003 3884 5826 4075 5826
E47G070014 3884 5825 4063 5825
E47G082011 3883 5825 4052 5825
E47G071002 3884 5825 4063 5825
E47G081008 3884 5826 4054 5826
E47G076002 3884 5825 4057 5825
E47G080011 3884 5825 4054 5825
E46G091093 3884 5825 4045 5825
E47G085001 3883 5825 4050 5825
E46G065095 3884 5825 4068 5825
E46G080087 3884 5826 4054 5826
E46G089089 3884 5826 4046 5826
E47G077001 3883 5825 4057 5825
E47G068014 3884 5825 4065 5825
E47G074015 3883 5826 4060 5826
E46G080093 3884 5825 4054 5825
E47G060011 3884 5825 4073 5825
E46G064087 3883 5826 4069 5826
E47G077006 3883 5825 4057 5825
E47G065003 3884 5826 4068 5826
E47G062009 3884 5825 4071 5825
E47G068004 3884 5825 4065 5825
E46G071090 3884 5825 4063 5825
E47G060012 3884 5826 4073 5826
E46G085089 3883 5826 4050 5826
E47G068011 3884 5825 4065 5825
E47G083008 3884 5826 4052 5826
E47G087003 3883 5826 4048 5826
E47G062014 3884 5825 4071 5825
E47G069010 3883 5826 4064 5826
E46G066096 3883 5826 4067 5826
E47G070006 3884 5825 4063 5825
E47G084009 3884 5825 4051 5825
E47G077009 3883 5825 4057 5825
E47G066017 3883 5826 4067 5826
E46G080086 3884 5825 4054 5825
E46G083085 3884 5826 4052 5826
E47G072013 3883 5825 4061 5825
E47G071003 3884 5826 4063 5826
E47G057010 3884 5826 4075 5826
E46G088096 3884 5826 4048 5826
E46G093091 3884 5825 4044 5825
E46G066094 3883 5826 4067 5826
E47G054005 3883 5826 4078 5826
E46G075093 3884 5825 4059 5825
E46G090088 3883 5825 4046 5825
E46G079096 3883 5826 4055 5826
E47G070011 3884 5825 4063 5825
E47G060008 3884 5826 4073 5826
E47G089001 3884 5825 4046 5825
E46G090092 3883 5826 4046 5826
E46G081095 3884 5825 4054 5825
E46G074094 3883 5826 4060 5826
E46G087090 3883 5825 4048 5825
E46G063095 3884 5825 4070 5825
E47G084004 3884 5825 4051 5825
E47G065011 3884 5825 4068 5825
E47G074014 3883 5825 4060 5825
E47G076010 3884 5826 4057 5826
E47G068012 3884 5826 4065 5826
E47G074011 3883 5825 4060 5825
E47G066016 3883 5825 4067 5825
E46G089088 3884 5825 4046 5825
E47G067005 3884 5826 4066 5826
E47G079008 3883 5826 4055 5826
E46G061092 3883 5826 4071 5826
E46G068094 3884 5826 4065 5826
E46G081092 3884 5826 4054 5826
E47G056008 3883 5826 4076 5826
E46G073095 3884 5825 4061 5825
E47G065009 3884 5825 4068 5825
E47G070010 3884 5826 4063 5826
E46G065089 3884 5826 4068 5826
E46G060093 3884 5825 4073 5825
E47G072001 3883 5825 4061 5825
E47G069002 3883 5825 4064 5825
E46G084091 3884 5825 4051 5825
E46G079093 3883 5825 4055 5825
E47G066014 3883 5825 4067 5825
E47G077002 3883 5825 4057 5825
E47G058011 3884 5825 4075 5825
E47G058005 3884 5826 4075 5826
E46G076089 3884 5826 4057 5826
E47G076001 3884 5825 4057 5825
E47G080004 3884 5825 4054 5825
E47G065006 3884 5825 4068 5825
E46G066086 3883 5825 4067 5825
E47G079003 3883 5826 4055 5826
E47G060006 3884 5825 4073 5825
E47G088001 3884 5825 4048 5825
E47G074009 3883 5825 4060 5825
E47G085009 3883 5825 4050 5825
E46G069094 3883 5826 4064 5826
E47G066006 3883 5825 4067 5825
E46G078087 3884 5826 4057 5826
E46G072088 3883 5825 4061 5825
E46G073093 3884 5825 4061 5825
E47G090001 3883 5825 4046 5825
E47G060004 3884 5825 4073 5825
E47G074002 3883 5825 4060 5825
E46G069085 3883 5826 4064 5826
E46G082095 3883 5825 4052 5825
E46G090090 3883 5825 4046 5825
E47G086005 3884 5826 4049 5826
E47G058004 3884 5825 4075 5825
E47G083001 3884 5825 4052 5825
E47G062005 3884 5826 4071 5826
E46G072091 3883 5825 4061 5825
E46G072094 3883 5826 4061 5826
E47G079006 3883 5825 4055 5825
E47G064011 3883 5825 4069 5825
E47G072007 3883 5825 4061 5825
E47G066011 3883 5825 4067 5825
E46G063093 3884 5825 4070 5825
E46G067092 3884 5826 4066 5826
E46G069089 3883 5826 4064 5826
E47G073011 3884 5825 4061 5825
E46G077091 3883 5825 4057 5825
E47G059007 3883 5825 4073 5825
E47G059009 3883 5825 4073 5825
E46G075094 3884 5826 4059 5826
E46G092094 3883 5826 4043 5826
E46G058096 3884 5826 4075 5826
E47G066004 3883 5825 4067 5825
E47G076006 3884 5825 4057 5825
E46G081085 3884 5826 4054 5826
E46G077089 3883 5826 4057 5826
E46G064096 3883 5826 4069 5826
E46G062094 3884 5826 4071 5826
E46G069086 3883 5825 4064 5825
E47G055003 3884 5826 4078 5826
E46G078095 3884 5825 4057 5825
E46G067089 3884 5826 4066 5826
E46G085094 3883 5826 4050 5826
E47G074013 3883 5825 4060 5825
E47G087001 3883 5825 4048 5825
E46G080089 3884 5826 4054 5826
E46G086094 3884 5826 4049 5826
E47G058012 3884 5826 4075 5826
E47G058006 3884 5825 4075 5825
E46G074091 3883 5825 4060 5825
E47G079009 3883 5825 4055 5825
E47G061006 3883 5825 4071 5825
E46G063094 3884 5826 4070 5826
E47G077011 3883 5825 4057 5825
E47G086004 3884 5825 4049 5825
E46G083095 3884 5825 4052 5825
E46G071094 3884 5826 4063 5826
E46G079085 3883 5826 4055 5826
E46G094092 3884 5826 4042 5826
E47G069006 3883 5825 4064 5825
E46G059094 3883 5826 4073 5826
E47G080005 3884 5826 4054 5826
E47G078005 3884 5826 4057 5826
E46G064090 3883 5825 4069 5825
E46G088094 3884 5826 4048 5826
E46G061091 3883 5825 4071 5825
E47G059006 3883 5825 4073 5825
E46G091094 3884 5826 4045 5826
E47G071012 3884 5826 4063 5826
E47G085003 3883 5826 4050 5826
E47G063001 3884 5825 4070 5825
E47G069005 3883 5826 4064 5826
E47G081002 3884 5825 4054 5825
E46G068095 3884 5825 4065 5825
E47G055005 3884 5826 4078 5826
E47G073007 3884 5825 4061 5825
E46G087094 3883 5826 4048 5826
E46G064095 3883 5825 4069 5825
E46G058091 3884 5825 4075 5825
E47G067002 3884 5825 4066 5825
E47G077003 3883 5826 4057 5826
E46G064091 3883 5825 4069 5825
E46G083093 3884 5825 4052 5825
E46G063091 3884 5825 4070 5825
E47G057006 3884 5825 4075 5825
E47G059010 3883 5826 4073 5826
E46G060094 3884 5826 4073 5826
E46G089095 3884 5825 4046 5825
E46G075088 3884 5825 4059 5825
E47G065002 3884 5825 4068 5825
E47G063008 3884 5826 4070 5826
E46G079087 3883 5826 4055 5826
E46G065088 3884 5825 4068 5825
E47G078006 3884 5825 4057 5825
E46G066091 3883 5825 4067 5825
E47G074006 3883 5825 4060 5825
E47G070001 3884 5825 4063 5825
E46G059093 3883 5825 4073 5825
E46G067091 3884 5825 4066 5825
E47G085005 3883 5826 4050 5826
E47G081007 3884 5825 4054 5825
E47G057009 3884 5825 4075 5825
E46G088095 3884 5825 4048 5825
E46G057092 3884 5826 4075 5826
E47G060010 3884 5826 4073 5826
E46G078096 3884 5826 4057 5826
E47G077005 3883 5826 4057 5826
E47G065010 3884 5826 4068 5826
E47G062015 3884 5826 4071 5826
E47G067012 3884 5826 4066 5826
E47G055007 3884 5825 4078 5825
E46G059096 3883 5826 4073 5826
E46G085088 3883 5825 4050 5825
E47G069017 3883 5826 4064 5826
E46G076092 3884 5826 4057 5826
E46G080092 3884 5826 4054 5826
E47G073008 3884 5826 4061 5826
E46G075095 3884 5825 4059 5825
E47G069007 3883 5825 4064 5825
E47G059008 3883 5826 4073 5826
E46G068093 3884 5825 4065 5825
E47G076011 3884 5825 4057 5825
E47G071013 3884 5825 4063 5825
E47G056007 3883 5825 4076 5825
E47G061013 3883 5825 4071 5825
E46G071095 3884 5825 4063 5825
E46G074087 3883 5826 4060 5826
E46G080095 3884 5825 4054 5825
E46G084096 3884 5826 4051 5826
E47G081003 3884 5826 4054 5826
E46G091089 3884 5826 4045 5826
E47G073017 3884 5826 4061 5826
E46G071087 3884 5826 4063 5826
E46G074093 3883 5825 4060 5825
E46G074088 3883 5825 4060 5825
E46G088089 3884 5826 4048 5826
E47G072002 3883 5825 4061 5825
E46G083092 3884 5826 4052 5826
E46G085087 3883 5826 4050 5826
E46G061089 3883 5826 4071 5826
E47G085007 3883 5825 4050 5825
E46G070092 3884 5826 4063 5826
E47G082005 3883 5826 4052 5826
E47G072003 3883 5826 4061 5826
E47G065007 3884 5825 4068 5825
E47G064010 3883 5826 4069 5826
E47G056001 3883 5825 4076 5825
E46G083096 3884 5826 4052 5826
E46G076091 3884 5825 4057 5825
E46G067087 3884 5826 4066 5826
E47G070012 3884 5826 4063 5826
E46G091091 3884 5825 4045 5825
E47G063006 3884 5825 4070 5825
E46G078092 3884 5826 4057 5826
E46G057095 3884 5825 4075 5825
E46G086096 3884 5826 4049 5826
E47G067017 3884 5826 4066 5826
E47G077008 3883 5826 4057 5826
E46G081090 3884 5825 4054 5825
E46G073092 3884 5826 4061 5826
E47G058009 3884 5825 4075 5825
E47G077012 3883 5826 4057 5826
E47G070008 3884 5826 4063 5826
E47G055001 3884 5825 4078 5825
E47G073006 3884 5825 4061 5825
E47G069011 3883 5825 4064 5825
E46G091090 3884 5825 4045 5825
E46G075085 3884 5826 4059 5826
E47G084002 3884 5825 4051 5825
E46G072087 3883 5826 4061 5826
E47G072016 3883 5825 4061 5825
E46G079088 3883 5825 4055 5825
E47G079004 3883 5825 4055 5825
E47G062010 3884 5826 4071 5826
E47G074001 3883 5825 4060 5825
E46G062091 3884 5825 4071 5825
E46G083086 3884 5825 4052 5825
E47G078008 3884 5826 4057 5826
E47G068016 3884 5825 4065 5825
E46G083094 3884 5826 4052 5826
E46G075087 3884 5826 4059 5826
E46G065087 3884 5826 4068 5826
E46G086088 3884 5825 4049 5825
E47G064015 3883 5826 4069 5826
E47G078011 3884 5825 4057 5825
E46G056093 3883 5825 4076 5825
E47G074004 3883 5825 4060 5825
E46G078091 3884 5825 4057 5825
E47G068013 3884 5825 4065 5825
E47G059004 3883 5825 4073 5825
E46G076093 3884 5825 4057 5825
E46G068091 3884 5825 4065 5825
E47G072009 3883 5825 4061 5825
E47G075008 3884 5826 4059 5826
E47G082009 3883 5825 4052 5825
E47G058007 3884 5825 4075 5825
E46G081087 3884 5826 4054 5826
E46G055095 3884 5825 4078 5825
E46G062088 3884 5825 4071 5825
E47G079010 3883 5826 4055 5826
E47G078004 3884 5825 4057 5825
E46G077090 3883 5825 4057 5825
E47G056005 3883 5826 4076 5826
E47G064012 3883 5826 4069 5826
E47G071018 3884 5825 4063 5825
E47G071005 3884 5826 4063 5826
E46G061096 3883 5826 4071 5826
E47G088004 3884 5825 4048 5825
E47G082006 3883 5825 4052 5825
E47G074003 3883 5826 4060 5826
E47G082001 3883 5825 4052 5825
E46G079089 3883 5826 4055 5826
E46G087096 3883 5826 4048 5826
E46G070088 3884 5825 4063 5825
E46G067095 3884 5825 4066 5825
E47G077007 3883 5825 4057 5825
E46G072095 3883 5825 4061 5825
E46G082087 3883 5826 4052 5826
E47G056003 3883 5826 4076 5826
E47G064008 3883 5826 4069 5826
E46G070095 3884 5825 4063 5825
E46G071096 3884 5826 4063 5826
E47G073002 3884 5825 4061 5825
E46G066095 3883 5825 4067 5825
E46G088090 3884 5825 4048 5825
E47G070015 3884 5826 4063 5826
E46G063096 3884 5826 4070 5826
E46G090091 3883 5825 4046 5825
E47G075012 3884 5826 4059 5826
E46G071085 3884 5826 4063 5826
E46G082096 3883 5826 4052 5826
E46G082086 3883 5825 4052 5825
E46G084094 3884 5826 4051 5826
E47G065004 3884 5825 4068 5825
E47G055006 3884 5825 4078 5825
E46G089092 3884 5826 4046 5826
E47G069009 3883 5825 4064 5825
E47G071006 3884 5825 4063 5825
E47G069016 3883 5825 4064 5825
E47G078014 3884 5825 4057 5825
E47G068018 3884 5825 4065 5825
E47G075002 3884 5825 4059 5825
E47G066012 3883 5826 4067 5826
E47G062004 3884 5825 4071 5825
E47G064016 3883 5825 4069 5825
E47G075010 3884 5826 4059 5826
E46G070085 3884 5826 4063 5826
E47G067001 3884 5825 4066 5825
E47G076008 3884 5826 4057 5826
E47G079001 3883 5825 4055 5825
E47G077014 3883 5825 4057 5825
E47G077010 3883 5826 4057 5826
E47G062006 3884 5825 4071 5825
E46G067088 3884 5825 4066 5825
E46G074096 3883 5826 4060 5826
E46G060095 3884 5825 4073 5825
E46G087092 3883 5826 4048 5826
E46G065094 3884 5826 4068 5826
E47G062002 3884 5825 4071 5825
E46G088093 3884 5825 4048 5825
E46G086086 3884 5825 4049 5825
E47G085002 3883 5825 4050 5825
E46G080096 3884 5826 4054 5826
E46G090095 3883 5825 4046 5825
E47G062013 3884 5825 4071 5825
E47G078012 3884 5826 4057 5826
E46G066093 3883 5825 4067 5825
E47G078001 3884 5825 4057 5825
E47G069004 3883 5825 4064 5825
E46G086087 3884 5826 4049 5826
E47G069008 3883 5826 4064 5826
E46G073088 3884 5825 4061 5825
E47G066010 3883 5826 4067 5826
E46G067086 3884 5825 4066 5825
E47G068007 3884 5825 4065 5825
E46G085095 3883 5825 4050 5825
E46G068089 3884 5826 4065 5826
E46G077086 3883 5825 4057 5825
E47G079002 3883 5825 4055 5825
E46G082089 3883 5826 4052 5826
E47G075015 3884 5826 4059 5826
E47G072015 3883 5826 4061 5826
E46G090093 3883 5825 4046 5825
E47G056006 3883 5825 4076 5825
E46G072086 3883 5825 4061 5825
E46G081091 3884 5825 4054 5825
E47G067007 3884 5825 4066 5825
E47G057007 3884 5825 4075 5825
E46G085093 3883 5825 4050 5825
E46G079094 3883 5826 4055 5826
E46G092093 3883 5825 4043 5825
E47G072011 3883 5825 4061 5825
E46G079090 3883 5825 4055 5825
E47G073014 3884 5825 4061 5825
E47G059013 3883 5825 4073 5825
E46G063090 3884 5825 4070 5825
E46G073087 3884 5826 4061 5826
E47G085006 3883 5825 4050 5825
E47G076009 3884 5825 4057 5825
E46G069092 3883 5826 4064 5826
E46G078090 3884 5825 4057 5825
E47G063002 3884 5825 4070 5825
E46G067096 3884 5826 4066 5826
E47G076005 3884 5826 4057 5826
E47G075003 3884 5826 4059 5826
E46G065096 3884 5826 4068 5826
E47G072004 3883 5825 4061 5825
E47G087002 3883 5825 4048 5825
E47G081009 3884 5825 4054 5825
E46G070086 3884 5825 4063 5825
E47G063013 3884 5825 4070 5825
E47G067003 3884 5826 4066 5826
E46G083091 3884 5825 4052 5825
E47G083010 3884 5826 4052 5826
E47G069003 3883 5826 4064 5826
E46G064088 3883 5825 4069 5825
E47G059012 3883 5826 4073 5826
E47G086002 3884 5825 4049 5825
E46G056096 3883 5826 4076 5826
E46G083087 3884 5826 4052 5826
E47G083004 3884 5825 4052 5825
E47G063015 3884 5826 4070 5826
E47G055002 3884 5825 4078 5825
E47G061010 3883 5826 4071 5826
E46G070090 3884 5825 4063 5825
E47G057002 3884 5825 4075 5825
E47G067013 3884 5825 4066 5825
E47G073012 3884 5826 4061 5826
E46G086092 3884 5826 4049 5826
E47G058010 3884 5826 4075 5826
E47G079012 3883 5826 4055 5826
E47G073015 3884 5826 4061 5826
E47G068003 3884 5826 4065 5826
E47G063003 3884 5826 4070 5826
E47G074008 3883 5826 4060 5826
E47G070007 3884 5825 4063 5825
E47G056002 3883 5825 4076 5825
E47G070013 3884 5825 4063 5825
E46G089093 3884 5825 4046 5825
E47G083011 3884 5825 4052 5825
E47G072005 3883 5826 4061 5826
E46G081086 3884 5825 4054 5825
E46G069093 3883 5825 4064 5825
E47G057011 3884 5825 4075 5825
E46G073091 3884 5825 4061 5825
E47G073016 3884 5825 4061 5825
E47G060014 3884 5825 4073 5825
E46G072096 3883 5826 4061 5826
E47G076014 3884 5825 4057 5825
E47G080001 3884 5825 4054 5825
E47G086003 3884 5826 4049 5826
E46G078086 3884 5825 4057 5825
E47G073005 3884 5826 4061 5826
E47G068001 3884 5825 4065 5825
E47G070005 3884 5826 4063 5826
E47G065012 3884 5826 4068 5826
E46G077092 3883 5826 4057 5826
E46G063089 3884 5826 4070 5826
E47G085008 3883 5826 4050 5826
E46G077085 3883 5826 4057 5826
E46G075086 3884 5825 4059 5825
E46G089094 3884 5826 4046 5826
E47G069015 3883 5826 4064 5826
E46G076087 3884 5826 4057 5826
E46G077095 3883 5825 4057 5825
E47G067008 3884 5826 4066 5826
E47G071007 3884 5825 4063 5825
E47G065001 3884 5825 4068 5825
E47G075001 3884 5825 4059 5825
E47G081001 3884 5825 4054 5825
E47G064001 3883 5825 4069 5825
E47G064009 3883 5825 4069 5825
E46G058094 3884 5826 4075 5826
E46G070091 3884 5825 4063 5825
E46G084090 3884 5825 4051 5825
E46G061090 3883 5825 4071 5825
E47G068010 3884 5826 4065 5826
E46G075090 3884 5825 4059 5825
E47G066013 3883 5825 4067 5825
E47G063010 3884 5826 4070 5826
E46G064089 3883 5826 4069 5826
E46G065090 3884 5825 4068 5825
E46G065093 3884 5825 4068 5825
E46G073096 3884 5826 4061 5826
E47G063014 3884 5825 4070 5825
E46G069087 3883 5826 4064 5826
E46G073085 3884 5826 4061 5826
E46G077088 3883 5825 4057 5825
E46G068087 3884 5826 4065 5826
E47G061003 3883 5826 4071 5826
E46G080090 3884 5825 4054 5825
E46G068096 3884 5826 4065 5826
