512:
exp58 best: 0.16 (0.883 0.872 0.884) (0.877 0.866 0.867) (0.627 0.619 0.458)
exp58 last: 0.16 (0.877 0.878 0.881) (0.871 0.872 0.867) (0.621 0.622 0.462)

exp62 best: 0.16 (0.883 0.874 0.877) (0.880 0.871 0.872) (0.627 0.621 0.467) (final?)
exp62 last: 0.16 (0.879 0.875 0.875) (0.873 0.869 0.855) (0.640 0.637 0.453)

608:
exp63 best: 0.12 (0.835 0.828 0.832) (0.835 0.828 0.832) (0.678 0.672 0.558) (?)
exp63 last: 0.12 (0.839 0.828 0.829) (0.839 0.828 0.829) (0.665 0.656 0.536) (?)

exp64 best: 0.18 (0.872 0.866 0.872) (0.866 0.860 0.851) (0.612 0.607 0.427) (final!)
exp64 last: 0.14 (0.857 0.859 0.869) (0.857 0.859 0.869) (0.655 0.656 0.517) (?)

640: 
exp67 best: 0.19 (0.873 0.874 0.883) (0.870 0.872 0.876) (0.595 0.596 0.435) 
exp67 last: 0.18 (0.891 0.888 0.889) (0.886 0.882 0.876) (0.596 0.594 0.418) (final?)