0,1,104.41756573492391,0.0,none
1,1,213.222796583497,0.0,none
2,2,63.24442542603414,0.0,none
3,0,0,4699.32229626717,none
4,1,75.07782527799708,0.0,none
5,1,24.774795944746376,97950.41327650283,none
6,1,488.93658114927024,0.0,none
7,2,117.31464197807453,0.0,none
8,2,492.6151286687943,50073.62979155122,none
9,1,74.98918557873144,0.0,none
10,1,120.90454979833295,0.0,none
11,2,367.5888328546091,2432.2733478491614,none
12,2,171.78373717681032,0.0,none
13,1,411.28820459256957,18301.61598677522,14
14,1,305.3637639701298,18518.605970577508,13
15,1,321.1859502890465,18527.824499301136,none
16,1,513.3568182969541,5960.842496215759,none
17,2,346.66986382791805,15350.268560026472,none
18,1,104.24028633639264,34100.046866288765,none
19,1,401.9810361696774,45609.02541893946,23
20,1,194.1209413917516,546.7296650704675,none
21,1,256.3903301258637,14474.508331281948,22
22,1,280.3673687772193,13985.92630892974,21
23,1,374.6356889462274,42181.86008653277,19
24,1,348.885856309559,3668.9744320033706,none
25,2,288.7881402074551,78102.92093453484,none
26,0,0,18753.323894232923,30
27,1,206.57481913857401,60400.509314795345,none
28,1,336.9194969086976,18599.445376307773,29 31
29,1,423.6091227904936,18527.824499301136,28 31
30,1,427.3319901596504,18485.98656124775,26
31,1,486.85354821652766,18747.650953479922,28 29
32,1,281.1208062209773,44157.46170376535,33
33,2,403.0447125608651,44802.04959682508,32
34,1,454.72165723273315,0.0,none
35,1,459.37524144417927,18405.856273111614,none
36,2,72.99479234525454,12771.207870193412,none
37,1,641.396863886171,105917.34944649854,none
38,1,519.0740788995878,78665.96030427018,39 40 41 43 44 45 46 49 50
39,1,497.3130327298732,83935.41314621395,40 41 43 44 45 46 49 50
40,1,511.1851456649458,89910.43799431222,38 39 41 43 44 45 46 49 50
41,1,497.9335106247327,94309.80354826446,38 39 40 43 44 45 46 49 50
42,2,117.04872288027761,57922.143323328055,47 48
43,1,497.1800731809747,105082.71803821328,38 39 40 41 44 45 46 49 50
44,1,725.338659090732,107310.7655189544,38 39 40 41 43 45 46 49 50
45,1,489.91161784119225,107668.86990398758,38 39 40 41 43 44 46 49 50
46,1,524.4811005547919,109718.2197510092,38 39 40 41 43 44 45 49 50
47,1,425.5148763247048,60047.36875292104,42
48,1,452.9931830970532,53741.18598836634,42 47
49,1,497.6675915269358,120486.87953539327,38 39 40 41 43 44 45 46 50
50,2,509.6339509277972,132422.7468797073,38 39 40 41 43 44 45 46 49
51,2,429.0604642953304,116188.20867980679,52 53 54
52,2,419.31009737611,100661.36983884315,51 53 54
53,2,433.1822103111827,120429.44101026913,51 52 54
54,2,447.7191209907476,102358.28824158458,51 52 53
55,2,150.687488751588,122022.82824426827,none
56,0,0,0.0,none
57,2,234.76224350504754,91216.63260269069,none
58,2,250.6287496735971,157550.3288275309,none
59,1,83.72019595639698,16016.129980909958,none
60,0,0,0.0,none
61,1,63.20010557640132,113165.2403760514,none
62,1,361.694292853444,19271.688855538385,none
63,2,327.52368878653976,17949.89366008916,66
64,1,396.1308160181452,0.0,none
65,2,150.33292995452544,66791.07707305092,none
66,1,224.83459718729586,18393.092156417362,63
67,2,92.22960708589841,0.0,none
68,0,0,31086.29709125701,none
69,2,342.59243766169857,63542.609374363754,none
70,2,357.3066277397948,0.0,none
71,0,0,0.0,none
72,1,164.2493627392309,0.0,none
73,2,833.6120517437113,115157.15169794885,none
74,2,371.8878582689926,206901.36779066862,none
75,2,123.07622243034115,160758.37682335294,none
76,1,670.5150050949337,66379.07975086423,none
77,1,331.86703405055613,29728.336898507405,none
78,1,446.92136369735687,12321.627315518084,none
79,1,347.7778600687385,27653.4588180973,none
80,1,472.22799783769705,21429.533694461123,none
81,1,507.86115694248434,142953.14315246532,82 83 84
82,1,510.3430685219223,139816.00691605578,81 83 84 86
83,1,416.2963476010782,130870.48846616739,81 82 84 86
84,1,424.58415948241554,122488.71850360847,81 82 83 85 86
85,1,84.73955249795185,0.0,none
86,1,183.2182583820779,82189.5656294779,82 83 84
87,1,391.56587150596465,38856.80768768007,none
88,2,75.21078482689553,35653.72351501691,none
89,1,392.14202955119134,17677.592503945118,none
90,1,406.8562196292876,17769.068673587255,none
91,1,380.397269398494,13102.365786649842,none
92,1,545.8432680778111,3470.421505648337,none
93,2,516.2376085230874,0.0,none
94,1,400.78440022959126,17861.963078417644,none
95,1,401.5378376733492,92769.60013382469,none
96,1,619.8130971149877,25840.24512991937,97
97,1,633.1533718544665,25267.278113866276,96
98,2,312.89813840770915,100442.25250225849,none
99,1,400.60712083106,17345.72546989456,none
100,1,293.7076435166981,40246.67817216531,99
101,1,526.4754937882687,76535.77105151833,102
102,1,429.902541438354,53366.06278107415,101
103,2,654.6484989263841,5900.567500715123,none
104,1,203.64970906280791,34750.307700101504,none
105,2,790.6217975998759,0.0,none
106,1,743.8200363876181,0.0,none
107,2,140.2723240878753,0.0,none
108,1,621.8074903484645,73573.07774326357,109
109,1,833.3018127962815,51545.75791695497,108
110,1,400.8730399288569,64123.37668395222,111
111,1,410.8893259458742,60231.03020979944,110
112,1,304.83192577453593,14958.126530475281,none
113,1,378.58015556354843,76163.48431460263,none
114,1,279.6582511830942,59542.47702590395,none
115,2,72.0197556533325,83687.93110586429,none
116,1,567.9145531949555,23491.647658176975,118
117,1,480.7374089671985,60045.241400138664,116 118
118,1,455.8739733231865,58815.631491925706,116 117
119,2,411.68708323926495,12799.572573958416,none
120,1,421.03857151179,170073.3455397805,none
121,1,325.263376455266,186134.14992912038,122
122,1,331.2465561556967,165843.4590908242,121
123,1,194.20958109101724,4819.163169674315,none
124,0,0,5221.941963137384,123
125,1,256.52328967476217,26408.24832281359,126 127
126,1,243.00573553675204,26726.64212257577,125 127
127,1,147.45213972839213,69962.25095397847,125 126 129 130
128,1,588.966481770545,6517.499807603977,none
129,1,317.2414836717255,107663.19696323459,125 126 127 130
130,0,0,64728.25399174095,129
131,1,262.86102817225543,73681.57273516471,none
132,0,0,203064.3324888576,133 134 137 145
133,1,244.8671692213305,198285.58902204843,132 134 137 145
134,1,303.7682493833483,153801.93322498552,133 137 139 145
135,1,223.94820019463947,37722.21953707989,141 150
136,1,411.73140308889776,7518.064732914522,140
137,2,273.7193913322963,189720.1576026111,132 133 145
138,2,128.92644258187337,183879.15597980248,none
139,1,296.3225146450345,146484.5487712084,134 145
140,1,155.07515386523718,7550.684142244278,136
141,1,488.0945040062466,39529.05116691069,135 150
142,1,526.165254840839,32228.68553539258,147
143,1,382.2587030830725,73799.99537338362,144 148 153 160 161
144,1,631.6021771173178,65615.36010199148,143 148 161 168
145,1,144.83726860005575,200987.32705566514,132 133 134 137 139
146,1,464.7379432497505,13088.18343476734,152 154
147,1,415.365630758789,32096.789662885305,142
148,1,412.70643978081984,94073.66738942079,143 144 153 160 161 166 168
149,1,418.29074083455515,22942.79064032413,151
150,1,553.6878814628202,38079.61480451894,135 141
151,1,391.69883105486315,23093.832687872782,149
152,1,469.7460862582592,13175.404898844728,146 154
153,1,472.2723176873299,23498.029716524103,160 166
154,1,284.93231328939976,13190.296368321357,146 152
155,0,0,0.0,none
156,2,646.4493267443124,0.0,none
157,2,438.81083121455083,13481.034581912654,158
158,1,429.5923024909243,11390.555914431801,157
159,1,522.0435088249867,14547.547443476837,none
160,1,490.4877758864189,139778.42368356715,143 148 153 161 166 168 170 174 175 177 178 182
161,1,342.1935590150032,124781.295685415,143 144 148 153 160 166 168 174 177 178
162,1,389.1725996257924,40165.12964884092,173
163,1,229.22226230094503,184013.88832268625,164 165 167 172 176 179
164,1,232.4576113241409,165393.16941855472,163 165 167 172 176 179
165,1,302.1727347965668,173124.6785473009,163 164 167 172 176 179
166,1,524.2595013066277,127833.3378105295,148 153 160 161 168 174 177 178 185 187 188 189 190 191 192
167,1,318.9699578074055,177472.98763447616,163 164 165 172 176 179
168,1,292.6882869751433,81146.45364851985,144 148 161 174 177 185 187 188
169,1,378.3142364657515,54380.8100582672,170 171 175 181 182
170,1,381.7711847371114,54527.5974002511,169 171 175 181 182
171,1,362.4034104475691,108148.9425152103,161 168 169 170 174 175 177 181 182 185
172,2,377.51647917236073,118940.29406260638,163 164 165 167 176 179
173,1,140.13936453897682,8971.046683276893,none
174,1,310.726465775701,110647.87291690722,161 168 169 170 171 175 177 181 182 185 187 188
175,1,382.79054127866635,126977.43287442048,160 161 168 169 170 171 174 177 181 182 185 187
176,1,481.00332806499546,153458.72030942896,163 164 165 167 172 179
177,1,302.6602531425278,125502.46827864023,160 161 166 168 169 170 171 174 175 181 182 185 187 188
178,1,262.1962304277631,23561.141182401236,189 191 192 193
179,1,316.88692487466295,117456.11093810249,163 164 165 167 172 176
180,1,419.5760164739069,30163.025983706102,none
181,1,399.1002459435441,94621.8152896795,161 168 169 170 171 174 175 177 182 185
182,1,370.0264245844142,106759.07203072506,160 161 168 169 170 171 174 175 177 181 185 187
183,1,307.8456755495677,151.04204754865054,none
184,1,450.68855091614654,41693.98718177468,none
185,1,384.0314970683853,77603.70214827075,166 168 174 177 178 187 188 191 192
186,1,192.92430545166545,10413.391869727388,none
187,1,353.53944052100513,72225.04519683172,166 168 174 177 178 185 188 191 192
188,1,248.63435644012017,78253.25386448936,166 168 174 177 185 187
189,1,325.66225510196136,45788.432170253116,166 178 188 190 191 192 193
190,0,0,23396.62590056421,178 189 191 192 193 196
191,1,410.26884805101474,24390.808767527626,178 189 190 192 193 196
192,1,367.8990718020388,23366.13384401683,178 189 190 191 193 196
193,0,0,23998.666737976433,178 189 190 191 192 196
194,1,543.9375145435998,68831.20839134889,195 198 212 218 219 220 228 234
195,1,546.2421467245065,69768.6618507823,194 198 212 218 219 220 228 234
196,1,178.3873947721005,36346.53140447715,178 187 188 189 190 191 192 193
197,1,297.96234908144885,31257.194431441163,201 202 214 216
198,1,209.72152846250424,65694.07215493936,194 195 212 218 219 220 228 234
199,1,535.782662211161,80143.05225283281,200 203 213
200,1,515.2182519815325,68507.85076842784,199 203 213
201,1,432.6503721155888,57655.515107937004,197 202 205 214 216 222
202,2,77.64837655670064,41440.12308307789,197 201 205 214 216
203,1,513.622737394751,87073.96761781174,199 200 213
204,1,277.974096897047,40760.0793103119,205 206 207
205,2,470.10064505532176,79650.92464250998,204 206 207 222 223
206,1,291.71325028322127,103473.73021714338,204 205 207 208 210 214 222 223
207,1,517.6115238617048,100374.17721322249,204 205 206 208 209 210 211 222 223 226
208,1,361.9158921016081,24753.167858125566,209 210 211 226
209,0,0,38205.12861867909,208 210 211 226 229
210,0,0,38753.98563653193,208 209 211 226 229
211,1,302.3056943454652,15916.144400138317,209 226
212,1,551.3832492819135,68775.188101413,194 195 198 218 219 220 228 234
213,1,512.8692999509931,79147.45115068114,199 200 203
214,1,543.0511175509434,24346.134359097745,197 201 202 216
215,2,354.6474367618256,107003.71760069823,none
216,1,540.3919265729743,50133.904787051855,197 201 202 205 214
217,1,348.885856309559,5637.484873294704,none
218,1,498.7312679181235,68249.02284657217,194 195 198 212 219 220 228 234
219,1,500.060863407108,68816.31692187228,194 195 198 212 218 220 228 234
220,1,536.8906584519815,113179.4227279339,194 195 198 212 218 219 228 234 253 254 255 266 268 269
221,1,230.72913718846092,18853.309475004564,225 230
222,1,295.03723900568275,97992.96033215032,204 205 206 207 214 223
223,1,299.33626442006624,41167.821926933844,222
224,1,310.01734818157587,34385.112139127064,197 201 202 214 216
225,1,240.78974305511105,18462.585680641623,221 230
226,1,391.1669928592693,40730.29637135864,208 209 210 211 229
227,1,291.1814120876274,5914.0407350035,none
228,1,537.732735595005,116532.8398305516,194 195 198 212 218 219 220 234 253 254 255 266 268 269 273
229,1,361.9158921016081,12276.952907088204,none
230,1,254.26297734348833,18069.734533496307,221 225
231,1,134.99826198156973,2250.0301261590057,none
232,1,290.87117314019764,16679.154931416946,233 238
233,1,320.92003119124956,16748.64845564121,232 238
234,1,521.2014316819632,124864.97156152176,194 195 198 212 218 219 220 228 253 254 255 266 268 269 273
235,0,0,121851.93090408412,242 250 262 267
236,1,442.5336985837077,9502.175761276609,none
237,2,356.4202307471384,0.0,none
238,2,355.7997528522789,4044.0976392955595,237
239,1,282.3617620106962,2822.997142212103,none
240,1,416.03042850328137,24132.689963266082,241 264
241,2,336.03309991604124,53725.58540129559,240 264
242,1,297.29755133695653,47217.30412241524,235
243,1,462.43331106884386,64779.31045851796,224 252 258 271 277 279
244,1,382.3473427823381,38995.08561853447,246 247 249 251
245,1,556.5243518393207,47072.64413321371,257 270 275
246,1,330.9363172082669,42269.790668204274,244 247 249 251
247,1,347.2903417227775,17239.357830775793,246
248,1,289.2756585534161,19799.9814631616,none
249,1,350.12681209927797,24315.642302550365,246 247 251
250,1,221.37764891593588,171400.10455838864,235 242 262 267
251,1,208.25897342462116,7295.401808359235,249
252,1,454.1011793378737,65852.9144960234,224 243 258 271 277 279
253,2,529.9324420596288,70033.8718309851,254 255 260 266 268 269 273
254,1,375.477766089251,45444.51013710244,255 268 269 273
255,1,376.231203533009,91726.48815286664,212 218 219 220 228 234 254 268 269 273
256,1,328.3657659295634,3973.185879883047,none
257,2,556.2584327415238,46836.50797437005,245 270 275
258,1,469.8347259575248,58548.29415894053,243 252 271 277 279
259,1,429.902541438354,24587.94345869441,261
260,1,459.33092159454645,24400.027296251254,253 266
261,1,486.4989894194651,24467.393467693142,259
262,1,272.47843554257736,190353.39961416484,235 242 250 267
263,1,384.2530963165494,110427.3373451343,265
264,2,259.40407990089545,67378.93555858065,240 241
265,1,686.691750210913,115313.15756865639,263
266,1,506.66452100239826,24107.870847471706,253 260
267,1,236.31343824219624,196691.49267045516,235 242 250 262
268,1,381.54958548894734,45303.39573587154,254 255 269 273
269,1,364.22052428251476,70566.41914417307,253 254 255 266 268 273
270,1,553.3776425153906,47273.32441235112,245 257 275
271,2,485.6569122764415,62141.39300837251,243 252 258 277 279
272,2,301.90681569876983,8069.758221143866,none
273,2,558.8289840202274,69355.24629340736,253 254 255 260 266 268 269
274,1,284.134555996009,29385.833100544973,none
275,1,570.5294243232919,47222.267945574116,245 257 270
276,1,187.07408530013322,0.0,none
277,1,290.7382135912992,83357.48230700198,243 244 252 258 271 279 280
278,1,550.7184515374213,31344.415895518552,279 280
279,1,275.758104415406,75194.1205634336,243 252 258 271 277 278 280
280,1,412.5734802319214,55758.62554365231,277 278 279
281,1,552.1366867256716,37458.42779206533,282
282,1,410.3131679006475,20267.99907528418,281
283,1,303.54665013518417,30555.168013257295,288 289 290
284,1,508.6145943862423,74049.60476651565,291 293 298 301 303 304 305
285,1,473.468953627416,13551.237223731043,294
286,1,360.05445841702965,60467.166368643106,284 293 298 303 305
287,2,84.29635400162364,101776.10269680785,none
288,1,483.5295594940662,35693.434100287915,283 289 290
289,1,414.74515286392955,29829.740714467298,283 288 290
290,1,442.5780184333405,35428.22412008512,283 288 289
291,1,489.1138605478015,97536.28860153374,284 292 293 297 298 301 302 303 304 305 313
292,1,308.02295494809897,81437.90097970527,291 293 301 302 303 304 305 311 313
293,1,500.326782504905,46547.89711356112,291 292 301 302
294,1,469.5688068597279,13042.090791149207,285
295,2,363.8216456358193,32671.174914126652,296 300
296,1,382.56894203050217,34195.77774149566,295 300
297,1,366.03763811746035,70020.39859669672,291 292 301 302 303 304 311 313
298,1,470.0563252056889,82234.94915550192,284 291 293 301 303 304 305 313
299,1,188.75823958618037,0.0,none
300,1,391.3442722578006,29174.516057495686,295 296
301,1,241.7647797470331,104982.73245744164,284 291 292 293 297 298 302 303 304 305 311 313
302,1,262.94966787152106,79947.33579685427,291 292 293 301 303 304 305 311 313
303,1,517.5672040120719,104243.12280676914,284 291 292 293 298 301 302 304 305 311 313
304,1,303.50233028555135,107573.84814637483,284 291 292 293 297 298 301 302 303 305 309 311 313
305,1,350.8359296934031,96602.38073007096,284 291 292 293 298 301 302 303 304 311 313
306,1,110.40074543535461,6753.635966447643,none
307,1,326.1054535982895,80111.14196109718,310 314
308,1,500.23814280563937,48210.068754190404,312 320 323
309,1,423.83072203865765,4319.944383410231,none
310,1,293.7076435166981,70335.9559260824,307 314
311,1,523.0185455169088,72529.2566447114,291 292 293 301 302 303 304 313
312,1,458.6218040004213,66252.14770151583,308 320 323
313,1,509.54531122853155,89246.7039262111,291 292 293 297 298 301 302 303 304 305
314,1,264.1019839619744,68458.9216544332,307 310
315,1,344.54251104554265,61101.826615385085,none
316,1,203.38378996501098,61398.237769729385,318 319 325 328 333 340 342
317,1,224.0811597435379,27495.325594607402,none
318,1,158.79802123439404,65592.66833897946,316 319 325 328 333 340 342
319,1,280.6332878750162,66596.77885226064,316 318 325 328 333 340 342
320,1,491.86169122503634,15694.89971077128,323
321,1,469.2142480626653,39226.967071813386,324 327 330
322,1,212.82391793680162,1727.4104592887923,none
323,1,480.38285017013595,15555.203544728633,320
324,1,220.62421147217793,37677.54512865,321 327 330
325,1,486.6319489683636,80833.02367191654,306 316 318 319 328 333 340 342 356
326,1,315.46868968641274,11467.140614597316,none
327,1,250.18555117726888,37327.24103715219,321 324 330
328,1,313.6958957010999,58100.84095704758,325 333 340 342 356
329,1,439.0767503123477,115966.25487284562,332 343
330,1,381.9041442860099,38668.89152523692,321 324 327
331,1,330.4487988623059,47470.45910351791,334 337 338 346 352
332,1,451.44198835990454,112413.57572627877,329 343
333,1,472.75983603329087,77849.76595343217,316 318 319 325 328 340 342 356
334,1,246.6842830562761,20989.171668509425,331 337 338 346
335,1,132.64930995103026,7472.681206890514,none
336,1,392.0533898519257,48186.66787358427,317
337,2,236.22479854293059,8961.119036959142,346
338,1,326.1054535982895,13390.26752986464,331 334
339,2,362.5363699964676,40820.35430581253,341 344 351
340,1,501.2131794975613,77180.35894457807,316 318 319 325 328 333 342 356 363
341,2,378.84607466134537,40595.564028474866,339 344 351
342,1,338.8252504429089,75053.0061622027,319 325 328 333 340 356 363
343,1,452.0181464051312,118565.87997290831,329 332
344,2,441.78026113994974,44949.5460564031,339 341 351
345,1,265.6088588494902,30990.56621605012,none
346,1,465.8902593402038,10584.289209911542,337
347,1,445.5917682083723,6075.010428869903,none
348,1,153.1250804813931,23401.589723723086,353 358 361
349,1,196.91309191861927,89567.22507875565,none
350,1,400.5184811317943,46580.51652289088,355 360
351,2,348.13241886580107,21830.18513514182,339 341 344
352,1,399.49912459023943,39926.15701962076,331 334 338
353,2,253.7754589975273,6265.053944095434,none
354,1,482.6874823510426,8846.241986710871,none
355,1,297.1645917880581,64273.70961390674,350 360 366 368
356,1,219.78213432915436,58647.57062211805,325 328 333 340 342 363
357,1,375.0788874425557,9884.390144510046,none
358,1,421.2158509103213,23911.445273899044,348 353 361
359,1,204.0929075591361,56184.8052177215,none
360,1,264.36790305977127,47016.62384327783,350 355
361,1,295.34747795311245,24523.413757629023,348 353 358
362,1,480.42717001976877,4931.9128671402095,none
363,1,257.5869660659498,38685.201229901795,340 342 356
364,1,211.05112395148885,0.0,none
365,1,444.43945211791896,17592.4983926501,367
366,1,267.95781088002974,53434.84718770428,350 355 360 368
367,1,471.87343904063454,16945.783146807993,365
368,1,248.678676289753,47264.1058836275,350 355 360 366
369,1,307.53543660213796,9661.72721995476,none
370,1,416.119068202547,61637.21039894955,371 372 378
371,1,424.229600685353,61505.314526442286,370 372 378
372,1,555.5493151473987,56576.94724727269,370 371 378
373,1,230.6848173388281,146294.5052559829,374 376 377 379
374,1,415.5429101573203,169387.62882626153,373 376 377
375,1,558.0312267268366,8348.441435635037,none
376,1,423.0329647452669,130910.19905143841,373 374 377 379
377,1,468.90400911523557,155430.0672210968,373 374 376 379
378,1,277.6638579496173,59561.62320094532,370 371 372
379,1,415.76450940548443,163210.50546383762,373 376 377
380,1,552.5798852219998,38451.90154143463,375 389
381,2,592.0688712448423,36425.24345742504,383 398 400 403
382,1,293.7076435166981,16152.989676576108,388
383,1,374.68000879586026,17932.165720236033,381
384,1,211.76024154561398,8977.428741624019,none
385,2,391.65451120523034,60639.481944015504,none
386,2,504.8030873178198,0.0,none
387,2,553.2890028161248,0.0,none
388,1,261.79735178106773,15895.579989908689,382
389,1,443.81897422305946,37623.65219149649,375 380
390,1,546.5967055215691,11656.475012228722,none
391,2,620.1233360624175,0.0,none
392,1,274.6944280242183,167168.0907566499,393 397 399
393,1,262.90534802188824,144890.45241961515,392 397 399
394,1,349.2847349562544,10243.203647137358,none
395,1,325.61793525232855,48156.17581703689,none
396,1,521.8219095768227,11872.046760842759,401
397,1,506.53156145349976,186267.4640368159,392 393 399 402
398,2,554.1753998087813,36267.81935152926,381 383 400 403
399,1,223.23908260051434,107381.67727836693,392 393 397
400,1,452.5943044503578,33893.69364639836,381 383 398 403
401,1,567.3827149993616,11869.919408060383,396
402,1,422.45680670004026,275188.68298732355,397 399 404
403,1,550.053653792929,32895.96519146432,381 383 398 400
404,1,414.4792337661326,258747.08244993855,402
405,1,348.2210585650667,80193.39960201569,none
406,1,420.81697226362587,193616.75878232863,407
407,1,206.08730079261298,11681.2941280231,none
408,1,236.18047869329777,21532.355745609268,none
409,1,491.6400919768722,27159.91297258622,none
410,0,0,7346.458275136243,none
411,1,394.66826098026206,18515.769500201008,none
412,1,267.82485133113124,3199.538584692541,none
413,2,267.0270940377405,222202.70723670046,414 415 416 417 418 421 423
414,1,264.8554214057323,219801.6350629928,413 415 416 417 418 420 421 423
415,2,255.2823338850432,234907.96717064022,413 414 416 417 418 420 421 423
416,1,253.64249944862883,201960.9455123989,413 414 415 417 418 421 423
417,1,536.3588202563876,215471.05391567072,413 414 415 416 418 421 423
418,1,596.4122165088587,147192.24813014528,413 414 415 416 417 421 423
419,1,237.3327947837511,202635.31634441193,422
420,1,406.81189977965477,63326.32850815559,none
421,1,205.9100213940817,214475.45281351902,413 414 415 416 417 418 420 423
422,1,225.67667433031946,259868.19736625033,419
423,1,575.3602879332692,172961.58150065213,413 414 415 416 417 418 421
424,1,355.6667933033805,10306.315113014492,none
425,1,284.48911479307156,139538.74193675286,none
426,1,458.79908339895263,110948.53877681626,409 427 430 432 433
427,1,422.27952730150895,87697.99110064184,426 430 432 433
428,1,353.8053596188021,14671.643022448734,none
429,1,243.71485313087717,10478.630688386898,431
430,1,381.99278398527554,73241.91982680715,426 427 432 433
431,1,433.35948970971396,10394.954812280133,429
432,1,241.05566215290796,70696.18766389796,426 427 430 433
433,1,494.0776837066773,69788.5171434178,426 427 430 432
434,1,444.9269704638799,139911.02867366854,none
435,1,286.97102637250947,38449.06507105813,438
436,1,311.56854291872463,91898.09461064493,none
437,1,512.647700702829,74467.98414704947,none
438,1,290.60525404240076,38307.95066982723,435
439,1,448.1623194870758,65677.76245027449,445
440,2,218.9843770357636,22909.462113400252,442 443 444
441,1,215.74902801256775,25860.809540149003,none
442,1,239.59310711502494,31162.172673828398,440 443 444
443,2,335.45694187081455,23414.353840417338,440 442 444
444,2,225.543714781421,27399.59471940051,440 442 443
445,1,427.5092695581817,76713.75956764373,439
446,2,70.15832196875405,132909.20154927712,none
447,1,557.9869068772038,7427.297680866507,none
448,1,362.9795684927958,0.0,none
449,1,431.71965527329957,139139.50873126043,none
450,1,219.29461598319338,12203.20467729919,451
451,1,203.29515026574535,9460.337823223224,450
452,1,287.76878366590023,15436.071788915611,none
453,2,314.2277338966938,0.0,none
454,1,275.49218531760914,16150.862323793734,455 456 457
455,1,273.7193913322963,15989.89262992733,454 456 457
456,1,261.44279298400517,16096.969386640223,454 455 457
457,1,271.23747975285835,16660.008756375566,454 455 456
458,1,267.5589322333343,0.0,none
459,1,530.9074787515508,40362.97345760183,460 461 462
460,1,265.38725960132615,40109.10935890503,459 461 462
461,1,443.28713602746564,40623.21961464575,459 460 462
462,2,519.6059170951817,40255.187583294806,459 460 461
463,1,352.03256563348924,0.0,none
464,1,493.54584551108354,16029.603215198336,none
465,1,286.6164675754469,53853.935685832235,467 468
466,1,223.68228109684253,13155.549606209224,none
467,1,228.33586530828862,42439.9788907943,465 468
468,1,345.56186758709754,42332.90213408141,465 467
469,1,383.5882985720571,14319.920695762672,470
470,1,364.53076322994445,14332.684812456926,469
471,1,757.869428721222,48640.50313382435,479
472,1,626.1065157628481,40261.56964164193,none
473,1,463.62994700893,51779.76672301626,none
474,1,548.7683781535773,44816.941066301704,471 479
475,1,555.3277158992346,112808.55422620646,none
476,1,629.3861846356768,0.0,none
477,0,0,60564.31547903825,478 480 481 482 484 485
478,2,451.7965471569671,77791.61831071391,477 480 481 482 484
479,2,475.77358580832265,49717.652759300414,471
480,2,504.31556897185874,69854.46507967144,477 478 481 482 484
481,2,289.2313387037833,70252.98916756976,477 478 480 482 484 485
482,2,553.0674035679607,79241.76379069978,477 478 480 481 484 485
483,1,494.34360280447424,0.0,none
484,0,0,40484.941683791345,477 478 480 481 482
485,2,766.2902001514577,86201.04385944371,477 480 481 482 484
486,2,823.5071260274284,105231.63273297955,none
487,1,506.1770026564372,40253.76934810656,488 489
488,1,503.4734918288352,22261.328632369892,487 489
489,1,521.0241522834319,35667.90586689941,487 488
490,1,508.7475539351408,119250.88756883318,500 501 504 505
491,1,497.57895182767015,176691.54004575027,490 494 496 500 501 504 505
492,1,351.19048849046567,5338.946366168027,none
493,1,493.3242462629194,102503.65734838022,497 498 502 503 506 507
494,1,234.40768470798497,105799.63592587376,490 491 496 500 501
495,1,568.5793509394477,137226.30946231083,497 499 502 506 507
496,1,454.6773373831004,122686.56231236938,490 491 494 500 501
497,1,577.0444422193164,151779.52984654068,493 495 498 499 502 503 506 507 508
498,1,482.99772129847236,115137.29640531335,493 497 502 503 506 507 508 509
499,2,637.3637575695843,157950.27115061748,495 497 502 506 507 508 509
500,1,223.72660094647534,80835.86014229305,490 501 504 505
501,1,251.2935474180894,49104.9751579763,490 500
502,1,490.00025754045794,135707.37957569485,493 495 497 498 499 503 506 507 508 509
503,0,0,127569.54606551497,493 497 498 502 506 507 508 509
504,1,253.5095398997304,95391.91699689938,490 500 501 505
505,1,258.82792185566876,124933.75596815189,491 496 500 501 504
506,1,499.35174581298287,146271.8134929709,493 495 497 498 499 502 503 507 508 509
507,1,588.0357649282557,153763.64087490278,493 495 497 498 499 502 503 506 508 509 511 515
508,1,514.2875351392433,152056.08570824948,497 498 499 502 503 506 507 509 511 515
509,1,263.92470456344313,139052.99638477713,498 499 502 503 506 507 508 511 515 518
510,1,428.12974745304115,22710.909187045218,512
511,1,739.1664521761719,149894.6952813561,506 507 508 509 515 518 519
512,1,437.1709967781365,22434.35332533642,510
513,1,158.70938153512841,0.0,none
514,1,238.04191237787623,0.0,none
515,1,700.3865837474543,156957.5065188423,507 508 509 511 518 519 525 526 528
516,1,424.9387182794781,45377.853083254675,none
517,1,47.37791925748458,20762.25403838939,none
518,1,355.62247345374766,154122.45437753008,509 511 515 519 525 526 528 529 530
519,1,358.3703041309825,138472.22907518866,511 515 518 525 526 528 529 530 532
520,1,279.0820931378675,18259.068931127716,522 524
521,1,536.0929011585907,0.0,none
522,1,273.58643178339787,18481.022738088875,520 524
523,1,376.3641630819074,17429.401346001323,none
524,1,373.52769270540693,19643.975592454073,520 522
525,1,373.1288140587116,146478.1667128613,515 518 519 526 528 529 530 532 533
526,1,458.75476354931976,137770.91177459894,518 519 525 528 529 530 532 533 540
527,1,351.8996060845908,7598.904138644786,none
528,1,470.9427221983453,133838.14559758102,518 519 525 526 529 530 532 533 540
529,1,332.62047149431413,127383.04813826006,518 519 525 526 528 530 532 533 540
530,1,438.3676327182226,131973.16632503195,518 519 525 526 528 529 532 533 540
531,1,464.11746535489107,63871.639938037806,none
532,1,349.9495327007467,99960.05253825341,525 526 528 529 530 533 540
533,1,328.1884865310321,118536.80615154919,525 526 528 529 530 532 540 548
534,1,138.9427285988907,25587.090148816704,536 538 546
535,1,306.60471975984876,50791.25679680584,537
536,1,363.8216456358193,25553.0525042987,534 538 546
537,1,317.861961566585,51555.685563272724,535
538,1,435.0879638453939,25248.84105641902,534 536 546
539,1,779.8963939887335,73127.751894153,549 550 554 556 557
540,1,382.3473427823381,76129.44667008464,526 528 529 530 532 533 548
541,1,480.6487692679329,94805.47674655792,542 547 550 554 555 557
542,1,512.160182356868,101348.5047875504,541 547 550 554 555 557
543,1,447.5418415922164,47033.64266553683,544 551
544,1,352.83032292688,38078.905686924816,543 551
545,1,343.65611405288627,76829.34573548612,534 536 538 546 552 558 559 560 561
546,1,525.7663761941436,26104.036874933918,534 536 538
547,1,400.9173597784897,104380.6916200294,541 542 550 554 555 557
548,1,415.4542704580547,10493.522157863526,none
549,1,691.4782939712577,78240.48974779512,539 550 554 556 557
550,1,366.03763811746035,129599.04061990105,539 541 542 547 549 554 555 556 557
551,1,344.453871346277,40336.02698902507,543 544
552,1,495.8061578423573,50303.38389204776,545 558 559 560 561
553,1,23.400880606128958,0.0,none
554,1,330.2271996141418,125683.29326514214,539 541 542 547 549 550 555 556 557
555,1,408.71765331386604,96496.72220854631,541 542 547 550 554 557
556,1,294.41676111082324,77395.22157559797,539 549 550 554 557
557,1,683.5893607366156,123212.72756721023,539 541 542 547 549 550 554 555 556
558,1,492.79240806732554,50398.405649660526,545 552 559 560 561
559,1,231.03937613589065,50995.48266391388,545 552 558 560 561
560,1,461.45827437692185,51473.42792235421,545 552 558 559 561
561,1,481.88972505765184,50696.23503919308,545 552 558 559 560
562,1,360.49765691335784,23970.30203421143,563
563,1,348.3540181139652,22708.072716668717,562
564,1,175.37364499706874,0.0,none
565,2,266.27365659398254,9960.265727081434,567
566,1,451.0431097132091,42129.385384567504,565 567 568
567,2,441.38138249325436,9946.792492793058,565
568,1,455.6080542253896,44773.684893060075,565 566 567
569,1,570.7510235714559,14880.123595121519,none
570,1,363.02388834242856,40334.60875383682,569 573
571,1,499.573345061147,0.0,none
572,1,486.8978680661605,5154.575791695497,none
573,2,650.7040323090632,40036.07024671015,569 570
574,1,332.4431920957828,0.0,none
575,1,115.71912739129301,59653.09937058747,577 578
576,0,0,0.0,none
577,1,511.5397044620084,78280.90945066024,575 578 579 580 581
578,1,530.2426810070584,70368.57533541216,575 577 579 580 581
579,1,520.0934354411427,63057.572939982165,577 578 580 581
580,2,506.2656423557028,62689.540908631236,577 578 579 581
581,1,538.0429745424348,65918.1533146829,577 578 579 580
582,1,495.49591889492757,5373.69312828016,none
583,0,0,10533.941860728657,585
584,1,305.98424186498926,8143.506450932878,none
585,1,626.0621959132153,9672.363983866637,583
586,1,560.3358589077433,24164.60025500171,588
587,1,525.2788578481826,14807.08448292663,none
588,2,273.0989134374368,24309.969361797364,586
589,2,237.46575433264957,13748.371914897825,none
590,1,653.8064217833605,71718.02611703226,592 593
591,1,507.10771949872645,34151.812450659905,none
592,1,631.6021771173178,97270.36950373683,590 593
593,1,645.0310915560623,72171.15225967822,590 592
594,1,432.82765151412013,86015.96416737707,595 596 597
595,1,421.526089857751,70101.94712002111,594 596 597
596,1,460.70483693316385,100969.83599228758,594 595 597
597,1,451.44198835990454,111786.71577307215,594 595 596
598,1,650.2608338127351,17158.518425045528,599
599,1,676.099306148669,0.0,none
600,1,358.503263679881,15477.20060937487,601 602
601,1,573.8090931961206,5550.263409217315,none
602,1,589.3653604172404,14709.935372531489,600 601
603,1,396.8399336122702,46494.71329400174,605
604,1,370.3809833814767,44505.638442480784,606
605,1,399.23320549244255,47924.29436375799,603
606,1,565.6542408636816,46043.71450413817,604
607,1,311.08102457276357,60432.41960653097,608 616
608,1,620.8324536565426,0.0,none
609,1,570.1748655262293,144128.86012352476,610 611 612
610,1,532.1927543909026,168004.84951771755,609 611 612
611,1,534.1428277747466,128314.11953934634,609 610 612
612,1,566.4963180067052,153213.36562186168,609 610 611
613,1,532.9461918346605,82975.26792376854,615 626
614,1,155.69563176009666,9727.675156208395,none
615,1,568.4020715409165,93735.4182970231,613 626 628
616,1,272.7000347907414,136414.36981703757,617 619 620 621 623 624 625 627
617,1,408.58469376496754,163070.10018020082,616 619 620 621 623 624 625 627 633 637 640
618,1,496.869834233545,67801.56964467921,622 629
619,1,430.3457399346822,151960.35483304257,616 617 620 621 623 624 625 627 633 637 640
620,1,419.9748951206023,140052.85219249356,616 617 619 621 623 624 625 627 633 637 640
621,1,469.1256083633997,178679.9057796771,616 617 619 620 623 624 625 627 630 633 637 640
622,1,528.0266885254174,82116.52651728303,618 629 632
623,1,549.7434148454993,194081.2308064806,616 617 619 620 621 624 625 627 630 633 637 638 640 641
624,1,383.54397872242424,158309.0846532448,616 617 619 620 621 623 625 627 633 637 640
625,1,411.19956489330394,143738.13632916182,616 617 619 620 621 623 624 627 633 637 640
626,2,524.7470196525888,93747.47329612324,613 615 628
627,1,497.4903121284045,146968.87608799586,616 617 619 620 621 623 624 625 633 637 640 648
628,1,522.1764683738852,82919.95675142677,615 626
629,1,528.9574053677067,79171.5611488814,618 622 632
630,1,445.85768730616917,156739.80741744587,621 623 635 638 641 643 644 645 646
631,1,553.7765211620858,173945.8367212978,634 636 639
632,1,554.8845174029065,90525.95206601282,618 622 629
633,1,471.3416008450407,154296.18818809072,617 619 620 621 623 624 625 627 637 640 648
634,1,574.4738909406128,149874.1308711265,626 631 636 639
635,1,279.87985043125826,142251.11673428144,630 638 641 643 644 645 646
636,1,521.0684721330648,134123.91998801345,631 634 639
637,1,571.1499022181513,156020.0530594089,617 619 620 621 623 624 625 627 633 640 648 654
638,1,468.28353122037606,181021.41207547823,623 630 635 641 643 644 645 646
639,1,527.8050892772534,116380.3795478147,631 634 636
640,1,580.7229897388404,160157.75422112897,617 619 620 621 623 624 625 627 633 637 648 654 656
641,1,225.67667433031946,157483.67177368313,630 635 638 643 644 645 646
642,1,428.26270700193965,66462.75562697099,647
643,1,474.7542292667678,127990.05279883115,630 635 638 641 644 645 646
644,0,0,119608.99195386637,630 635 638 641 643 645 646
645,1,384.5190154143463,143075.82049624895,630 635 638 641 643 644 646
646,1,429.63662234055704,119056.5893480429,630 635 638 641 643 644 645
647,1,486.8978680661605,67896.59140229199,642
648,1,550.762771387054,156978.78004666604,627 633 637 640 654 656 662 665 671
649,1,387.798684287175,115298.97521677388,650 651 653 657 658 659 663 668 675
650,1,622.9598064389179,134628.81171503052,649 651 653 657 658 659 660 661 663 666 668 669 678
651,1,582.6287432730517,129400.487693546,649 650 653 657 658 659 660 661 663 666 668 678
652,1,420.6396928650946,31090.551796821757,655
653,1,525.5004570963467,158456.5811128228,649 650 651 657 658 659 660 661 663 666 668 669 674 678
654,1,530.7745192026523,147912.00248818228,637 640 648 656 662 665 671 677 681 684 685
655,1,411.908682487429,31115.37091261614,652
656,1,502.7643742347101,143579.29398807778,648 654 662 665 671 677 681 684 685
657,1,505.02468656598387,102443.38235287958,649 650 651 653 658 659 663 668 678
658,1,390.14763631771444,107086.68435921088,649 650 651 653 657 659 663 668 674 678
659,1,551.8707676278747,108853.09628617654,649 650 651 653 657 658 663 668 678
660,1,259.271120351997,159852.83365565515,649 650 651 653 657 658 659 661 663 664 666 668 669 674 676 678
661,1,312.58789946027946,95179.18171866186,660 664 666 669 670 674 676
662,1,531.7938757442072,142838.26610221705,648 654 656 665 671 677 681 684 685
663,1,523.5060638628698,144045.184247418,649 650 651 653 657 658 659 660 661 666 668 674 678
664,1,458.31156505299157,133472.24091901246,660 661 666 669 670 674 676
665,1,362.49205014683474,142618.43964803827,648 654 656 662 671 677 681 684 685
666,1,517.8774429595016,78168.15975319436,660 661 664 669 670 676
667,1,416.69522624777363,26273.51597992982,673
668,1,523.0185455169088,99711.15226271549,649 650 651 653 657 658 659 663 678
669,1,465.5357005431412,113678.64151419798,660 661 664 666 670 676
670,1,470.8984023487125,115039.43817732407,661 664 666 669 676
671,1,134.0675451392805,140476.9045137804,648 654 656 662 665 677 681 684 685
672,1,562.7291307879154,233347.90846356496,677 680 681 684 685 687 695 698 700
673,1,464.56066385121926,26474.19625906723,667
674,1,512.1158625072351,10850.20830770846,none
675,1,333.01935014100945,3332.1435747939386,none
676,1,458.0013261055619,119998.29751304105,660 661 664 666 669 670
677,1,578.3297178586681,151493.75545610825,654 656 662 665 671 672 681 684 685 698
678,1,507.94979664175,115440.79873559892,650 651 653 657 658 659 660 661 663 666 668 674
679,1,292.11212892991665,41094.07369714483,686 690 696
680,1,554.1753998087813,227950.10533708456,672 681 684 685 687 695 698 700 704 708
681,1,546.7296650704675,150804.49315461863,654 656 662 665 671 672 677 680 684 685 698 704
682,1,393.95914338613693,15266.592683919707,683
683,1,398.61272759758305,11394.810619996553,682
684,1,392.76250744605085,226439.68486159804,654 656 662 665 671 672 677 680 681 685 687 695 698 700 704 708 710 713
685,1,561.2665757500324,158509.76493238218,656 662 665 671 672 677 680 681 684 687 698 704 710 713 716
686,1,458.57748415078856,53308.624255950024,679 690 696
687,1,535.6053828126296,223218.87274908175,672 680 684 685 695 698 700 704 708 710 713 716
688,2,372.9515346601803,0.0,none
689,1,526.8300525853313,6794.764786906899,none
690,1,496.6925548350137,60110.48021879817,679 686 696 719
691,1,480.24989062123745,15988.47439473908,692 694
692,0,0,16121.079384840477,691 694
693,2,247.5263601992997,95611.03433348404,697 699 701
694,1,318.52675931107734,16226.73790636512,691 692
695,1,487.29674671285585,213679.82287291065,672 673 680 684 687 698 700 704 708 710 713 716 721 723 725
696,2,240.61246365657976,68808.51662833689,679 686 690 719 722
697,1,456.494451218046,114255.86323581584,693 699 701 711
698,1,514.3318549888761,151175.36165634607,672 677 680 681 684 685 687 695 700 704 710 713 716 721 723 725 731
699,1,246.32972425921358,71673.35170860238,693 697 701 702 711
700,1,582.7617028219502,192573.64680137057,672 680 684 687 695 698 704 708 710 713 716 721 723 725 731
701,1,412.4848405326557,90662.10264408484,693 697 699 702 711
702,1,427.81950850561145,45126.11633734027,699 701 711
703,1,309.04231148965386,91820.80079288529,707 709 712 717 720 724
704,1,585.1549747021224,151245.56429816448,680 681 684 685 687 695 698 700 708 710 713 716 721 723 725 731 732
705,1,476.438383552815,4614.937302566281,714
706,1,557.0561900349146,6313.273940495943,none
707,1,316.62100577686607,73912.03595325538,703 709 712 724
708,1,561.9313734945247,194030.17433970358,680 684 687 695 700 704 713 716 723 725 731 732
709,1,566.2747187585411,97036.36069767554,703 707 712 717 720 724
710,1,301.99545539803546,137709.21854391004,684 685 687 695 698 700 704 708 713 716 721 723 725 731 732
711,1,409.2938113590927,51532.993800260716,697 699 701 702
712,1,612.7219211737364,78777.29176654782,703 707 709 717 724
713,1,380.26430984959563,141307.99033409503,684 685 687 695 698 700 704 708 710 716 721 723 725 731 732
714,1,253.11066125303503,4807.817288168313,705
715,1,648.3994001281566,121944.8253089145,726 729 733 738 739
716,1,388.68508127983137,130329.43174184993,685 687 695 698 700 704 708 710 713 721 723 725 731 732 740
717,1,446.3452056521302,98301.42648559475,703 709 720 724
718,2,338.11613284878376,8894.46198311138,none
719,1,443.06553677930157,90751.4514609446,690 696 722
720,1,535.3837835644656,95759.94902825032,703 709 717 724
721,1,128.7491631833421,115688.28077594857,695 698 700 704 710 713 716 723 725 731 732 740
722,1,486.80922836689484,57547.72923362999,696 719
723,1,564.3689652243298,110154.32707139612,695 698 700 704 708 710 713 716 721 725 731 732 740 743
724,1,610.6832080906267,83153.25643989394,703 707 709 712 717 720
725,0,0,102098.04208454065,695 698 700 704 708 710 713 716 721 723 731 732 740 743
726,2,455.2091755786942,125025.94125538816,715 729 733 738 739 742
727,1,474.93150866529913,36347.9496396654,728 730
728,1,540.2589670240758,37086.14105514965,727 730
729,1,457.91268640629625,98529.05323330892,726 733 738 739 742 750 756
730,1,551.8264477782418,37820.78688266328,727 728
731,1,289.2756585534161,119365.76461908144,698 700 704 708 710 713 716 721 723 725 732 740 743
732,1,247.21612125186994,83353.93671903135,704 708 710 713 716 721 723 725 731 740 743
733,1,459.1093223463823,137806.36765430518,715 726 729 738 739 742 750 756
734,1,613.342399068596,88244.7207657123,737 745 762 766
735,1,433.2708500104483,30908.308575131607,none
736,1,296.0565955472376,11521.742669344949,none
737,1,572.5238175567687,92480.28015542166,734 745 762 766
738,1,583.8696990627707,115084.8217033481,726 729 733 739 742 750 756 768 773 774
739,1,569.2441486839401,140013.85072481667,715 726 729 733 738 742 750 756 768 772 773 774
740,1,298.13962847998016,52537.10431354189,721 723 725 731 732 743
741,1,615.3811121517057,49731.83511118291,747 757
742,1,615.8243106480339,116522.2030666397,726 729 733 738 739 750 756 768 773 774 777
743,1,306.0728815642549,42698.80681264997,723 725 731 732 740
744,1,497.5346319780373,113959.45208147154,746 751 758 760 771 780 784
745,1,505.02468656598387,92690.17896328268,734 737 762 766
746,1,509.23507228110174,116132.89750746502,744 751 758 760 771 780 784
747,1,490.97529423237995,4616.355537754531,none
748,1,295.6577169005422,6290.582177483939,none
749,1,495.0527203985994,26579.145662997744,763 764 769 770
750,1,237.64303373118085,90491.9144214948,729 733 738 739 742 756 768 773 774
751,1,507.0190797994608,61987.514490447364,744 746 758
752,1,247.5706800489325,33273.924869133,none
753,1,110.31210573608897,125325.18888010895,754 755 759 765 767 776 778
754,1,547.7490216120224,99304.11876368767,753 759 765 776 778
755,1,549.1229369506398,158994.80136676377,753 759 765 767 776 778
756,1,539.2396104825209,95959.21107219948,729 733 738 739 742 750 768 773 774 777
757,1,573.3215748501594,43436.2891105401,741
758,1,513.3124984473212,62384.62034315743,744 746 751
759,1,524.9686189007529,139761.40486130814,753 754 755 765 767 776 778
760,1,495.7618379927245,55406.90321696625,771 780 784
761,1,461.5469140761875,14078.111596166007,none
762,1,461.6798736250859,72906.50720478596,734 737 745 766
763,1,511.36242506347713,26459.304789590602,749 764 769 770
764,1,490.44345603678613,27421.57736481839,749 763 769 770
765,1,517.0353658164781,112789.40805116508,753 754 759 776 778
766,1,465.5357005431412,78587.2482513223,734 737 745 762
767,1,560.2915390581104,106504.49881443415,753 755 759 776 778
768,1,476.1281446053852,96633.58190421248,733 738 739 742 750 756 773 774 777 789 790
769,1,496.29367618831833,28544.11051631845,749 763 764 770
770,1,476.1281446053852,27537.872650254907,749 763 764 769
771,1,516.3705680719858,99997.63577074204,760 780 782 784 786
772,2,481.75676550875335,14954.580942504655,none
773,1,426.53423286625963,110003.2850238475,738 739 742 750 756 768 774 777 789 790 793 795 800
774,1,323.7121817181173,118086.51647927973,738 739 742 750 756 768 773 777 789 790 793 795 800
775,1,500.6370214523347,30321.159207196004,783 785
776,1,555.7709143955628,119142.39257693203,753 754 755 759 765 767 778
777,1,507.3736385965234,101085.42216012998,742 750 756 768 773 774 789 790 793
778,1,553.5992417635546,108801.3307018054,753 754 755 759 765 767 776
779,1,497.0471136320763,0.0,none
780,1,413.5485169238434,70395.5218039889,744 746 751 758 760 771 784
781,1,513.13521904879,8163.361743568381,none
782,1,493.6344852103491,44302.830810561,786
783,1,260.29047689355184,30220.46450883024,775 785
784,1,485.0807542312149,66948.5011789467,746 751 758 760 771 780
785,0,0,72761.84721558444,775 783 798
786,1,519.2070384484863,44125.551412029716,782
787,1,651.9449880987821,60670.683118157016,796
788,1,363.11252804169425,26423.848909884346,791 792
789,1,497.40167242913884,86988.87350651671,768 773 774 777 790 793 795 800
790,1,463.27538821186744,89906.18328874746,768 773 774 777 789 793 795 800
791,1,516.4592077712515,25877.828362408,788 792
792,1,458.222925353726,25712.603962976853,788 791
793,1,737.3050184915934,64192.870208176486,768 773 774 777 789 790 795
794,2,528.5585267210113,35829.58467835993,797
795,1,314.36069344559223,58750.392673266186,773 774 777 789 790 793 800
796,1,475.1531079134632,74668.66442618688,787
797,1,519.6945567944473,35706.907334576295,794
798,1,472.2723176873299,41598.96542416191,none
799,1,352.3871244305518,49516.972480163,802 803 813
800,1,483.6181991933318,58781.5938474077,773 774 777 789 790 793 795
801,2,686.9576693087099,46464.93035504849,804 815
802,1,485.6569122764415,54165.94742724729,799 803 813
803,1,508.03843634101565,54764.442676688894,799 802 813
804,2,463.0981088133361,46069.24273752667,801 815
805,1,511.7169838605397,92115.79371204134,807 809 811 812 817 826 827 829
806,1,178.25443522320202,3399.509746235825,none
807,1,619.3255787690266,94150.96120718043,805 809 811 812 817 826
808,2,425.6921557232361,10884.245952226467,none
809,1,325.0860970567347,75057.26086776746,805 807 811 812 817
810,1,288.1233424629628,1354.4146047789793,none
811,1,551.3389294322808,95513.17610549477,805 807 809 812 817 826 827 829
812,1,434.6004454994329,92702.2339623828,805 807 809 811 817 821 826
813,1,508.8805134840392,52754.09429734418,799 802 803
814,1,318.70403870960865,9399.353710128466,816
815,2,648.6209993763206,47282.54294107475,801 804
816,1,457.69108715813206,9788.659269303156,814
817,1,540.0816876255445,78790.0558832421,805 807 809 811 812
818,0,0,0.0,none
819,1,257.0994477199888,1563.6042950458896,none
820,1,236.57935733999315,21447.26163431425,822 823
821,1,128.83780288260772,60136.7175697808,807 809 812 824 825
822,1,507.9941164913828,22008.88276886135,820 823
823,1,479.09757453078413,30857.961225948722,814 816 820 822
824,1,539.5941692795835,994.8919845575433,none
825,1,588.3903237253182,22636.45183966208,824
826,1,484.2386770881913,35409.787062637864,827 829 838
827,1,514.1988954399776,32930.00283598232,826 829 838
828,1,464.9152226482818,31302.57795746517,832
829,0,0,35458.7161766325,826 827 838
830,1,439.6085885079416,35868.58614603682,834 837
831,1,533.56666972952,74953.02058143106,833 835 836 840 842 843 844 847
832,1,245.975165462151,31036.658859668252,828
833,1,291.93484953138534,82914.9929282679,831 835 836 840 842 843 844 847
834,1,441.38138249325436,96629.32719864772,830 837 839 846 848 850
835,1,567.4270348489945,83511.36082492713,831 833 836 840 842 843 844 847
836,1,352.69736337798156,84436.05016766628,831 833 835 840 842 843 844 847
837,1,455.4307748268583,113945.26972958902,830 834 839 846 848 850 851 853
838,1,278.37297554374237,35676.41527802891,826 827 829
839,1,452.1511059540297,114297.70117386922,830 834 837 846 848 850 853
840,1,505.06900641561674,81161.34511799648,831 833 835 836 842 843 844 847
841,1,471.5632000932048,0.0,none
842,1,529.1346847662379,83385.13789317285,831 833 835 836 840 843 844 847
843,1,461.8128331739844,86633.60559186003,831 833 835 836 840 842 847
844,1,296.2781947954017,62540.62621386496,831 833 835 836 840 842 847
845,2,345.65050728636317,51702.47290525662,849 852 855 861
846,1,423.2988838430638,121106.64831265861,830 834 837 839 848 850 853 869 873
847,1,510.8749067175161,0.0,none
848,1,436.5061990336442,112541.21689322128,830 834 837 839 846 850 853 869 873
849,1,373.4390530061413,53187.36514735462,845 852 855 861
850,1,507.2406790476249,112445.48601801439,834 837 839 846 848 853 869 873
851,1,458.04564595519463,118189.33853042788,834 837 839 846 860 869
852,1,362.5363699964676,52690.98283146704,845 849 855 861
853,1,475.3747071616273,110428.75558032256,837 839 846 848 850 860 869 873
854,2,569.1998288343073,64375.82254746077,859 865 872 877
855,1,315.645969084944,52300.25903710409,845 849 852 861
856,1,663.2022299055185,131839.85221733645,863 868 874 878
857,1,367.85475195240593,36307.52993680027,864 871
858,1,265.38725960132615,88635.44456007525,none
859,2,466.7766563328603,115981.14634232224,854 865 872 877
860,1,246.24108455994792,132574.49804485004,839 846 850 851 853 869 873
861,1,310.99238487349794,53141.98162133061,845 849 852 855
862,1,442.2677794859108,112519.94336539754,867 870 875 879 881 883
863,1,436.99371737960513,109006.9748041017,856 868 874 878 884
864,1,318.6597188599758,60093.46139653917,857 871 880
865,1,691.6112535201561,73626.97068041709,854 859 872 877
866,1,291.93484953138534,6920.278601067045,none
867,1,528.647166420277,120552.11835405279,862 870 875 879 881 883 885
868,1,449.0043966300994,113089.36479348001,856 863 874 878 884 886
869,1,440.71658474876205,125705.98502815414,846 848 850 851 853 860 873
870,1,517.6115238617048,127053.30845699187,862 867 875 879 881 883 885
871,1,419.9305752709695,60995.45897626632,857 864 880
872,1,728.3524088657638,74399.90885801347,854 859 865 877
873,1,450.55559136724816,100812.41188639181,846 848 850 853 860 869
874,1,451.6635876080686,117943.98384286059,856 863 868 878 884 886 888
875,1,492.8810477665912,134705.39641519604,862 867 870 879 881 883 885 891
876,1,443.1541764785672,25865.06424571375,none
877,1,700.2093043489232,74304.8871004007,854 859 865 872
878,1,450.55559136724816,67784.55082242022,856 863 868 874
879,2,553.8651608613515,141017.96123809787,862 867 870 875 881 883 885 891 892
880,1,355.9770322508102,23268.27561602756,none
881,1,525.8993357430421,133768.65207335676,862 867 870 875 879 883 885 891 892
882,1,359.9214988681312,90355.7638434228,887 890 894 895 896 897
883,0,0,127345.46490577143,862 867 870 875 879 881 885 891 892
884,1,412.0416420363275,138989.1758013059,856 863 868 874 878 886 888
885,1,493.72312490961474,118105.6626543211,867 870 875 879 881 883 891 892
886,1,419.88625542133667,129098.40359844873,868 874 878 884 888
887,1,340.2434856311591,90877.67439269887,882 890 894 895 896 897
888,1,413.06099857788234,126047.77970852246,874 878 884 886
889,1,680.7972102097481,9177.399903167303,none
890,1,344.05499269958165,89562.9703731909,882 887 894 895 896 897
891,1,487.91722460771535,99136.76701147415,875 879 881 883 885 892
892,1,549.6990949958664,91724.36080008427,879 881 883 885 891
893,1,214.5080722228488,20786.364036589643,none
894,1,356.50887044640405,86728.6273494728,882 887 890 895 896 897
895,1,362.2261310490378,84299.19047200013,882 887 890 894 896 897
896,1,384.341736015815,84574.32809852068,882 887 890 894 895 897
897,1,351.9882457838564,87651.89845702371,882 887 890 894 895 896
898,2,916.445850707452,38712.85681607267,901
899,1,541.7215220619588,24609.92610411229,902
900,1,363.4670868387568,13242.771070286615,none
901,2,693.2067681069376,38856.098570085946,898
902,1,329.7396812681808,24972.99431230435,899
903,2,424.1852808357202,33979.4968752875,905 906 908
904,1,471.3416008450407,24892.154906574087,none
905,1,417.4486636915315,34131.9571580244,903 906 908
906,1,431.63101557403394,33999.352167923,903 905 908
907,1,140.67120273457067,3275.4141672639294,none
908,1,405.17206534324043,34074.51863290027,903 905 906
909,1,663.6897482514795,32394.619052417856,none
910,1,546.4194261230377,41967.706573106974,911
911,1,540.6135258211384,41813.828055181824,910
912,1,311.3912635201933,37313.05868526969,913 917
913,1,501.87797724205365,40789.15313167103,912 917
914,1,810.2554909872151,36565.648741061814,915 919
915,0,0,34756.68975844863,914 919
916,1,611.3923256847519,0.0,none
917,1,502.3211757383819,42208.80655510951,912 913
918,1,623.0927659878163,0.0,none
919,1,600.3123632765469,33651.175429207564,914 915
920,1,383.9428573691197,41867.72099233534,921 922 924 927
921,1,401.3605582748179,45582.07895036271,920 922 924 927
922,1,569.8203067291668,45502.6577798207,920 921 924 927
923,1,367.54451300497624,67544.86907560592,925 926 928 929 930 931 932 933
924,1,561.621134547095,45560.09630494484,920 921 922 927
925,1,321.3632296875778,68923.39367858517,923 926 928 929 930 931 932 933
926,1,383.49965887279143,68505.01429805135,923 925 928 929 930 931 932 933
927,2,645.5186099020233,44889.27106090247,920 921 922 924
928,1,367.4558733057106,70359.35680668853,923 925 926 929 930 931 932 933
929,1,370.20370398294546,68539.76106016347,923 925 926 928 930 931 932 933
930,1,381.0177472933535,70106.20182558586,923 925 926 928 929 931 932 933
931,1,376.8960012775013,68045.50609705827,923 925 926 928 929 930 932 933
932,1,367.98771150130443,68224.91284837193,923 925 926 928 929 930 931 933
933,1,362.3590905979363,67919.28316530399,923 925 926 928 929 930 931 932
934,1,531.1733978493477,61915.89361344072,936 937 943
935,1,695.9989186338053,74815.45176817078,938
936,1,524.8799792014872,83931.1584406492,934 937 942 943
937,1,532.4586734886994,92062.60989248195,934 936 942 943 945
938,1,710.8460682607999,70134.56652935086,935
939,0,0,10237.530706384357,none
940,1,370.07074443404696,100672.00660275503,none
941,1,786.1011729373283,54608.436805981364,944
942,1,325.0860970567347,90125.30062533212,934 936 937 943 945
943,1,555.0174769518048,88665.93661662262,934 936 937 942 945
944,1,464.6493035504849,18579.59008367227,none
945,1,521.0684721330648,71871.9046349574,942 943
946,1,414.6565131646639,9769.513094261778,949
947,1,381.6825450378458,13351.266062187759,none
948,1,718.5577220969105,0.0,none
949,1,637.4523972688501,9708.528981167017,946
950,1,724.8954605944039,98826.17350524735,956 957 959
951,1,608.910414105314,40534.57991538011,952 953
952,1,451.2647089613732,123526.15754381352,951 953
953,1,808.7042962500666,142102.20203951516,951 952
954,1,567.8259134956899,0.0,none
955,1,503.6950910769993,0.0,none
956,1,357.8384659353886,101643.49770670645,957 958 959
957,1,359.12374157474045,103524.07756632628,950 956 959
958,1,256.25737057696523,44702.77313364756,956 959
959,1,267.95781088002974,114182.11500602683,950 956 957 958
960,1,424.58415948241554,52157.01728309083,963 964
961,2,515.4841710793294,122300.0932235712,960 962 963 964
962,1,438.89947091381646,94845.89644942305,960 961 963 964
963,2,616.0015900465652,92983.75364725049,960 961 962 964
964,2,422.27952730150895,89952.98504995972,960 961 962 963
965,2,459.81843994050746,73728.37449637697,973
966,1,608.1126568119232,74811.90618020015,967 969 970 971 972 974
967,1,594.2848637264833,79484.9911254847,966 969 970 971 972 974 978
968,2,444.2178528697549,6721.016557117888,none
969,1,615.4254320013384,90047.29768997835,966 967 970 971 972 974 978 981
970,1,598.5838891408669,96011.68577416474,966 967 969 971 972 974 978 981 983
971,1,553.0230837183279,119967.80545649368,966 967 969 970 972 974 978 981 983 985
972,1,604.8773077887273,128422.61453124748,966 967 969 970 971 974 978 981 983 985 988
973,1,417.62594309006283,71059.25587209001,965 975 977
974,1,590.2517574098968,126349.86380361975,966 967 969 970 971 972 978 981 983 985 988 989
975,1,413.7257963223747,63421.35026576836,973 977
976,1,440.67226489912923,50075.7571443336,982
977,1,431.45373617550274,60244.503444087815,973 975
978,1,598.0077310956402,113607.02063719135,969 970 971 972 974 981 983 985 988 989
979,1,410.446127449546,23364.715608828577,none
980,1,434.0242874542062,46235.17625455195,979
981,1,586.0856915444116,108509.17425302585,969 970 971 972 974 978 983 985 988 989
982,1,423.742082339392,43507.90998754674,976
983,1,596.4122165088587,93561.68448646246,970 971 972 974 978 981 985 988 989
984,2,500.76998100123313,15053.148288088047,987
985,1,593.8416652301552,84060.21784277997,971 972 974 978 981 983 988 989
986,0,0,0.0,none
987,2,288.566540959291,14451.816568269944,984
988,1,609.4422523009077,77771.05390048429,972 974 978 981 983 985 989
989,1,600.04644417875,69258.80630060635,974 978 981 983 985 988
990,1,428.3956665508381,18237.086285709836,none
991,2,423.6977624897592,69609.11039210415,993
992,0,0,65363.623356077056,996 997 998
993,1,495.5845585941932,69682.14950429904,991
994,1,216.5467853059585,42341.41154521091,none
995,1,176.48164123788925,0.0,none
996,2,716.1201303671056,73353.25128908479,992 997 998
997,2,915.5594537147956,75686.95729135055,992 996 998
998,2,690.6805366778668,74275.10416144744,992 996 997
999,2,605.0545871872587,45674.9733551931,none
1000,1,431.2764567769714,76626.53810356634,1001 1002 1003 1004 1006 1012
1001,1,480.5158097190344,124036.72221158362,1000 1002 1003 1004 1006 1011 1012 1013 1015 1016
1002,1,407.65397692267834,123959.42839382397,1000 1001 1003 1004 1006 1011 1012 1013 1015 1016
1003,1,533.6996292784185,113349.61095052393,1000 1001 1002 1004 1006 1012 1013 1015 1016 1018
1004,1,493.7674447592476,125478.35828043998,1000 1001 1002 1003 1006 1011 1012 1013 1015 1016
1005,1,464.9152226482818,31728.04851394024,none
1006,1,479.18621423004987,102805.74144347753,1000 1001 1002 1003 1004 1012 1013 1015 1016 1018 1020
1007,1,334.4375853292597,27230.115614404607,1009 1010
1008,1,437.08235707887087,80184.89019088619,1005
1009,1,310.46054667790406,27049.99974549683,1007 1010
1010,1,501.7450176931552,27310.245902540744,1007 1009
1011,1,757.7807890219563,87195.22672640713,1001 1002 1004 1012 1013 1016
1012,1,648.7096390755863,137006.48300813205,1000 1001 1002 1003 1004 1006 1011 1013 1015 1016 1018 1020
1013,1,509.8112303263284,138075.83234007272,1001 1002 1003 1004 1006 1011 1012 1015 1016 1018 1020
1014,1,303.6796096840826,8615.069651026082,1017
1015,1,427.81950850561145,83662.40287247578,1001 1002 1003 1004 1006 1012 1013 1016
1016,0,0,114184.2423588092,1001 1002 1003 1004 1006 1011 1012 1013 1015
1017,1,306.82631900801283,8370.424081052915,1014
1018,1,430.83325828064324,11514.651493403699,1020
1019,1,319.8120349504291,9707.110745978767,1021
1020,1,423.83072203865765,96264.8407552674,1004 1006 1011 1012 1013 1015 1016 1018
1021,1,147.67373897655622,17230.848419646292,1019
1022,1,722.9453872105598,48233.46963479654,none
1023,1,591.3154338010844,31055.095917115505,1024
1024,1,244.95580892059613,31217.48384617016,1023
1025,1,305.3637639701298,363.06820819206143,none
1026,1,264.94406110499796,5065.936092429857,none
1027,0,0,0.0,none
1028,1,436.550518883277,15706.245592277282,1030 1031
1029,1,389.52715842285494,0.0,none
1030,2,537.8656951439035,15897.707342691065,1028 1031
1031,2,466.86529603212585,15862.25146298481,1028 1030
1032,1,484.2829969378241,36500.4099224023,1033 1034
1033,1,468.6380900174386,33998.64305032888,1032 1034
1034,1,483.48523964443336,30487.80184181541,1032 1033
1035,1,70.06968226948841,63325.619390561464,1036 1037 1038 1039 1040
1036,1,475.4190270112601,67550.54201635893,1035 1037 1038 1039 1040
1037,1,470.765442799814,65639.47010019173,1035 1036 1038 1039 1040
1038,1,473.51327347704887,65858.58743677639,1035 1036 1037 1039 1040
1039,1,479.0089348315185,66018.84801304867,1036 1037 1038 1040
1040,1,463.80722640746126,66573.37797165451,1036 1037 1038 1039
1041,2,112.21785927030024,19341.18237976265,none
1042,2,457.6024474588665,29552.475735164375,1043 1044
1043,2,482.95340144883954,35349.51206713723,1042 1044
1044,2,467.26417467882123,35859.36761731319,1042 1043
1045,2,500.23814280563937,13825.665732657464,1046
1046,2,558.6073847720633,13743.40809173895,1045
1047,1,454.2341388867722,143751.6095634502,1048 1049 1050
1048,1,499.83926415894393,152842.49712013424,1047 1049 1050
1049,1,388.9953202272612,173347.34147185623,1047 1048 1050 1051 1052 1053 1054 1055
1050,1,483.92843814076156,166354.02375859427,1047 1048 1049 1051 1052 1053 1054 1055
1051,1,460.6605170835311,166039.1755468027,1049 1050 1052 1053 1054 1055 1056 1057
1052,1,524.0379020584637,164776.94622926,1049 1050 1051 1053 1054 1055 1056 1057 1058
1053,1,516.9910459668453,150547.79258554534,1049 1050 1051 1052 1054 1055 1056 1057 1058
1054,1,408.71765331386604,153306.96914428618,1049 1050 1051 1052 1053 1055 1056 1057 1058
1055,1,426.80015196405657,145277.63062600745,1049 1050 1051 1052 1053 1054 1056 1057
1056,1,478.92029513225293,126047.07059092833,1051 1052 1053 1054 1055 1057 1058
1057,1,506.66452100239826,93130.54098923437,1051 1052 1053 1054 1055 1056 1058
1058,1,470.98704204797815,74950.89322864868,1052 1053 1054 1056 1057
1059,1,543.0067977013106,0.0,none
1060,1,499.39606566261574,12724.406108981153,none
1061,1,535.029224767403,28602.96727663084,1063
1062,1,481.93404490728466,26030.99776273903,1064
1063,2,534.5860262710748,27951.99732522398,1061
1064,1,522.6639867198462,25104.181067217498,1062
1065,1,472.05071843916585,113134.03920190988,1067 1068 1069
1066,2,1077.8587430701823,32970.42253884745,1070 1071
1067,1,514.4648145377745,152321.29568845226,1065 1068 1069
1068,1,527.7607694276205,156885.17652424154,1065 1067 1069
1069,1,547.8819811609208,140276.9333522371,1065 1067 1068
1070,1,672.2877990802466,33000.91459539483,1066 1071
1071,1,639.9786286979207,32583.953450049263,1066 1070
1072,1,446.5224850506615,57415.12424352859,1073 1075
1073,1,479.80669212490926,68966.64985182679,1072 1074 1075
1074,1,278.72753434080494,53440.52012845729,1072 1073 1075
1075,1,508.6589142358751,76232.9778388269,1072 1073 1074
1076,1,240.87838275437667,92693.72455125331,1077 1078 1079 1080 1081 1082 1085
1077,1,492.1719301724661,101023.7289294411,1076 1078 1079 1080 1081 1082 1085
1078,1,710.092630817042,67393.82702805728,1076 1077 1079 1080 1081 1085
1079,0,0,92834.8389524842,1076 1077 1078 1080 1081 1082 1085 1089 1090
1080,1,545.9319077770767,91946.31460704544,1076 1077 1078 1079 1081 1082 1085 1089 1090 1091
1081,1,545.0011909347876,105770.56210451464,1076 1077 1078 1079 1080 1082 1085 1089 1090 1091
1082,1,498.06647017363116,127766.68075668174,1076 1077 1078 1079 1080 1081 1085 1089 1090 1091 1097
1083,2,665.6398216353235,90052.97063073138,1084
1084,2,670.958203591262,131692.3557577584,1083
1085,1,72.50727399929352,111939.88517340319,1076 1077 1078 1079 1080 1081 1082 1090 1091 1097
1086,1,571.1942220677842,60664.301059809884,none
1087,1,644.8094923078982,95870.57137293385,1088
1088,2,703.1344144246892,97553.30742379275,1087
1089,1,494.2106432555758,111381.80962682673,1078 1079 1080 1081 1082 1085 1090 1091 1097
1090,1,609.2649729023765,113953.77914071853,1079 1080 1081 1082 1085 1091 1097
1091,1,635.3693643361074,126346.31821564912,1079 1080 1081 1082 1085 1089 1090 1097 1101 1103
1092,1,520.7582331856349,51825.859366634395,1095 1096
1093,1,163.27432604730885,0.0,none
1094,1,528.5585267210113,33432.05809262291,none
1095,1,470.36656415311865,48861.74782319139,1092 1096
1096,1,530.9961184508164,69358.79188137798,1092 1093 1095
1097,1,478.3884569366591,121532.11886913369,1082 1085 1089 1090 1091 1101 1103
1098,1,626.0621959132153,138331.8237915519,1099 1100 1102 1104 1106 1107 1108 1109 1110 1112 1113 1116
1099,1,469.34720761156376,93219.18068850001,1098 1100 1102 1104 1106 1107 1108 1109 1110 1112
1100,1,355.57815360411485,101638.53388354757,1098 1099 1102 1104 1106 1107 1108 1109 1110 1112 1116
1101,1,273.98531043009325,83432.64877197925,1097 1103
1102,1,558.3857855238991,90003.3323991426,1098 1099 1100 1104 1106 1107 1108 1109 1110 1112
1103,1,673.7946739677625,74373.67150703083,1091 1097 1101
1104,1,558.0755465764694,141377.4838583193,1098 1099 1100 1102 1106 1107 1108 1109 1110 1112 1113 1116
1105,1,555.6822746962972,62162.666536196266,1111 1115 1120
1106,1,533.7882689776841,115473.41814492867,1098 1099 1100 1102 1104 1107 1108 1109 1110 1112 1116
1107,0,0,134420.33114235773,1098 1099 1100 1102 1104 1106 1108 1109 1110 1112 1113 1116
1108,2,504.75876746818693,121383.91329196154,1098 1099 1100 1102 1104 1106 1107 1109 1110 1112 1116
1109,1,484.7261954341523,130559.18584234647,1098 1099 1100 1102 1104 1106 1107 1108 1110 1112 1113 1116
1110,2,462.96514926443774,131064.78668695767,1098 1099 1100 1102 1104 1106 1107 1108 1109 1112 1116
1111,1,293.4417244189012,62044.24389797737,1105 1115 1120
1112,1,546.4194261230377,120832.21980373218,1098 1099 1100 1102 1104 1106 1107 1108 1109 1110 1116
1113,1,519.6945567944473,122410.7155682547,1098 1099 1100 1102 1104 1106 1107 1108 1109 1110 1112 1116
1114,1,608.0683369622903,111380.39139163846,1117
1115,1,447.23160264478656,60415.40078427197,1105 1111 1120
1116,1,548.81269800321,112536.2530700624,1098 1099 1100 1102 1104 1106 1107 1108 1109 1110 1112
1117,1,660.8975977246118,108573.70395409125,1114
1118,1,687.4895075043038,0.0,none
1119,1,682.5700041950608,9911.336613086802,none
1120,1,554.4413189065782,58088.07684035333,1105 1111 1115
1121,2,162.96408709987915,142057.52763108528,none
1122,1,666.7034980265113,0.0,none
1123,1,619.6358177164564,0.0,none
1124,1,603.5477122997428,66751.36648777992,none
1125,2,825.0140009149443,50572.13946022118,none
1126,1,566.6292775556037,0.0,none
1127,1,523.7719829606667,73872.32536798438,1130 1131
1128,1,533.2121109324574,55667.149374010165,1129 1132
1129,1,579.6593133476528,58049.075372676445,1128 1132
1130,1,294.99291915604994,74287.15916054757,1127 1131
1131,1,529.4449237136677,46770.56003811641,1127 1130
1132,1,604.0795504953365,57744.86392479677,1128 1129
1133,1,508.5702745366095,0.0,none
1134,1,375.6993653374151,36530.90197894968,1135
1135,1,545.7546283785455,39335.46206371453,1133 1134
1136,1,491.2412133301769,0.0,none
1137,1,532.3257139398011,62739.17914021999,1136 1138 1139 1140
1138,1,502.1882161894834,55345.20998627736,1136 1137 1139 1140
1139,1,521.6446301782914,54968.66854379692,1136 1137 1138 1140
1140,1,512.4261014546648,55903.99465044796,1136 1137 1138 1139
1141,1,699.0569882584698,112198.00397766473,1142 1143 1144
1142,1,628.8986662897158,119543.04401761272,1141 1143 1144 1145
1143,2,76.54038031588014,117985.82178091396,1141 1142 1144 1145
1144,1,659.6123220852601,70625.98502207958,1141 1142 1143 1145
1145,1,548.4138193565146,51515.26586040759,1144
1146,1,193.7220627450562,83139.07408801143,none
1147,1,421.1272112110556,40215.476998023805,1148
1148,1,639.4024706526941,39889.28290472625,1147
1149,0,0,6599.757448522491,none
1150,1,201.38939673153408,0.0,none
1151,2,76.36310091734886,0.0,none
1152,1,118.86583671522324,0.0,none
1153,1,123.03190258070832,99958.63430306515,none
1154,1,399.76504368803637,68003.66815900488,none
1155,1,260.5563959913488,23339.187375440073,none
1156,2,48.087036851609696,35306.2558938956,none
1157,1,345.7834668352616,0.0,none
1158,1,467.26417467882123,53533.41453328769,none
1159,1,242.11933854409565,3486.731210313215,none
1160,1,243.00573553675204,0.0,none
1161,2,154.76491491780743,0.0,none
1162,1,230.15297914323426,0.0,none
1163,1,556.7902709371176,0.0,none
1164,1,129.14804183003747,0.0,none
1165,1,254.17433764422267,0.0,none
1166,1,411.77572293853063,90140.90121240287,1167 1168 1169 1170 1171 1172 1173 1175 1176
1167,1,411.28820459256957,87917.81755482062,1166 1168 1170 1172 1173 1176
1168,1,393.25002579201185,96208.82046533152,1166 1167 1169 1170 1172 1173 1176
1169,1,248.19115794379198,65360.07776810643,1166 1168 1170 1171 1172 1173 1176
1170,1,357.08502849163074,106458.40617081602,1166 1167 1168 1169 1171 1172 1173 1176
1171,1,238.839669671267,65106.21366940964,1166 1169 1170 1172 1173 1175 1176
1172,1,385.9815704522294,104441.67573312417,1166 1167 1168 1169 1170 1171 1173 1176
1173,1,377.6051188716264,51539.37585860785,1167 1168 1170 1172
1174,1,401.27191857555226,11794.752943083122,none
1175,1,512.8692999509931,58430.58063831576,1166 1169 1171 1176
1176,2,495.7618379927245,96607.34455322984,1166 1167 1168 1169 1170 1171 1172 1173 1175
1177,1,403.97542940315424,1752.2295750831713,none
1178,1,415.32131090915624,49309.20102508434,1179
1179,2,415.5429101573203,43032.80119948291,1178
1180,1,222.13108635969382,0.0,none
1181,1,445.1485697120441,70493.38003197817,1182 1183 1185 1186
1182,2,457.11492911290543,79241.05467310565,1181 1183 1184 1185 1186
1183,1,448.73847753230245,89012.6951201498,1181 1182 1184 1185 1186
1184,1,488.2717834047779,65329.58571155905,1182 1183 1185
1185,2,447.89640038927894,82194.52945263678,1181 1182 1183 1184 1186
1186,1,514.376174838509,61537.22481817791,1181 1182 1183 1185
1187,1,384.2530963165494,20637.44934182337,1188 1189
1188,1,426.9774313625878,19899.967043933244,1187 1189
1189,1,431.14349722807293,21427.40634167875,1187 1188
1190,1,327.56800863617264,14202.207175137903,1191
1191,1,287.0153462221423,15621.860598576392,1190
1192,1,221.55492831446716,0.0,none
1193,1,427.3319901596504,28978.799601517156,1195
1194,1,204.0929075591361,0.0,none
1195,2,351.6780068364267,28281.737006492156,1193
1196,1,179.40675131365535,0.0,none
1197,1,156.2274699556905,10977.84947465098,none
1198,1,640.9979852394757,7181.942993299215,none
1199,1,496.07207694015426,11203.348869582771,1200
1200,1,168.4597484543488,11229.586220565401,1199
1201,1,647.9118817821955,77865.36654050293,1202
1202,1,44.009610685390264,74854.45323584767,1201
1203,1,276.42290215989834,27851.30262685821,1204 1205
1204,1,247.39340065040122,26601.837426009748,1203 1205
1205,1,478.3884569366591,27821.519687904958,1203 1204
1206,0,0,0.0,none
1207,2,75.25510467652836,0.0,none
1208,1,547.1728635667957,47134.337363902596,1209 1210
1209,1,600.1794037276484,52632.12607115465,1210 1211 1212
1210,2,541.7215220619588,56797.48281904561,1209 1211 1212 1213
1211,1,590.2960772595296,75658.59258758555,1209 1210 1212 1213
1212,1,608.2456163608217,112260.40632594774,1209 1210 1211 1213 1215 1217 1218
1213,1,577.2660414674805,126392.41085926726,1210 1211 1212 1215 1218 1219 1220 1221
1214,2,569.6430273306354,69070.89013816319,1216
1215,1,614.539035008682,80178.50813253906,1211 1212 1213 1217 1218 1219
1216,2,536.5360996549189,73546.13127468682,1214
1217,1,357.6611865368574,37054.93988100815,1215 1218
1218,1,599.5589258327889,80220.34607059244,1212 1213 1215 1217 1219
1219,1,656.1553738139002,92328.52899027886,1213 1215 1217 1218 1220
1220,1,661.0305572735102,81098.94276971348,1213 1219
1221,1,607.5364987666966,0.0,none
1222,0,0,0.0,none
1223,2,572.6567771056672,27222.31532086923,none
1224,1,152.59324228579925,4213.576744291463,none
1225,1,285.1982323871967,13774.609265880455,none
1226,1,660.8089580253462,87861.79726488474,1227 1228 1229 1230
1227,1,676.9413832916927,65732.36450502212,1226 1228 1229 1230
1228,2,294.2838015619248,98725.47880688158,1226 1227 1229 1230
1229,1,618.0846229793077,81175.52746987899,1226 1227 1228 1230
1230,1,639.5797500512255,92632.03132056443,1226 1227 1228 1229
1231,1,667.7671744176989,64524.73724222704,1233
1232,1,296.6770734420971,94345.96854556484,1234
1233,1,484.94779468231644,45500.53042703832,1231
1234,2,484.46027633635543,64212.72550081199,1232
1235,1,83.94179520456107,0.0,none
1236,1,508.5702745366095,44142.570234288716,1232 1234 1237
1237,1,307.6240763014036,15007.764762064038,1235 1236
1238,1,525.0129387503857,25192.82076648314,1239
1239,1,323.9781008159142,25887.756008725755,1238
1240,1,640.4661470438818,0.0,none
1241,0,0,85321.73804272855,1242 1243 1244
1242,1,670.6036447941995,82971.01321820379,1241 1243 1244
1243,1,589.454000116506,83880.1019738722,1241 1242 1244
1244,1,634.8818459901464,106298.85471213785,1241 1242 1243 1245 1248
1245,2,721.9703505186378,98392.19353764277,1242 1244 1248 1250
1246,2,485.8785115246056,39560.96145864632,1247 1249 1251
1247,1,418.4680202330864,38572.4515324359,1246 1249 1251
1248,0,0,79935.98991534828,1244 1250
1249,1,448.6941576826697,39523.378226157685,1246 1247 1251
1250,2,696.8853156264616,60645.864002362636,1245 1248
1251,1,471.60751994283765,39485.79499366905,1246 1247 1249
1252,1,578.3297178586681,36055.79319088585,none
1253,2,633.3749711026306,96175.49193840765,1256 1257 1259 1260 1261 1262 1265
1254,1,587.8584855297245,117982.27619294333,1253 1256 1257 1259 1260 1261 1262 1265 1269
1255,0,0,9870.207792627543,1258
1256,1,732.6514342801473,93714.14476919937,1253 1254 1257 1259 1260 1262 1265 1269 1272
1257,2,701.4502601386422,0.0,none
1258,1,242.34093779225975,10316.242759332246,1255
1259,0,0,160662.64594814606,1253 1254 1256 1260 1261 1262 1265 1269 1270 1272 1275
1260,0,0,56584.74754080807,1253 1254 1257 1261
1261,2,488.80362160037174,55518.94379683802,1257 1260
1262,1,613.8742372641898,128169.45955014482,1253 1254 1256 1257 1259 1260 1261 1265 1269 1272
1263,0,0,33627.065431007315,1264
1264,2,570.6623838721903,33341.29104057489,1263
1265,1,381.10638699261915,146711.46640132845,1256 1259 1262 1269 1270 1272 1275 1276
1266,1,481.5794861102221,0.0,none
1267,1,503.0746131821398,64224.07138231799,none
1268,2,589.6312795150372,79953.71785520141,1271 1273 1277 1278
1269,1,565.7428805629472,157328.37502056974,1256 1259 1262 1265 1270 1272 1275
1270,1,716.2530899160039,83510.65170733302,1275 1276
1271,2,572.7010969553,120408.16748244537,1268 1273 1274 1277 1278 1279 1280
1272,1,645.5186099020233,71957.70786384655,1256 1259 1262 1265 1269
1273,2,458.710443699687,80033.84814333753,1268 1271 1274
1274,2,388.5078018813001,64404.89636881989,1271 1273
1275,0,0,122722.72730966976,1259 1262 1265 1269 1270 1272
1276,1,567.9588730445882,57325.0663090747,1270
1277,1,595.614459215468,45751.55805535861,1278
1278,2,580.0581919943481,64302.07431767176,1277 1279 1280
1279,1,404.6402271476466,55721.7514287578,1277 1278 1280 1282
1280,1,480.4714898694016,64612.667823898555,1277 1278 1279 1282
1281,2,503.6507712273665,0.0,none
1282,2,518.542240703994,41969.12480829522,1277 1278 1279 1280
1283,1,589.3653604172404,87254.79260431362,1284 1285 1286 1287 1288 1289 1290 1291 1292 1293
1284,1,312.0117414150528,98042.59856373908,1283 1285 1286 1287 1288 1289 1290 1291 1292 1293
1285,1,464.25042490378945,96775.4054230375,1283 1284 1286 1287 1288 1289 1290 1291 1292 1293 1294 1295 1296
1286,1,531.0404383004492,110120.28942687814,1283 1284 1285 1287 1288 1289 1290 1291 1292 1293 1294 1295 1296
1287,1,491.0639339316456,99120.45730680927,1283 1284 1285 1286 1288 1289 1290 1291 1292 1293 1294 1295 1296
1288,1,550.2752530410932,116817.90510338989,1283 1284 1285 1286 1287 1289 1290 1291 1292 1293 1294 1295 1296
1289,1,483.44091979480055,105936.49562153993,1283 1284 1285 1286 1287 1288 1290 1291 1292 1293 1294 1295 1296
1290,1,552.8458043197967,98772.28056809383,1283 1284 1285 1286 1287 1288 1289 1291 1292 1293 1294 1295 1296
1291,1,528.6914862699098,92950.4251203266,1283 1284 1285 1286 1287 1288 1289 1290 1292 1293 1294 1295 1296
1292,1,477.8122988914324,103464.51168841975,1283 1284 1285 1286 1287 1288 1289 1290 1291 1293 1294 1295 1296
1293,1,442.7996176815046,118905.54730049425,1283 1284 1285 1286 1287 1288 1289 1290 1291 1292 1294 1295 1296
1294,1,469.92336565679045,92541.26426851642,1285 1286 1287 1288 1289 1290 1291 1292 1293 1295 1296
1295,1,449.093036329365,87211.536431072,1285 1286 1287 1288 1289 1290 1291 1292 1293 1294 1296
1296,1,251.47082681662067,101590.31388714706,1285 1286 1287 1288 1289 1290 1291 1292 1293 1294 1295
1297,2,457.3365283610696,94452.3361846836,1298
1298,2,405.88118293736557,94906.17144492368,1297
1299,1,515.7944100267591,9140.525788272796,none
1300,1,829.4459858782262,20504.844351721968,none
1301,1,624.9541996723948,17843.526020970392,none
1302,2,34.5694827135996,36498.28256961992,none
1303,1,263.79174501454463,120718.76098867216,1304 1305 1306 1307
1304,1,520.0491155915098,95659.96344747869,1303 1305 1306 1307
1305,1,507.90547679211716,130586.84142851735,1303 1304 1306 1307 1308 1309
1306,1,491.59577212723946,116320.8136699082,1303 1304 1305 1307 1309 1310
1307,1,289.09837915488487,115493.27343756416,1303 1304 1305 1306 1309 1310
1308,1,480.78172881683133,20829.62020983127,none
1309,1,449.80215392349015,110330.18823473917,1310
1310,1,448.87143708120095,120681.17775618355,1309
1311,0,0,42624.34946526683,none
1312,1,475.0644682141975,5071.609033182858,1313
1313,1,332.3545523965172,5085.082267471235,1312
1314,1,369.00706804285926,0.0,none
1315,1,230.72913718846092,2086.223961916103,none
1316,1,219.2502961335605,17483.29428315483,none
1317,0,0,0.0,none
1318,1,723.654504804685,0.0,none
1319,1,528.4255671721129,0.0,none
1320,1,130.3446777701236,0.0,none
1321,1,144.83726860005575,0.0,none
1322,1,649.55171621861,24048.304969565193,none
1323,1,194.87437883550953,0.0,none
1324,0,0,0.0,none
1325,2,295.96795584797195,32900.21989702906,none
1326,1,63.687623922362334,123869.37045937008,none
1327,2,615.9572701969323,0.0,none
1328,0,0,27378.321191576757,none
1329,1,71.31063805920738,0.0,none
1330,0,0,13605.839278478677,1331
1331,2,111.86330047323767,14675.897728013482,none
1332,2,590.429036808428,132827.65302595272,none
1333,1,360.8522157104204,85891.15947081104,none
1334,0,0,33693.722484855076,1335
1335,1,650.6597124594305,40248.80552494768,1334
1336,1,86.55666633289745,37142.87046267966,none
1337,0,0,118071.6250098031,none
1338,2,184.23761492363272,205925.62198115248,none
1339,0,0,0.0,none
1340,2,54.20317610093886,89766.48712270481,none
1341,0,0,0.0,none
1342,1,159.06394033219098,19938.96851161012,none
1343,0,0,0.0,none
