0,1,162.34360920501967,0.0,none
1,1,228.0256263608589,20107.02938141778,none
2,2,328.72032472662596,154330.93495020288,none
3,1,328.8089644258916,0.0,none
4,1,195.58349642963466,0.0,none
5,2,949.9959768794968,0.0,none
6,1,630.9816992224584,143303.4472439631,none
7,2,131.05379536424874,19838.982930838483,none
8,1,500.9472603997644,65267.183363276046,none
9,1,290.91549298983045,15043.220641770296,none
10,2,288.2119821622284,114028.94560569579,none
11,1,187.56160364609423,0.0,none
12,2,406.10278218552963,159389.07074909736,none
13,2,65.72633700547206,0.0,none
14,0,0,142462.43377733073,none
15,1,37.49459278936572,52900.88163932807,none
16,1,254.4402567420196,16769.21286587084,none
17,1,22.11560496677718,21472.080750108635,none
18,0,0,4424.8937873407485,none
19,0,0,0.0,none
20,2,294.8156397575186,3256.977109816676,none
21,2,35.18996060845908,24168.854960566463,none
22,1,266.89413448884204,0.0,none
23,1,195.36189718147057,135913.73279558524,none
24,1,447.76344084038044,30029.002758416456,none
25,2,153.25804003029157,113352.44742090043,none
26,1,507.28499889725765,0.0,none
27,2,160.08329687374584,95773.4222625387,none
28,2,75.87558257138784,57198.84337732042,none
29,2,591.4483933499829,65059.411908197384,none
30,2,284.62207434197006,190354.81784935307,none
31,1,560.6904177048058,30879.943871366602,none
32,1,332.4431920957828,0.0,none
33,2,281.6969642662039,97156.91068867681,none
34,2,315.9562080323738,45524.64042523858,none
35,2,414.9667521120937,103551.02403490302,none
36,0,0,0.0,none
37,2,503.42917197920235,50070.08420358059,none
38,1,159.99465717448018,0.0,none
39,1,117.6692007751371,0.0,none
40,1,200.90187838557304,0.0,none
41,1,588.1244046275214,48521.37137801134,none
42,1,560.3358589077433,0.0,none
43,1,451.7965471569671,43183.13412943743,44
44,1,335.90014036714274,54928.24884093179,43
45,1,402.5571942149041,39377.30000176791,none
46,2,258.8722417053016,76182.63048964401,none
47,2,561.2665757500324,15121.223577124058,none
48,2,531.9711551427384,15694.89971077128,47
49,2,85.18275099428003,31132.38973487514,none
50,0,0,20450.95141456846,none
51,0,0,8454.809074753806,none
52,1,302.3056943454652,0.0,none
53,1,278.8161740400706,0.0,none
54,2,48.751834596102,8259.801736369398,none
55,1,510.43170822118793,6158.686304976667,none
56,1,38.5582691805534,32857.67284138156,none
57,1,219.0286968853964,24612.053456894664,none
58,1,302.88185239069185,0.0,none
59,2,36.60819579670932,0.0,none
60,1,423.07728459489965,42738.51739792098,none
61,2,155.9615508578936,17968.330717536417,none
62,1,480.2055707716047,39807.73438140186,67 70
63,1,755.4318369914168,67823.5522900971,65 66 68 69
64,1,386.15884985076065,49879.331570760936,67 70
65,1,567.1611157511975,0.0,none
66,1,177.9885161254051,69744.55185258205,63 65 68 69
67,2,391.8317906037616,38914.955330398334,70
68,1,341.750360518675,69702.00479693455,63 65 66 69
69,1,338.24909239768226,69513.37951689726,63 65 66 68
70,1,452.81590369852194,0.0,none
71,1,434.1572470031047,45695.537765422734,73 74 75 76
72,1,287.4585447184705,8898.007571082006,none
73,1,466.06753873873515,75874.16433619958,74 75 76
74,1,661.6510351683697,49114.19368669994,75 76
75,1,222.7072444049205,64457.37107078516,73 74 76
76,1,698.4365103636104,64551.6837108038,73 74 75
77,1,597.7861318474762,82421.44708275683,78 79 80 81 83
78,0,0,87602.96934302906,77 79 80 81 83 84
79,0,0,81439.31921489353,77 78 80 81 83 84
80,0,0,64663.72429067557,77 78 79 81 83
81,1,467.3971342277197,87011.56526952871,77 78 79 80 83 84
82,1,313.16405750550615,13317.228417669752,none
83,1,238.6180704231029,83102.19997311693,77 78 79 80 81
84,1,523.5947035621355,75499.0411289074,77 78 79 80 81 83 85 86
85,1,253.86409869679298,15960.109690974075,86
86,1,418.9998584286803,15415.507378685983,85
87,1,333.95006698329865,103037.62289675644,77 78 79 80 81 83 84 85 86
88,0,0,0.0,none
89,1,288.96541960598637,16112.569973710975,none
90,1,212.20344004194214,0.0,none
91,1,294.46108096045606,0.0,none
92,2,588.9221619209121,108448.89925752523,none
93,2,237.24415508448544,26515.325079526487,none
94,1,340.9082833756515,2811.651260706101,none
95,2,726.579614880451,0.0,none
96,1,231.8371334292814,6884.113603766665,none
97,1,415.27699105952337,44982.874583326986,99 100
98,1,384.20877646691656,7286.8923972297325,none
99,0,0,0.0,none
100,1,415.2326712098906,43897.215546721425,97 99
101,2,192.34814740643878,4590.1181867719015,103
102,1,285.33119193609514,0.0,none
103,2,336.2990190138382,0.0,none
104,1,221.95380696116254,10589.962150664542,none
105,2,337.1410961568617,0.0,none
106,2,427.9081482048771,68271.00549199004,107
107,2,501.5234184449911,68174.56549918903,106
108,1,302.57161344326215,10424.73775123339,none
109,1,497.26871288024034,33744.778951632084,none
110,1,456.1398924209834,53058.30574522385,113
111,1,324.55425886114085,6355.82099614345,112
112,1,278.8161740400706,7309.584160241737,111
113,1,152.59324228579925,34749.59858250738,110
114,1,143.50767311107114,0.0,none
115,1,316.75396532576457,74232.55710579993,none
116,2,528.4255671721129,17791.76043659926,none
117,1,511.98290295833664,34264.5621481258,118 119
118,1,383.2780596246273,59839.59729784237,none
119,2,505.60084461121056,61488.29570418328,none
120,2,486.4103497201995,41642.22159740355,125
121,1,449.49191497606046,6189.887479118172,none
122,1,432.5174125666903,0.0,none
123,1,421.83632880518076,65189.18042792228,122
124,1,451.7965471569671,0.0,none
125,1,458.88772309821826,38826.3156311327,none
126,1,321.0973105897809,62433.54945715207,127
127,1,341.57308112014374,62607.283267712715,126
128,1,422.7227257978371,37617.97925074349,none
129,1,183.57281717914046,0.0,none
130,1,430.3014200850494,0.0,none
131,1,373.66065225430543,111196.02081716593,132 133 134 135 137
132,1,400.0309627858333,97185.2753924418,131 133 134 135 137
133,1,387.71004458790935,113909.81384988278,131 132 134 135 137
134,1,412.79507948008546,99752.99020076888,131 132 133 135 137
135,1,392.3636287993554,139234.53048887316,131 132 133 134 137 143 144 146
136,1,235.42704124953983,35879.222909948694,138 140
137,1,425.470556475072,98465.94176743178,131 132 133 134 135
138,1,420.19649436876637,36119.61377435711,140
139,0,0,0.0,none
140,1,146.38846333720446,34374.47537521519,138
141,1,156.4933890534874,105752.1250470674,none
142,1,265.165660353162,76802.39926690937,none
143,2,572.0806190604405,88453.20133838509,144 146
144,2,401.84807662077895,134635.90289097177,143 145 146
145,1,397.85929015382516,210259.74871644517,143 144 146
146,2,588.7448825223809,95806.75078946259,143 144
147,1,350.7916098437703,17967.62159994229,148 149
148,2,395.0228197773246,17882.527488647276,149
149,1,344.23227209811296,17922.238073918284,148
150,1,501.5234184449911,87778.8305063721,154 155 156 157 158
151,1,510.5646677700864,38076.778334142444,none
152,2,521.1127919826976,38614.28947048928,none
153,2,78.71205294788831,124662.8730471961,none
154,0,0,92767.47278104232,155 156 157 158
155,1,514.7307336355715,92312.92840320812,156 158
156,0,0,90455.0403066003,155 158
157,1,431.76397512293244,92645.5045548528,154 155 156 158
158,1,394.97849992769187,90458.58589457093,155 156
159,2,515.7057703274935,72478.20017793438,160 162 163
160,1,563.0836895849781,90782.65263508611,162 163
161,2,422.1022479029777,76913.73072918701,none
162,1,453.52502129264707,70657.18619622108,160 163
163,1,454.89893663126446,115428.74373649879,160 162
164,2,224.302758991702,91201.74113321406,none
165,2,235.3384015502742,107049.10112672223,none
166,2,420.063534819868,194103.21345189848,none
167,1,217.25590290008364,19141.920335813487,none
168,1,126.97636919802929,18909.32976494045,none
169,1,86.11346783656926,32577.57139170214,none
170,1,190.5310335714932,0.0,none
171,1,724.7625010455054,0.0,none
172,2,273.85235088119475,89248.12216139934,none
173,2,80.13028813613856,58456.81798929839,none
174,2,452.1067861043968,17711.630148463122,none
175,2,509.98850972485974,20908.33226277916,none
176,2,202.58603267162022,17878.981900676652,174
177,2,490.53209573605176,19311.399440809393,179
178,2,841.1907460309236,65364.33247367119,none
179,1,190.7969526692901,19281.616501856137,177
180,1,572.213578609339,19114.264749642607,none
181,1,478.16685768849493,62574.663858382955,none
182,2,151.0863673982834,15779.284704472171,none
183,1,490.00025754045794,20270.126428066553,none
184,1,501.92229709168646,41296.881329064614,183
185,2,500.54838175306907,42532.8732956247,none
186,2,497.1800731809747,42923.59708998764,none
187,2,101.53677550879063,63336.965272067464,none
188,0,0,60764.28664058154,none
189,2,441.6473015910513,150341.43936565495,195 196 197 198
190,2,416.78386594703926,138625.3984755197,195 196 197 198
191,1,356.46455059677123,121699.47062134721,195 196 197 198
192,1,387.3554857908468,106098.17443300046,195 196 197 198
193,2,402.3799148163727,142174.53203411592,none
194,2,451.8851868562327,150060.6287983814,195 196 197 198
195,2,416.16338805217976,123223.3643311221,196 197 198
196,2,385.3610925573699,139013.99491710027,195 197 198 199
197,2,499.573345061147,150788.18344995377,195 196 198 199
198,2,552.7571646205311,164898.9144554495,195 196 197 199
199,2,430.78893843101037,162458.13169647087,197 198
200,1,266.27365659398254,6694.0700885411325,none
201,1,172.27125552277133,107048.3920091281,none
202,2,433.66972865714365,147796.4163203399,none
203,1,339.62300773629966,5204.214023284256,none
204,0,0,88451.07398560272,none
205,1,89.74769550646049,98166.69414271099,none
206,2,239.41582771649365,41298.29956425286,none
207,2,704.2867305151425,83712.04110406453,208 209 210 211 212
208,2,638.471753810405,94175.7803229748,207 209 210 211 212
209,2,715.3666929233475,104901.89305171138,207 208 210 211 212
210,2,685.3178348722956,113621.91210666798,207 208 209 211 212
211,0,0,117861.01708434794,207 208 209 210 212
212,2,679.5119345703963,122494.39144436148,207 208 209 210 211
213,1,246.1967647103151,17807.36102367001,214
214,0,0,17771.19602636963,none
215,0,0,0.0,none
216,1,583.9583387620363,17012.440200655754,none
217,1,1305.2638915361817,45606.8980661571,none
218,0,0,131713.62928558217,219 221
219,1,1121.026276612549,136240.63600647694,218 221
220,1,178.8749131180615,328.3214460799305,none
221,1,1130.422084734707,99204.13318291603,218 219
222,1,1100.860745029616,143833.8672043687,223
223,1,1206.1647077571963,139261.47695744992,222 224
224,1,1104.4063330002414,23749.766462438518,none
225,1,243.22733478491614,0.0,none
226,1,276.0683433628358,20792.746094936767,227
227,1,360.0987782666625,20699.14257251225,226
228,1,275.93538381393734,10588.543915476292,none
229,1,174.6645274029436,0.0,none
230,1,243.89213252940846,19753.179701949342,231
231,1,139.03136829815634,20142.48526112403,230
232,1,240.74542320547823,17822.961610740767,none
233,1,452.50566475109224,0.0,none
234,1,200.28140049071357,17189.719599187032,235 237
235,1,262.3735098262944,16642.28081652244,237
236,1,243.3159744841818,16616.04346553981,235 237
237,1,356.5975101456697,16703.974047211326,235
238,0,0,50830.25826448273,none
239,2,474.5326300186037,57087.511915042785,240 243
240,1,685.1405554737644,102502.23911319197,243
241,1,754.3681606002292,0.0,none
242,1,672.420758629145,24965.194018768976,241 244
243,2,654.6484989263841,35707.61645217042,none
244,1,764.0742076698167,29438.30780251023,241 242
245,1,391.4329119570662,35814.693208883305,246
246,1,373.61633240467256,36679.10755612183,245 247
247,1,386.3804490989247,35894.823497019446,245
248,1,493.7674447592476,39667.32909776508,256
249,1,431.4980560251355,79794.16639652326,250 251
250,1,436.46187918401137,75918.83874462947,249 251
251,1,439.6085885079416,60177.84639024006,249 250
252,1,412.0416420363275,69007.77867228605,253 254 255
253,1,262.7723884729898,53787.278631984474,252 254
254,1,403.798150004623,75703.97611360956,252 253 255
255,1,434.1572470031047,73235.53776846002,252 253 254
256,1,393.95914338613693,39611.3088078292,248
257,0,0,35126.14002498782,258
258,2,316.35508667906913,31194.792083158154,none
259,1,339.13548939033865,60594.0984179915,none
260,1,355.8440727019118,60582.7525364855,none
261,2,296.41115434430014,40192.07611741767,none
262,1,263.39286636784925,18369.69127581123,265
263,1,230.6848173388281,15609.805599476265,269
264,0,0,0.0,none
265,1,426.0467145202987,18306.579809934097,262
266,1,410.49044729917887,0.0,none
267,2,711.6438255541907,57413.70600834034,271 276
268,1,414.74515286392955,16175.68143958811,none
269,0,0,0.0,none
270,2,482.0226846065503,144261.46511362615,none
271,2,669.0967699066834,48476.69696958145,267 276
272,1,660.8975977246118,35165.1414926647,274 278
273,1,381.23934654151765,18554.061850283764,none
274,2,678.9357765251696,37921.481581029046,272 278
275,2,267.38165283480305,43373.88676225708,none
276,2,653.2302637381339,80347.98723753497,267 271 272
277,1,604.3454695931335,4764.5611149266815,none
278,2,678.1380192317788,35061.61032392243,272 274
279,1,508.96915318330485,0.0,none
280,2,397.4604115071297,267669.90913681494,none
281,1,727.333052324209,60494.82195481398,285 286
282,1,313.8731750996312,5877.166620108995,none
283,1,419.9305752709695,17469.821048866455,none
284,2,536.4474599556532,102778.79497490077,none
285,1,669.8945272000743,0.0,none
286,1,390.19195616734726,53149.07279727187,281 285
287,1,574.0750122939174,21333.093701660113,none
288,2,350.5700105956062,64354.54901963701,none
289,0,0,209964.04667969502,none
290,2,135.26418107936664,22960.51858017726,none
291,2,606.206903277712,20892.022558114284,none
292,1,592.1131910944752,14609.240674165721,none
293,1,420.10785466950074,34194.35950630741,295
294,1,410.5347671488116,0.0,none
295,1,132.7379496502959,34307.1092037733,293
296,1,703.7548923195487,26670.621832639885,299 301
297,1,422.5897662489387,20948.04284805017,298
298,1,410.1358885021163,64673.651936993316,297 302 303
299,1,425.1159976780094,13432.105467918022,301
300,1,690.3702977304371,27137.930327168342,296 299 301
301,1,466.06753873873515,26995.397690749192,296 299
302,1,396.66265421373896,65634.50627703285,297 298 303
303,1,385.4054124070027,66400.35327868798,297 298 302
304,1,157.64570514394072,58084.5312523827,297 298 302 303
305,2,413.7701161720075,26243.023923382443,306
306,2,661.6067153187369,48955.35134561591,299 300 301 305
307,1,424.71711903131404,5970.77014253351,none
308,2,158.57642198622995,29535.45691290537,309
309,1,552.9787638686951,0.0,none
310,2,347.6005806702072,31815.979095611758,none
311,2,793.9457863223374,0.0,none
312,2,370.7355421785393,71077.69292953727,none
313,1,198.99612485136177,64253.14520367712,none
314,1,395.64329767218413,0.0,none
315,1,475.3747071616273,11505.43296468007,none
316,0,0,0.0,none
317,1,587.1936877852322,50506.19152396754,none
318,2,784.9931766965078,24290.823186755988,none
319,2,410.9779656451399,30128.988339188098,320
320,2,410.80068624660856,29998.510701869076,319
321,1,457.5581276092337,11240.222984477276,none
322,1,115.49752814312892,143908.32455175184,none
323,1,397.0172130108015,62781.7261958675,326
324,2,295.03723900568275,59526.167321239074,none
325,1,390.23627601698007,20487.825529462963,327
326,2,417.71458278932846,41261.42544935836,none
327,1,395.33305872475444,20218.36084369542,325
328,1,395.9535366196138,17899.54631090628,none
329,1,658.7702449422364,36396.169636065904,330 331 333
330,1,546.5967055215691,36412.47934073079,329 331 333
331,1,19.10185519174542,34146.84862750103,329 330 333
332,1,432.5617324163232,20580.719934293356,none
333,1,308.37751374516154,0.0,none
334,1,497.357352579506,18747.650953479922,none
335,1,304.92056547380156,145501.711785751,none
336,1,542.6965587538809,34686.48711663025,none
337,1,333.95006698329865,0.0,none
338,1,182.06594229162457,4797.180524256437,none
339,0,0,7416.66091695463,338
340,1,430.5230193332135,19764.525583455346,none
341,1,505.2019659645151,18908.620647346324,none
342,0,0,0.0,none
343,2,163.09704664877762,83663.11199006991,342 346
344,1,563.9700865776344,19348.273555703898,345
345,2,448.117999637443,19229.141799890876,none
346,0,0,40933.813120872546,none
347,2,249.03323508681558,156732.71624150465,350 363
348,1,237.0668756859542,37435.02691145921,354 368
349,1,410.2245282013819,7346.458275136243,none
350,2,314.6266125433892,155382.55634229042,347 363
351,1,489.5127391944969,13308.719006540252,none
352,1,188.66959988691474,8086.067925808743,none
353,1,143.33039371253986,7656.34266376892,none
354,1,480.91468836572983,39346.09882762641,368
355,1,521.0684721330648,61686.84863053831,none
356,2,493.72312490961474,47121.57324720835,355 364 366 370
357,1,435.575482191355,100648.6057221489,none
358,2,182.86369958501533,0.0,none
359,1,373.92657135210237,93426.95214357869,357
360,1,382.3473427823381,75265.74144044024,367 377 378 381 384
361,1,352.87464277651287,47583.91791857793,none
362,1,630.3612213275989,65879.86096460014,367 378 384
363,2,129.90147927379542,128487.14423231286,347 350
364,2,511.40674491311,37852.697174398905,356
365,1,470.277924453853,12813.754925840918,none
366,2,389.79307752065193,35148.83178799982,none
367,1,414.30195436760135,93061.04746501012,377 378 381 384 386 387
368,1,551.1173301841167,39160.31001796563,none
369,1,461.28099497839054,4327.744676945607,none
370,1,397.23881225896565,29457.453977551606,none
371,1,471.8291191910017,27735.716459015817,377 381
372,1,354.4258375136615,64789.23810483571,none
373,2,710.0039911177763,0.0,none
374,1,287.54718441773616,12926.504623306811,none
375,1,615.2038327531744,0.0,none
376,1,450.55559136724816,32432.911402500613,375
377,1,489.5570590441297,142022.07175137903,367 378 381 384 395 396 399 403 405 406 407
378,1,348.3096982643323,102154.06237447653,367 384 395 396 403 405 406 409 410
379,1,591.40407350035,15155.261221642064,383
380,2,339.00252984144015,146463.27524338465,382 394
381,1,513.0908991991571,106428.62323186276,367 377 378 384 395 396 403 405 406
382,2,336.2103793145725,172107.80391732548,380 394
383,2,554.7072380043751,14878.705359933267,none
384,1,287.2812653199392,81416.62745188153,378 395 403 405 406
385,2,198.24268740760388,40882.04753650141,none
386,1,384.0314970683853,54239.6956570363,387 389 398 399
387,1,381.6825450378458,138126.1796892556,377 378 384 386 389 395 398 403 405 406
388,2,322.9144244247265,85938.67034961742,none
389,1,365.4171602226009,54630.41945139924,386 387 398 399
390,1,306.5603999102159,129675.62532006655,377 378 381 384 386 387 389 395 398 399 403 405 406
391,1,383.98717721875244,126849.08258988384,377 378 384 386 387 389 395 398 403 405 406
392,1,372.77425526164905,87009.43791674635,none
393,2,14.93578932626034,27003.19798428457,none
394,1,440.09610685390254,0.0,none
395,1,301.99545539803546,117371.72594440161,377 378 381 384 387 391 398 399 403 405 406
396,1,250.00827177873762,23292.385614227816,407 408 409 410 411 414
397,1,790.0456395546493,23395.207665375958,none
398,1,404.59590729801374,54702.04032840588,386 387 389
399,1,368.25363059910137,97181.7298044712,384 386 387 389 395 398 403 405 406
400,1,277.1320197540235,0.0,none
401,1,454.85461678163165,50412.58800154303,402
402,1,412.75075963045265,41672.0045363568,401
403,1,379.9540709021658,120913.76832705659,381 384 386 387 389 391 395 396 398 399 405 406 408 409 410
404,2,197.09037131715056,10178.673946071973,none
405,1,353.7167199195364,51945.70024004154,381 384 395 403 406
406,1,248.94459538754992,57359.81307118683,384 395 403 405
407,1,323.0917038232578,5912.62249981525,411 414
408,0,0,24805.642560090822,407 409 410 411 414
409,1,406.014142486264,24387.97229715113,407 408 410 411 414
410,1,366.3478770648901,23019.375340489645,407 408 409 411 414
411,0,0,23076.813865613778,407 408 409 410 414
412,1,540.3476067233414,68334.82607546131,433 437 441 443 452 459
413,1,538.3975333394974,69978.56065864334,433 437 441 443 452 459
414,1,180.3817880055774,37137.19752192666,406 407 408 409 410 411
415,1,286.0846293798531,31321.724132506548,434 435
416,1,207.37257643196477,66037.28507049593,433 437 441 443 452 459
417,1,409.2494915094599,0.0,none
418,1,433.4924492586124,57666.860989443005,434 435 446
419,1,474.222391071174,0.0,none
420,0,0,67029.34058467696,none
421,2,67.27753174262075,41125.27487128633,434 435
422,0,0,0.0,none
423,1,441.4257023428872,15867.215286143684,none
424,1,284.35615524417307,83111.41850184056,446 447 470
425,1,479.2748539293155,102201.57325328291,434 435 446 447
426,1,294.1951618626591,83829.04550709519,446 447 470
427,0,0,0.0,none
428,1,514.5534542370401,75564.98906516103,446 447
429,1,367.63315270424187,24856.69902686783,450 471
430,0,0,38069.68715820119,450 453 471
431,0,0,38434.173601581504,450 453 471
432,1,297.7407498332848,48169.64905132527,453 471
433,1,626.3724348606451,2523.040399897177,none
434,1,544.9568710851547,73561.73186175757,435 446
435,1,543.5386358969045,49362.38484464373,434 446
436,1,346.66986382791805,5541.753998087813,none
437,2,207.6828153793945,0.0,none
438,1,95.24335686093018,0.0,none
439,2,782.9987834630309,81173.40011709661,440 445
440,2,559.9813001106806,69962.9600715726,439 445
441,1,497.84487092546703,71624.42259460775,433 437 443 452 459
442,1,154.14443702294795,0.0,none
443,1,536.3145004067547,112572.4180673628,433 437 441 452 459 476 477 478 489 490 494
444,1,233.56560756496137,18425.71156574712,449
445,2,807.2417412121833,78992.15439756775,439 440
446,1,296.0565955472376,101765.46593289597,447
447,1,306.0728815642549,41159.31251580434,none
448,1,310.1946275801072,9430.554884269972,none
449,1,244.9114890709633,18797.28918506868,none
450,1,387.4884453397453,54956.6135446968,447 453 471
451,1,293.1314854714715,5874.330149732495,454
452,1,539.6828089788492,116525.03953701622,433 437 441 443 459 476 477 478 489 490 494
453,1,365.9046785685619,12293.26261175308,none
454,1,255.63689268210575,17761.26838005188,449
455,1,136.85969566614816,2315.978062412642,460 461
456,1,292.46668772697916,16750.06669082946,none
457,1,311.7458223172559,16720.283751876206,456
458,1,163.8061642429027,5593.519582458946,466
459,1,519.251358298119,124923.82832183414,433 437 441 443 452 476 477 478 489 490 494
460,2,356.64182999530254,0.0,none
461,0,0,0.0,none
462,1,284.134555996009,2733.6483253523375,none
463,1,417.4929835411644,24456.756703781262,none
464,2,329.8283209674464,56359.95726347041,none
465,1,464.6493035504849,54355.990942472825,475 481 492 498 500
466,1,287.10398592140797,4990.060509858469,none
467,2,408.6733334642332,10798.442723337328,none
468,1,394.446661732098,38743.34887262005,none
469,1,559.6267413136181,46825.16209286405,480 491 496 505
470,1,329.2521629222198,24262.45848299098,none
471,1,343.92203315068315,32369.09081902935,none
472,2,366.4365167641558,60730.95811365765,none
473,1,356.06567195007585,7051.465355980193,none
474,2,209.45560936470733,24223.4570153141,none
475,2,471.9620787399001,56040.8543461141,481 492 498 500
476,1,516.7694467186811,24407.118472192506,488
477,2,372.90721481054743,45470.03837049094,478 489 490 494
478,1,374.502729397329,90598.28206061358,437 441 443 452 459 477 489 490 494
479,1,330.58175841120436,3684.5750190741232,486
480,2,555.5049952977658,46696.10269073328,491 496 505
481,1,469.5688068597279,55750.825250116926,475 492 498 500
482,1,421.70336925628226,27634.312643055924,484
483,1,459.4195612938121,87194.51760881301,449 476 478 488 489 494
484,1,514.0659358910791,27988.16232252436,482
485,2,351.0132090919344,74625.40825294524,487
486,2,261.0882341869426,24332.66112480937,none
487,1,709.3391933732842,83136.94673522907,485
488,1,505.60084461121056,23992.28467962931,476
489,1,387.53276518937804,45545.204835468205,477 478 490 494
490,2,372.9958545098131,70222.49711102239,476 477 478 488 489 494
491,1,551.8264477782418,47349.199994922514,480 496 505
492,2,495.1856799474979,62549.84474258858,475 481 498 500 501
493,2,299.38058426969906,8526.429951760443,none
494,2,546.2421467245065,69606.27392172765,476 477 478 488 489 490
495,1,433.4924492586124,23763.239696726894,none
496,1,568.3577516912837,47305.94382168088,480 491 505
497,1,195.8937353770644,0.0,none
498,1,286.5278278761813,68468.14018315684,475 481 492 500 501
499,1,568.756630337979,31689.756163857484,501
500,1,278.01841674667986,74894.16382111867,475 481 492 498 499 501
501,1,409.5597304568896,55850.10171329445,499 500
502,1,549.0786171010069,42877.5044463695,503
503,1,415.01107196172643,20391.385536661946,502
504,0,0,84391.37575923641,none
505,1,304.56600667673905,30267.97538763662,509 510 511
506,1,508.7032340855079,72417.21606483962,513 517 525 527 529 530 533 549
507,1,239.1499086186967,20175.10467045379,none
508,1,357.12934834126355,60364.34431749496,513 517 525 527 529 533
509,1,486.277390171301,35341.002656007724,510 511
510,1,411.15524504367113,29841.795713567426,509 511
511,1,456.40581151878035,35302.71030592497,509 510
512,1,247.5706800489325,3131.4632956565297,514
513,1,489.02522084853587,98356.73765793652,515 517 522 525 527 528 529 530 533 549
514,1,346.9801027753478,4826.963463209691,none
515,1,306.91495870727846,92464.67956835088,513 517 522 527 528 529 530 533 542 546 549
516,1,478.43277678629187,0.0,none
517,1,500.90294055013163,103626.19049988028,513 515 522 525 527 528 529 530 533 542 546 549
518,1,366.8353954108511,1631.679584081901,none
519,2,361.25109435711585,32817.253138516426,526 536
520,1,426.4899130166269,14950.326236939904,none
521,1,385.13949330920576,32976.09547960045,526 536
522,1,362.8466089438973,42991.67237902364,513 515 527 528 530
523,1,781.3146291769838,16434.509361443783,none
524,1,479.36349362858107,13906.505138387727,none
525,1,467.3971342277197,83127.01908891133,513 515 517 527 529 530 533 549
526,1,391.9204303030272,29712.736311436653,536
527,1,240.78974305511105,106049.24531900581,513 515 517 522 525 528 529 530 533 542 546 549
528,1,265.34293975169334,71471.96231187084,513 515 517 522 527 529 530 549
529,1,518.8081598017909,100789.01100578568,513 515 517 522 525 527 528 530 533 542 546 549
530,1,303.590969984817,103087.26112834518,513 515 517 522 527 528 529 533 542 546 549
531,1,236.66799703925878,84403.43075833653,537 540 544 550 551 553 558 561
532,1,341.1742024734483,41433.03190713663,539 547 564
533,0,0,0.0,none
534,1,316.0891675812722,51325.222345182054,539 547 564
535,1,163.09704664877762,60654.37341349213,539 547 564
536,1,108.84955069820592,6457.224812103343,555
537,1,335.90014036714274,60662.882824621636,540 544
538,1,469.96768550642327,14602.14949822447,none
539,1,385.9815704522294,45095.62428079288,547 564
540,1,334.52622502852535,71179.80586309129,531 537 544 551 553 558
541,2,342.1935590150032,45505.4942501972,545
542,1,426.0467145202987,4604.300538654404,none
543,1,231.8371334292814,5758.034864295974,552 569
544,1,424.14096098608735,82140.63651548326,531 537 540 550 551 553 558 561
545,2,251.1162680195581,46136.60890896856,541
546,1,526.2982143897375,53140.56338614236,513 515 517 522 527 528 529 530 542
547,1,487.6069856602856,51288.34823028755,539 564
548,1,418.15778128565665,36901.77048067712,575
549,1,514.0659358910791,87317.90407019077,513 515 517 522 525 527 528 529 530 533
550,1,268.135090278561,82050.57858102939,531 537 540 544 551 553 558 561
551,1,225.41075523252252,85434.48774019445,531 537 540 544 550 553 558 561
552,1,246.1967647103151,22718.00036298647,none
553,1,554.6185983051095,85285.57304542817,531 537 540 544 550 551 558 561
554,2,363.422766989124,44246.10140303099,none
555,1,199.83820199438537,59784.28612550062,562 563 571 573 583 594
556,1,359.30102097327176,0.0,none
557,2,138.9427285988907,7290.4379852003585,none
558,1,202.00987462639355,81485.41185851167,531 537 540 544 550 551 553 561
559,1,301.7295363002385,27559.855295672787,556 560 587
560,1,161.1469732649335,6087.774545564155,559
561,1,453.21478234521726,74777.86853568215,531 540 544 550 551 553 558
562,1,157.1581867979797,69226.18689127658,563 571 573 583 594 619
563,1,285.1982323871967,65974.17360461879,562 571 573 583 594 619
564,1,524.5697402540575,11726.67765404711,567
565,1,464.6936234001177,39226.25795421926,568 572 576
566,1,216.98998380228673,1789.1036899776777,none
567,1,435.5311623417221,77147.7395352483,539 547 564
568,1,228.33586530828862,37620.10660352586,565 572 576
569,1,375.2561668410869,22420.880091048042,none
570,2,196.5142132719239,81698.85625434332,none
571,1,462.87650956517206,73710.64655652385,562 563 573 583 594 619
572,1,254.6618559901837,37663.3627767675,565 568 576
573,1,315.51300953604556,73717.02861487097,562 563 571 583 594 619
574,1,306.82631900801283,13986.635426523868,548 575
575,1,340.68668412748735,13817.156321527962,548
576,1,379.77679150363457,38305.114199450734,565 568 572
577,1,404.9947859447092,85009.72630131351,582 586 598
578,1,450.55559136724816,28413.632878999433,580
579,1,335.102383073752,49403.51366510298,584 588 606 614
580,1,320.47683269492137,28047.01908283675,578
581,2,281.47536501803984,27317.337078481996,none
582,2,421.3488104592197,69740.29714701729,577 586 598
583,1,472.4052772362284,77863.23918772055,562 563 571 573 594 619 629
584,1,250.98330847065967,13544.146047789793,606
585,1,134.99826198156973,7554.938847809029,none
586,0,0,32177.62906861557,598
587,1,394.75690067952775,14392.95980795756,597 600 602 607 621
588,2,251.69242606478477,10748.095374154444,none
589,1,323.8008214173829,40358.009634442955,584 614
590,1,532.0597948420041,6515.372454821602,none
591,1,377.78239827015767,32010.277316402044,596 603 613
592,2,273.1875531367025,0.0,none
593,2,138.0563316062343,0.0,none
594,1,507.41795844615615,70053.7271236206,563 571 573 583 619 629
595,1,340.4207650296904,80766.36661806879,562 563 571 573 583 594 619 629
596,1,360.3203775148266,44460.254916456775,603 613
597,1,409.0722121109286,42357.721249875794,556 559 560 587 600 602 607 621
598,1,458.35588490262444,23763.239696726894,586
599,1,309.8400687830446,71493.2358396946,604
600,1,433.0492507622842,6508.990396474476,none
601,2,430.07982083688523,0.0,none
602,1,385.27245285810426,42588.89358556058,556 559 560 587 597 607 621
603,1,428.0854276034084,35162.3050222882,596 613
604,1,289.45293795194743,42286.80949046328,none
605,2,288.7438203578223,62422.20357564606,none
606,1,464.9595424979146,12081.945568703793,none
607,1,436.7277982818083,14536.201561970835,597 602 621
608,1,456.80469016547573,17161.354895422028,none
609,1,154.58763551927615,23514.33942118898,625
610,1,201.2121173330028,0.0,none
611,1,477.1475011469401,17493.93104706671,none
612,1,397.85929015382516,46545.76976077875,618 623
613,1,346.4039447301211,41791.136292169824,596 603
614,1,397.85929015382516,39359.57206191478,584
615,2,256.6562492236606,24552.48757898815,625
616,1,510.8749067175161,9960.97484467556,620
617,1,391.29995240816777,58697.917971300936,626 627
618,1,297.6521101340191,35360.857948643235,612 623
619,0,0,0.0,none
620,1,428.661585648635,11628.110308463716,none
621,1,281.56400471730547,69748.09744055268,634 635 636
622,1,424.9387182794781,24106.452612283454,625
623,1,271.90227749735067,66835.75148148081,612 618 631 633
624,2,311.3026238209277,23552.631771271735,none
625,1,296.1452352465032,24166.72760778409,none
626,1,324.11106036481266,58512.838279234275,617 627
627,1,355.00199555888815,59022.69382941024,617 626
628,0,0,0.0,none
629,1,254.8834552383478,38624.92623440116,594 619
630,1,421.6590494066495,14475.9265664702,632
631,1,268.2237299778266,53674.528934518574,612 618 623 633
632,1,461.72419347471873,0.0,none
633,1,250.14123132763606,47520.806452700795,612 618 623 631
634,1,262.46214952556005,87850.45138337875,635 636
635,1,378.18127691685305,87785.92168231335,634 636
636,1,119.26471536191862,87417.18053336829,634 635
637,0,0,0.0,none
638,0,0,0.0,none
639,1,394.13642278466824,49485.771306021496,641 649
640,1,265.4758993005918,20151.70378984766,none
641,1,573.2329351508938,39927.57525480901,639 649
642,1,217.6104616971462,74890.61823314805,none
643,1,425.1159976780094,80007.61079235491,642
644,1,529.3119641647693,37973.24716540018,663
645,1,219.82645417878717,54796.35296842452,653 664 671 673
646,1,451.4863082095373,58070.3489005002,none
647,2,248.63435644012017,2693.228622487206,656
648,1,213.26711643312981,1397.6707780206116,none
649,1,227.22786906746813,9349.715478539707,none
650,2,417.1384247441018,73520.60304129832,none
651,1,153.08076063176028,76742.12427140873,none
652,1,535.8269820607937,37876.09805500504,644 663
653,2,576.7785231215195,69048.19837515117,664 671 673 677 678 680
654,1,293.08716562183866,16006.202334592208,661
655,1,538.6634524372943,65957.86389995391,653 664 671 673 677 678 680
656,1,584.3128975590988,64181.524326670486,662 668 670 676
657,1,236.97823598668853,18010.87777318392,none
658,2,271.81363779808504,82128.58151638314,667
659,1,470.32224430348583,37635.707190596615,644 663
660,2,183.61713702877327,26460.01390718473,none
661,1,258.1188042615437,15961.527926162325,none
662,2,533.3450704813558,53870.954508091236,656 668 670 676
663,1,411.0666053444055,36494.02786405517,644
664,2,558.7846641705945,90991.84232535302,648 653 671 673 677 678 680
665,2,267.1600535866389,73115.69689505287,672 675
666,1,340.2434856311591,27119.49326972109,none
667,2,482.1113243058159,95781.93167366821,658
668,1,543.0954374005762,53885.13685997375,656 662 670 676
669,1,288.7438203578223,11235.968278912525,674
670,2,547.7047017623895,53002.28545528797,656 662 676
671,1,511.6726640109069,66905.24500570507,653 664 673 677 678 680
672,1,532.4143536390667,65021.82867570875,675
673,1,763.4094099253246,0.0,none
674,1,287.41422486883766,10848.080954926085,none
675,1,219.0286968853964,62015.87919421237,672
676,1,705.3504069063302,60027.513460285525,662 668 670
677,2,409.9142892539522,59167.353818611766,664 671 673 678 680
678,2,560.1142596595791,64302.07431767176,653 664 671 673 677 680
679,1,377.25056007456385,105400.40272038133,none
680,1,566.1860790592755,59229.75616689477,664 671 673 677 678
681,1,419.3987370753756,33717.83248305533,none
682,1,455.34213512759266,17466.984578489955,none
683,1,229.17794245131222,11510.396787838947,none
684,1,476.08382475575246,41644.348950185915,none
685,1,251.60378636551914,0.0,none
686,0,0,16718.15639909383,none
687,1,279.3036923860316,3763.2870720220117,none
688,1,391.3885921074334,19348.273555703898,none
689,1,407.0334990278189,38675.98270117817,715 716
690,1,319.14723720593685,20021.93527012276,none
691,1,444.0405734712236,38736.96681427293,715 716
692,1,271.5920385499209,3203.084172663167,none
693,2,248.678676289753,133926.78529684665,701
694,2,254.8834552383478,52564.75989971277,693 697 698 704 710
695,2,331.2908760053295,110698.22026609011,none
696,1,333.15230968990795,0.0,none
697,1,266.0077374961856,93424.11567320219,701
698,2,240.0806254609859,60327.47020260045,694 697 704 710
699,1,620.6551742580112,52471.865494882375,none
700,0,0,0.0,none
701,1,430.47869948358067,93313.49332851867,none
702,2,746.9667457115482,0.0,none
703,1,600.3566831261796,76154.97490347314,700
704,1,548.1922201083506,49711.979818547414,693 694 697 698 710
705,0,0,88102.18812929315,709
706,1,493.10264701475535,47289.63411701601,699
707,1,407.6096570730455,20715.45227717713,none
708,2,203.29515026574535,92783.07336811308,701
709,1,269.7749247149753,77185.32276773694,705
710,1,530.7301993530195,92052.6822461642,701
711,1,260.46775629208315,63011.48029636404,699 718 721
712,1,403.35495150829485,15041.802406582045,none
713,1,305.3637639701298,18590.226847584145,718 721
714,1,334.3489456299941,41245.824862287605,none
715,1,382.56894203050217,64760.16428347658,716 724 726
716,1,305.319444120497,25731.041020424105,724 726
717,2,269.42036591791276,0.0,none
718,1,325.52929555306287,18665.39331256141,721
719,1,405.5709439899358,15887.070578779187,712 717 720
720,1,349.8165731518482,15519.747665022376,712 717
721,0,0,0.0,none
722,1,533.9655483762153,0.0,none
723,1,257.5869660659498,10706.257436101061,none
724,1,428.9718245960648,18947.622115023205,none
725,2,292.6882869751433,10704.130083318687,none
726,1,258.82792185566876,44693.55460492394,724
727,1,443.19849632819995,72426.43459356324,736 739
728,2,279.702571032727,37695.98218609725,730
729,1,278.37297554374237,20852.311972843276,none
730,1,257.9415248630124,63432.69614727436,728
731,1,116.29528543651966,20784.236683807267,729
732,1,339.00252984144015,145002.49299948692,none
733,2,500.59270160270194,25495.613979174566,none
734,1,247.74795944746378,7118.1224098279545,746
735,2,358.3259842813497,26169.984811187554,none
736,1,460.17299873757,55972.77905707809,739
737,2,215.66038831330212,28434.906406823186,738
738,2,106.10172002097107,21698.28926263455,737
739,1,238.97262922016543,75464.29436679526,736
740,1,222.97316350271743,25599.14514791683,none
741,0,0,59644.58995945797,none
742,1,464.7379432497505,25467.24927540956,none
743,1,433.093570611917,9554.650463241867,734 746
744,1,301.95113554840265,6517.499807603977,none
745,1,184.94673251775785,0.0,none
746,0,0,3656.2103153091184,none
747,2,443.99625362159077,34314.20037971456,none
748,1,369.45026653918757,86298.90208743299,none
749,2,513.622737394751,0.0,none
750,0,0,17473.36663683708,none
751,1,387.5770850390109,71123.07645556128,753
752,2,466.333457836532,52122.97963857282,754 762
753,1,302.43865389436365,0.0,none
754,1,483.7954785918631,53173.18279547212,762
755,0,0,59968.656699973144,none
756,1,463.5856271592972,0.0,none
757,2,270.26244306093633,52846.98870217457,none
758,1,543.7602351450686,0.0,none
759,0,0,0.0,none
760,1,218.76277778759953,11725.259418858857,763
761,1,546.4637459726706,6106.211603011408,none
762,1,468.2392113707433,0.0,none
763,1,204.22586710803458,9450.410176905474,760
764,1,318.08356081474915,15241.064450531203,none
765,2,308.37751374516154,14512.09156377058,none
766,1,455.2091755786942,3214.4300541691687,none
767,2,516.9467261172124,54823.299437001275,771 773
768,1,536.0485813089579,151077.5034283568,none
769,1,267.2930131355374,13588.820456219673,772
770,1,273.4977920841322,13406.577234529517,772
771,1,470.32224430348583,78919.11528537286,773 776
772,1,267.5589322333343,13811.483380774962,none
773,2,500.9472603997644,40810.426659494784,776
774,1,103.97436723859572,36212.5081791875,none
775,1,525.0572586000185,15896.289107502813,777 778
776,1,527.893728976519,0.0,none
777,1,263.70310531527895,6072.883076087528,779
778,1,433.75836835640933,14984.36388145791,777
779,2,531.3063573982462,6355.82099614345,none
780,1,291.84620983211965,1655.08046468803,none
781,1,491.50713242797383,16096.969386640223,none
782,1,285.55279118425926,40453.03139205572,783 784
783,1,228.734743954984,40254.47846570069,784
784,1,346.58122412865237,41813.1189375877,783
785,1,335.9444602167756,43030.67384670053,794 795
786,1,319.5017960029994,51693.254376533,803
787,1,328.2771262302977,51280.54793675218,none
788,2,344.1879522484801,98343.97354124227,794 795
789,2,322.9144244247265,85345.1389233347,795
790,1,385.58269180553395,14680.86155117236,791
791,1,365.9046785685619,14523.437445276582,none
792,2,137.5688132602733,5161.666967636748,793
793,2,658.3270464459083,18831.326829586687,none
794,1,422.7227257978371,93353.9130313838,795 813 816 817
795,2,330.6260782608372,40991.25164599669,794
796,2,733.7151106713351,53937.611561939,818 820
797,1,558.430105373532,134305.45409210946,807 809 810 812 826
798,1,634.8818459901464,39492.886169610305,805
799,1,470.32224430348583,51281.25705434631,none
800,2,447.36456219368506,91315.9090658682,794 795 813 816 817
801,2,456.45013136841317,84783.51778878759,795 800 813 816 817
802,1,262.99398772115387,71834.32140246878,794 795 800 813 816 817
803,2,299.0260254726365,60730.95811365765,795 813 816 817
804,2,570.3078250751278,51368.4785184237,818 820
805,1,632.4885741099743,0.0,none
806,2,184.06033552510144,0.0,none
807,1,564.6348843221268,149420.2956108864,797 809 810 812 826
808,2,155.51835236156538,66130.88859292044,none
809,1,573.8977328953862,155278.31605595403,797 807 810 812 826
810,1,568.5793509394477,155604.51014925158,797 807 809 812 826
811,1,577.0887620689492,38927.010329498466,814 819 821
812,1,566.1417592096427,147139.06431058588,797 807 809 810 826 830
813,1,492.96968746585685,96878.22747418565,795 800 801 802 803 816 817
814,0,0,38831.27945429157,811 819 821
815,2,338.07181299915095,13948.34307644111,none
816,1,437.3482761766677,44716.24636793594,813 817
817,2,383.23373977499455,49031.226928187294,795 813 816
818,2,559.9369802610479,53952.50303141563,820
819,1,301.7738561498714,38863.898863621325,811 814 821
820,1,514.2432152896105,53676.65628730095,818
821,2,553.7322013124531,39181.58354578938,811 814 819
822,1,249.43211373351096,3318.6703405055614,none
823,1,628.8986662897158,15874.306462084936,none
824,1,403.70951030535736,0.0,none
825,2,37.05139429303752,68231.29490671905,806
826,1,585.2436144013881,94916.80820883556,807 809 810 812
827,2,784.3283789520156,56285.49991608727,none
828,2,735.7981436040776,85577.0203766136,829
829,1,342.06059946610475,77178.23159179569,828
830,1,582.9389822204814,15291.411799714087,none
831,1,655.8451348664704,0.0,none
832,1,581.8309859796609,13996.563072841618,none
833,1,307.7570358503021,52776.076942762054,none
834,0,0,0.0,none
835,1,235.20544200137573,19490.806192123047,none
836,1,501.92229709168646,43303.6841204387,837 838
837,1,506.7531607016639,41875.52128587071,836 838
838,1,523.3731043139713,37666.199247143995,836 837
839,1,573.0113359027298,23928.464096158048,843 844
840,1,378.2699166161187,21031.00960656281,none
841,1,494.87544100006807,87117.22379105336,846 850 851 852 853 854
842,1,561.2665757500324,136860.4047837423,841 845 847 850 851 852 853 854
843,1,205.64410229628479,23862.516159904415,839 844
844,1,445.19288956167685,23688.073231749633,839 843
845,1,581.5207470322312,152684.36389664432,841 842 846 847 850 851 852 853 854 855
846,1,478.56573633519037,115089.78552650698,841 845 850 851 852 853 854 855
847,2,632.0896954632789,60572.82489016775,842 845
848,1,178.07715582467074,19421.312667898786,849
849,0,0,43539.11116168825,839 843 844 848
850,1,487.2524268632231,135366.29401292064,841 845 846 851 852 853 854 855
851,0,0,128426.1601192181,841 850 852 853 854 855
852,1,494.7424814511696,147458.87634553632,841 845 846 850 851 853 854 855 856
853,1,589.1437611690762,153866.4629260509,846 847 850 851 852 854 855 856 857
854,1,515.572810778595,151732.0189677343,847 850 851 852 853 855 856 857 860
855,1,268.93284757195175,140466.2677498685,850 851 852 853 854 856 857 860 861
856,2,730.6570410466704,148065.88100610743,853 854 855 857 860 861 868
857,1,705.2174473574319,111874.64635474367,854 855 856 860 861
858,1,421.74768910591513,37336.45956587582,none
859,0,0,20060.936737799646,none
860,1,358.1930247324512,95928.00989805798,856 857 861
861,1,359.78853931923277,144193.38982459015,856 857 860 868 871 872 873 875
862,1,280.2344092283208,19330.54561585077,867
863,2,412.30756113412446,29819.813068149546,none
864,1,537.5997760461066,0.0,none
865,1,274.42850892642144,18321.471279410725,867
866,1,377.4278394730951,17473.36663683708,none
867,1,370.4696230807424,19447.550018881415,none
868,1,367.63315270424187,142357.48437340022,857 860 861 869 871 872 873 875 882
869,1,464.42770430232076,137480.17356100763,860 861 868 871 872 873 875 882
870,1,350.7916098437703,7466.299148543389,none
871,1,467.3971342277197,132804.2521453466,860 861 868 869 872 873 875 882
872,1,323.00306412399215,107115.75818057,868 869 871 873 875 882
873,1,303.1920913381216,0.0,none
874,1,567.2497554504631,23710.764994761637,none
875,1,354.292877964763,100932.25275979894,868 869 871 872 873 882
876,1,329.07488352368847,115676.93489444257,868 869 871 872 873 875 882 890
877,1,143.19743416364142,25146.728122865003,879 880 888
878,2,294.94859930641707,49965.84391724421,none
879,1,362.62500969573324,25659.420143417465,880 888
880,1,433.8913279053078,25185.729590541883,879 888
881,1,780.1179932368975,73351.1239363024,891 898 899
882,1,375.9209645855792,65808.94920518763,871 872 873 875
883,1,484.01707784002724,94739.52881030428,884 889 892 896 897 899
884,1,513.13521904879,101237.88244286689,889 892 896 897 899
885,1,447.9407202389117,43583.076452523994,895
886,1,349.77225330221546,40314.753461201326,895
887,1,342.01627961647193,50662.19739467507,894 900 901 902 903
888,1,528.115328224683,25878.53748000213,879 880
889,1,399.9866429362005,105017.47921955376,884 892 896 897 899
890,1,409.42677090799117,10521.88686162853,none
891,1,692.4976505128125,78375.931208273,892 898 899
892,1,366.3035572152573,130481.89202458682,884 889 891 896 897 898 899
893,1,333.01935014100945,0.0,none
894,1,487.6069856602856,50333.875948595145,900 901 902 903
895,0,0,0.0,none
896,1,329.3408026214854,124908.93685235751,884 889 891 892 897 898 899
897,1,399.27752534207536,95262.14847717449,884 889 892 896 899
898,1,292.90988622330735,78448.9703204679,891 892 899
899,1,689.5725404370463,122492.2640915791,884 889 891 892 896 897 898
900,1,494.2106432555758,50805.43914868835,894 901 902 903
901,1,234.7179236554147,50819.62150057085,894 900 902 903
902,1,463.80722640746126,51373.44234158257,894 900 901 903
903,1,487.87290475808254,51182.689708762904,894 900 901 902
904,1,363.4670868387568,25016.250485545985,905
905,1,347.86649976800413,23836.278808921783,904
906,1,779.7191145902023,0.0,none
907,2,797.0924956462677,14848.922420980012,909
908,2,265.6974985487559,9698.601334849265,912
909,0,0,0.0,none
910,0,0,24510.64964093477,911
911,1,834.3211693378364,24714.875508042805,910
912,1,462.5662706177423,9553.941345647741,908
913,1,472.36095738659554,24300.750833073736,908 912
914,2,203.4281098146438,115817.34017807935,none
915,1,230.19729899286708,15654.48000790615,917
916,2,516.6808070194155,50362.94976995428,917 919 920 921
917,2,470.41088400275146,50990.518840755,916 919 920 921
918,1,231.1280158351563,1231.7372609953334,none
919,2,483.3079602459021,10011.322193858443,none
920,2,494.2106432555758,39935.37554834438,916 917 921
921,2,305.4967235190282,39886.446434349746,916 917 920
922,1,583.8253792131378,0.0,none
923,0,0,9305.041070109824,none
924,1,642.1946211795618,0.0,none
925,0,0,0.0,none
926,2,91.0772909954451,1569.9863533930156,none
927,2,810.8759688820747,0.0,none
928,1,510.3430685219223,67744.1311195551,929 930 931 932
929,1,529.7108428114645,67171.16410350199,928 930 931 932
930,1,516.5921673201499,64087.21168665185,928 929 931 932
931,1,504.40420867112437,64750.94575475296,928 929 930 932
932,1,522.6196668702135,63410.004384262356,928 929 930 931
933,1,498.1551098728968,5535.371939740687,none
934,0,0,11598.327369510462,940
935,1,307.80135569993485,7976.15469871935,none
936,1,560.158579509212,83136.23761763494,937 938 939
937,1,498.42102897069367,90584.09970873108,936 938 939
938,1,518.9854392003222,85178.4962887153,936 937 939
939,1,520.7582331856349,111577.52608280524,936 937 938 941 946
940,1,632.798813057404,10600.598914576418,none
941,1,515.3512115304309,45299.14103030679,946 948
942,1,551.4718889811792,33373.20133231052,943 947
943,1,536.3588202563876,32780.37902362192,942 947
944,1,542.7851984531466,15563.003838264009,none
945,1,643.5242166685464,31640.82704986285,946
946,1,559.0062634187586,17677.592503945118,none
947,2,384.82925436177607,32325.83464578772,942 943
948,1,665.9057407331204,15482.164432533744,none
949,2,232.10305252707835,0.0,none
950,1,330.80335765936843,63687.9784811594,953
951,1,270.1738033616707,52142.1258136142,none
952,1,479.31917377894825,39442.53882042742,none
953,1,644.8094923078982,55609.71084888604,none
954,1,497.6675915269358,4928.3672791695835,955
955,1,225.01187658582714,4806.399052980063,none
956,1,402.5571942149041,46397.5641836066,958
957,1,372.7299354120162,43288.792650962074,959
958,1,403.0447125608651,47836.36378208647,956
959,1,561.0449765018684,46324.52507141171,none
960,0,0,0.0,none
961,1,472.4052772362284,60443.05637044285,966
962,1,462.6992301666408,15248.86474406658,none
963,1,559.5381016143525,83448.95847664411,965 972 975
964,1,155.25243326376847,10217.675413748853,none
965,1,514.7750534852042,93421.2792028257,963 972 975
966,1,537.4224966475753,132959.54889846,967 968 969 970 971 973 974 976
967,1,567.6486340971586,163546.62720345292,966 968 970 971 973 974 976 977 978 979 980
968,1,401.40487812445076,149493.3347230813,966 967 969 970 971 973 974 977 979 980
969,1,438.58923196638676,139162.20049427243,966 967 968 970 971 973 974 977 979 980
970,1,103.30956949410341,178377.82168457983,966 967 968 969 971 973 974 977 979 980 983 986
971,1,485.1250740808477,178082.11964782962,966 967 968 970 973 974 977 979 980 983 986
972,1,488.18314370551224,90538.00706511295,965 975
973,1,473.86783227411144,150727.90845445314,966 967 968 969 970 971 974 977 979 980 986
974,1,351.85528623495793,0.0,none
975,1,508.8805134840392,80363.58782460573,972
976,1,449.6248745249589,163052.3722403477,971 974 978 979 981 983
977,1,566.4963180067052,152557.43184729593,968 970 971 973 974 979 980 986 995 996
978,1,461.1037155798593,22954.84563942426,976 981
979,1,471.87343904063454,195520.03040496047,968 970 971 973 974 977 980 983 986 995 996
980,1,565.4769614651503,157748.88175388594,968 970 971 973 974 977 979 986 995 996
981,1,421.9692883540792,34580.11947751148,none
982,1,415.0553918113593,47843.454958027716,985
983,1,372.77425526164905,154720.24050937756,976 978 979 981
984,1,442.66665813260613,34451.06007538071,none
985,1,464.33906460305514,15231.845921807577,982
986,1,565.2553622169862,149596.86589182357,977 979 980 983 995 996 1001 1013
987,1,476.08382475575246,22627.942428532577,988
988,1,479.49645317747957,23008.029458983645,987
989,1,373.66065225430543,100535.14690708889,991 994 997 998 1007
990,1,540.7464853700368,88307.83223158945,989 991 994 997 998 1002 1007 1015
991,1,625.884916514684,97863.90093001955,989 990 994 997 998 1002 1007 1015
992,1,424.0523212868218,29051.838713712037,none
993,1,385.58269180553395,33324.272218315884,none
994,0,0,0.0,none
995,1,528.2926076232144,141818.5550018651,980 983 986 996 1001 1013 1016 1021
996,1,505.1133262652495,127606.42018040946,986 995 1001 1008 1013 1016 1017 1021
997,1,506.22132250607007,93388.65979349591,989 991 994 998 1007 1015
998,1,534.6303461207077,103690.72020094567,989 991 994 997 1002 1007 1015
999,1,321.67346863500757,91155.64848959591,1000 1003 1006 1010 1012
1000,1,239.50446741575925,64697.05281759945,999 1003 1006 1010
1001,1,523.3731043139713,126950.48640584372,986 995 996 1013 1016 1021
1002,1,511.45106476274276,92491.62603692764,989 990 991 994 997 998 1007 1015
1003,1,489.1581803974343,75373.52731474725,999 1000 1006 1010
1004,2,404.28566835058405,30967.165335443988,1009
1005,1,104.86076423125212,60055.16904645641,none
1006,1,486.67626881799646,81217.36540793238,1012
1007,1,509.41235167963305,93690.0347709991,989 990 991 994 997 998 1015
1008,1,566.9395165030335,130195.40851656029,1017 1023 1029 1031 1032 1035
1009,1,444.39513226828615,26713.87800588152,1004
1010,1,520.3150346893068,63847.52993983756,999 1000 1003 1006
1011,1,345.42890803819904,2902.418312754116,none
1012,1,149.18061386407211,0.0,none
1013,1,575.3159680836364,131483.87518508564,995 996 1001 1016 1021 1031 1035
1014,1,219.95941372768564,21172.83312538783,none
1015,1,507.2406790476249,75072.8614548382,994 997 998 1002 1007
1016,1,546.6410253712019,131070.45962771068,995 996 1001 1013 1021 1029 1031 1035 1040 1043
1017,1,598.8941280882966,215796.53889137413,1008 1021 1023 1029 1031 1032 1035 1036 1038 1040 1043
1018,1,421.79200895554794,6260.090120936559,1019
1019,1,449.5362348256932,4220.667920232714,none
1020,1,966.438641093273,282638.6724312021,none
1021,1,369.3616268399218,211445.39333382237,996 1001 1008 1013 1016 1017 1023 1029 1031 1032 1035 1036 1040 1043 1045
1022,1,532.2370742405353,0.0,none
1023,1,540.6578456707712,185233.57058458147,1008 1017 1021 1029 1032 1035 1036 1043 1045
1024,2,358.14870488281844,0.0,none
1025,1,621.8074903484645,13629.949276678932,none
1026,1,515.7500901771264,0.0,none
1027,2,488.4490628033092,46238.01272492845,1030 1050 1053
1028,0,0,0.0,none
1029,1,563.7041674798376,150585.37581803396,1008 1017 1023 1032 1036 1043 1045 1054 1055 1060 1065
1030,2,218.89573733649794,97524.94272002776,1027 1048 1050 1052 1053 1063
1031,1,506.44292175423413,142030.58116250855,1013 1016 1017 1021 1023 1029 1032 1035 1036 1040 1043 1045 1054 1055 1060 1065
1032,1,583.3821807168097,170200.98670672305,1017 1021 1023 1029 1036 1054 1055 1060 1065
1033,1,537.2895370986769,5045.371682200229,none
1034,1,310.726465775701,59763.721715270985,1039 1042 1047 1051 1056 1058 1061
1035,1,542.4749595057167,126028.63353348107,1017 1021 1023 1029 1031 1032 1036 1040 1043 1045 1054 1055 1060 1065
1036,1,548.325179657249,146020.78586465056,1023 1029 1032 1065
1037,1,347.02442262498056,57785.2836276619,1039 1042 1047 1051 1056 1058 1061
1038,1,489.37977964559843,194943.51780093674,1027 1029 1030 1032 1036 1048 1050 1052 1053 1063 1069
1039,1,618.7051008741672,56168.49551305662,1047 1051 1056 1058 1061
1040,1,306.16152126352057,113619.07563629148,1023 1029 1031 1032 1035 1036 1043 1045 1054 1055 1060 1065
1041,1,452.23974565329524,24369.535239703873,none
1042,1,628.6327471919188,60717.48487936927,1039 1047 1051 1056 1058 1061
1043,1,339.75596728519815,116156.29838807115,1023 1029 1031 1032 1035 1036 1040 1045 1054 1055 1060 1065
1044,1,522.1764683738852,0.0,none
1045,0,0,115983.98281269876,1029 1031 1032 1035 1036 1040 1043 1054 1055 1060 1065
1046,1,443.06553677930157,59868.6711192015,1039 1047 1051 1056 1058 1061
1047,1,550.6298118381557,61119.55455523822,1039 1042 1051 1056 1058 1061
1048,1,437.3482761766677,184279.80742048318,1027 1029 1030 1032 1036 1050 1052 1053 1063 1069
1049,2,334.7478242766894,0.0,none
1050,1,445.9906468550676,146376.76289690137,1027 1030 1038 1048 1052 1053 1063 1069
1051,1,59.831797004307,60090.62492616267,1039 1042 1047 1056 1058 1061
1052,1,435.39820279282367,103704.19343523405,1029 1032 1036 1048 1063 1069
1053,1,473.51327347704887,124782.71392060323,1030 1038 1048 1050 1052 1063 1069
1054,1,558.2085061253679,85981.92652285905,1031 1035 1040 1043 1045 1055 1060 1065
1055,0,0,92743.36278284207,1029 1031 1032 1035 1036 1040 1043 1045 1054 1060 1065
1056,1,633.9511291478573,59814.778182047994,1039 1042 1047 1051 1058 1061
1057,2,442.1348199370123,46330.198012164714,1064 1067
1058,1,519.3399979973848,53675.238052112705,1039 1047 1051 1056 1061
1059,1,472.67119633402524,36133.08700864549,none
1060,1,566.6735974052365,92863.20365624921,1031 1032 1035 1036 1040 1043 1045 1054 1055 1065
1061,1,89.3044970101323,61669.829808279304,1039 1042 1047 1051 1056 1058
1062,1,445.0599300127784,36688.32608484545,1059
1063,1,457.6467673084993,134706.10553279016,1036 1048 1050 1052 1053 1069
1064,1,331.64543480239206,0.0,none
1065,1,242.0750186944628,0.0,none
1066,1,233.38832816643014,65352.277474571056,1035 1036 1040 1043 1045 1054 1055 1060 1065
1067,2,456.98196956400704,50355.85859401302,1057 1064
1068,1,634.6159268923495,88180.90018224104,1071 1078 1089 1091
1069,1,417.3600239922659,102429.20000099708,1048 1050 1052 1053 1063
1070,1,294.1951618626591,11338.790330060669,none
1071,1,560.8233772537043,93095.79422712224,1068 1078 1089 1091
1072,1,297.2089116376909,5809.091331072983,none
1073,1,549.1672568002725,53010.79486641746,1075 1077 1085
1074,1,129.8571594241626,194927.20809627185,none
1075,1,589.5426398157716,50509.02799434404,1073 1077 1085
1076,1,308.2445541962631,5782.144862496229,none
1077,1,545.7989482281783,50787.711208835215,1073 1075 1085
1078,1,530.1983611574257,93375.89567680167,1068 1071 1089 1091
1079,1,297.2532314873237,6336.674821102071,none
1080,1,491.86169122503634,68020.68698126389,1096 1098
1081,2,280.2344092283208,271330.37415768876,none
1082,1,508.03843634101565,32190.393185309822,none
1083,1,476.8815820491432,76225.17754529153,1096 1101 1111
1084,1,540.8794449189353,46206.10243319282,1092 1097
1085,1,587.0607282363337,51660.63496720324,1073 1075 1077
1086,1,529.4006038640349,61555.66187562516,1094 1100
1087,1,457.86836655666343,13952.597782005862,none
1088,1,436.1516402365816,48402.94873979244,1095
1089,1,488.6263422018405,72521.45635117602,1071 1078 1091
1090,1,497.7562312262014,36207.54435602862,none
1091,1,493.4572058118179,70691.22384073908,1071 1078 1089
1092,1,558.6517046216961,34453.896545757205,1084 1097
1093,1,479.4521333278467,104180.72045848613,1096 1098 1101 1111 1113 1118
1094,1,59.698837455408544,60402.636667577724,1086 1100
1095,1,460.26163843683565,48184.5405208019,1088
1096,1,187.07408530013322,28035.67320133074,none
1097,1,570.4407846240262,123296.40344331699,1092
1098,0,0,110302.53264856829,1096 1101 1111 1113 1118
1099,1,282.1844826121649,0.0,none
1100,1,538.2645737905989,60192.02874212256,1086 1094
1101,1,520.0491155915098,111428.61138803899,1096 1098 1111 1113 1118
1102,1,556.967550335649,31761.377040864125,none
1103,1,375.9209645855792,55431.0132151665,1088 1095
1104,1,449.49191497606046,66698.18266822054,1088 1095
1105,1,358.68054307841226,53726.29451888972,1110 1114 1125 1126 1135
1106,1,497.3130327298732,53513.559240652176,1108
1107,1,557.8982671779381,75596.19023930254,1099
1108,1,492.1719301724661,43426.36146422235,1106
1109,1,606.4728223755088,100813.83012158005,1119
1110,1,482.5545228021441,17017.40402381463,1114
1111,1,703.7548923195487,120287.6174914441,1096 1098 1113 1118 1137 1141 1143 1144 1145
1112,1,489.2911399463328,26306.135389259573,1115
1113,0,0,118471.56733288967,1098 1111 1118 1137 1141 1143 1144 1145
1114,1,514.597774086673,0.0,none
1115,1,469.7017664086263,26252.242452106068,1112
1116,1,705.4833664552287,86110.98592498981,1098 1101 1111 1113 1118 1121
1117,1,570.9283029699872,65484.88246467245,1124 1139
1118,1,713.1950202913393,95818.80578856272,1101 1111 1113 1116 1121
1119,1,458.75476354931976,95545.0863972304,1109
1120,1,450.1123928709199,131086.06021478144,1099 1107 1109 1119
1121,1,667.5455751695349,15511.947371487,none
1122,1,347.6005806702072,69356.6645285956,1110 1114 1125 1126 1135
1123,2,665.1079834397298,45681.35541354023,1146 1153
1124,1,266.49525584214666,63489.42555480437,1117 1139
1125,1,510.6089876197192,48986.55251975742,1126 1135
1126,1,512.2488220561336,13834.88426138109,none
1127,1,182.24322169015585,3035.0233028555135,none
1128,1,514.3318549888761,103747.44960847568,1133 1140 1147 1148 1149
1129,2,448.4725584345056,47269.06970678637,none
1130,1,608.2899362104545,104720.35894761534,1133 1140 1147 1148 1149
1131,2,425.02735797874374,10720.439787983563,none
1132,1,322.8257847254609,97137.76451363543,1133 1140 1149
1133,1,564.3246453746971,106820.05614381982,1134 1140 1147 1148
1134,1,418.8668988797818,109016.1933328253,1133 1140 1149
1135,1,530.2870008566913,70272.84446020526,1110 1114 1125 1126
1136,1,266.0077374961856,69748.09744055268,1110 1114 1122 1125 1126 1135
1137,1,315.5573293856784,20059.51850261139,1141 1143 1144 1145
1138,2,658.0168074984786,56030.92669979635,1153 1165
1139,1,572.9670160530969,68203.63932054816,1117 1124
1140,1,524.1708616073621,110753.53143843186,1133
1141,1,466.06753873873515,19295.79885373864,1137 1143 1144 1145
1142,1,246.86156245480737,0.0,none
1143,1,255.72553238137138,20553.064348122476,1137 1141 1144 1145
1144,1,496.116396789787,65075.01249526813,1111 1113 1118 1137 1141 1143 1145
1145,1,465.00386234754745,4045.5158744838095,none
1146,2,584.2242578598333,64564.44782749805,1153 1165
1147,1,531.2177176989804,185060.54589161495,1133 1134 1140 1150 1155 1162 1168 1174
1148,1,604.6113886909304,123119.12404478571,1133 1140 1149
1149,1,660.853277874979,43524.92880980574,none
1150,1,498.90854731665473,4863.128460510073,none
1151,1,310.726465775701,0.0,none
1152,1,518.1433620572986,82732.74970657774,1133 1140 1149 1154 1160
1153,2,85.27139069354567,63751.799064630664,1165
1154,1,220.5355717729123,32728.613439250785,1152 1160
1155,1,437.9244342218944,88861.65307260116,1162 1168 1174 1179
1156,1,511.6283441612741,74493.51238043798,1159 1167 1169 1170 1171 1175
1157,2,191.15151146635267,7669.815898057297,1158
1158,1,500.76998100123313,0.0,none
1159,1,297.1202719384253,88118.49783395804,1156 1161 1166 1167 1169 1171 1175
1160,1,292.1564487795494,21700.41661541692,1152 1154
1161,1,335.85582051751,90629.48323475508,1156 1166 1167 1170 1171 1175
1162,1,467.4857739269853,101818.64975245536,1155 1168 1174 1179
1163,1,568.3134318416509,97137.76451363543,1156 1161 1166 1167 1171 1175
1164,1,645.3856503531248,12628.675233774262,none
1165,2,609.5752118498062,35796.96526903018,1153
1166,1,224.96755673619433,73798.57713819537,1167 1170 1171
1167,1,233.87584651239112,76586.1184007012,1161 1166 1170 1171
1168,2,456.6274107669445,122905.67964895404,1155 1162 1174 1179 1187
1169,1,527.0516518334955,82093.1256366769,1156 1166 1167 1170 1171 1175
1170,1,497.9778304743655,90191.95767917989,1156 1161 1166 1167 1171 1175
1171,1,437.3482761766677,84903.35866219473,1159 1166 1167 1175
1172,1,300.93177900684776,0.0,none
1173,2,340.3321253304248,51840.75083611102,1176 1178 1181 1185
1174,1,430.78893843101037,168490.59506969326,1155 1162 1168 1179 1187 1197
1175,1,485.47963287791026,81581.85185131268,1156 1159 1161 1166 1167 1171
1176,1,369.14002759175776,53346.91660603278,1173 1178 1181 1185
1177,1,448.1623194870758,17888.9095469944,none
1178,1,360.80789586078765,51841.45995370514,1173 1176 1181 1185
1179,1,505.1133262652495,115589.00431277105,1168 1174 1197
1180,1,576.4239643244568,110331.60646992743,1184 1191 1193 1196 1198 1201
1181,1,309.7071092341462,52274.021686121465,1173 1176 1178 1185
1182,1,670.204766147504,127186.6225646874,1203 1209
1183,1,364.13188458324913,58513.5473968284,1195 1204
1184,1,463.71858670819563,114679.20643950853,1180 1191 1193 1196 1198 1201
1185,1,314.4936529944907,53930.520385997756,1173 1176 1178 1181
1186,1,497.3130327298732,112035.61604861009,1189 1194 1199 1202 1206 1210 1211
1187,1,247.3047609511356,112931.94068758423,1174 1179 1197
1188,1,319.9449944993276,63746.12612387766,1183 1195 1204
1189,0,0,116418.67189789744,1186 1194 1199 1202 1206 1210 1211
1190,1,294.5054008100889,6852.912429625159,none
1191,1,680.4869712623182,121697.34326856483,1180 1184 1193 1196 1198 1201
1192,0,0,137832.60500528783,none
1193,1,688.4645441962259,115113.89552470723,1180 1184 1191 1196 1198 1201
1194,1,509.98850972485974,123450.99107883626,1186 1189 1199 1202 1206 1210 1211
1195,1,422.501126549673,60564.31547903825,1183 1204
1196,1,728.6626478131936,108607.03248101512,1180 1184 1191 1193 1198 1201
1197,1,459.72980024124183,100697.53483614353,1174 1179
1198,1,721.8817108193721,106076.19178758257,1180 1184 1191 1193 1196 1201
1199,1,467.9289724233135,133196.39417489778,1186 1189 1194 1202 1206 1210 1211 1218 1219
1200,1,438.1017136204257,19546.117364464804,none
1201,1,557.1448297341802,118216.99411659875,1180 1184 1191 1193 1196 1198
1202,1,512.6033808531961,137524.8479694375,1186 1189 1194 1199 1206 1210 1211 1218 1219
1203,1,651.9006682491494,194259.219322606,1182 1209 1213 1215
1204,1,356.64182999530254,56424.48696453579,1183 1188 1195
1205,1,189.99919537589935,186595.7854828958,1207
1206,1,533.6996292784185,131555.49606209225,1186 1189 1194 1199 1202 1210 1211 1218 1219
1207,1,503.38485212956954,213902.48579746595,1205
1208,1,359.52262022143583,90709.61352289123,1212 1217 1222 1224 1225 1226
1209,1,434.11292715347184,138702.69229327934,1203 1213 1215
1210,1,556.6129915385864,121484.6079903273,1189 1194 1199 1202 1206 1211 1218 1219
1211,1,481.6681258094877,113511.99887957858,1194 1199 1202 1206 1210 1218 1219
1212,1,343.4345148047222,91330.09141775071,1208 1217 1222 1224 1225 1226
1213,1,447.36456219368506,128634.64069189089,1203 1209 1215
1214,1,470.0563252056889,42137.18567810288,none
1215,1,438.2346731693242,123060.26728447333,1203 1213
1216,1,679.2903353222321,9277.385483938944,none
1217,1,346.1380256323242,89644.51889651529,1208 1212 1222 1224 1225 1226
1218,1,493.2356065636538,96304.55134053841,1202 1206 1210 1211 1219
1219,1,522.5310271709478,89063.75158692681,1202 1206 1210 1211 1218
1220,2,48.929113994633276,162270.92465162184,none
1221,1,78.40181400045857,0.0,none
1222,1,358.9464621762092,86903.7793952217,1208 1212 1217 1224 1225 1226
1223,1,421.526089857751,38619.96241124228,none
1224,1,365.3285205233352,84574.32809852068,1208 1212 1217 1222 1225 1226
1225,1,374.36976984843056,85177.78717112116,1212 1217 1222 1224 1226
1226,1,349.4176945051529,87585.95052077007,1212 1217 1222 1224 1225
1227,1,366.7467557115855,36175.63406429299,1239
1228,1,539.0180112343569,42468.343594559316,1231 1234
1229,1,887.7265881453847,36729.454905304716,1230
1230,1,938.5171358245963,36689.74432003371,none
1231,1,337.80589390135407,43337.01264736258,1228 1234
1232,2,427.3319901596504,33980.91511047575,1235 1236 1238
1233,1,466.0232188891023,24882.93637785046,1232
1234,1,535.6940225118952,43339.14000014496,1228 1231
1235,1,414.1689948187029,34132.666275618525,1236 1238
1236,1,435.39820279282367,34175.21333126603,1235 1238
1237,1,147.18622063059522,3192.44740875129,none
1238,1,407.5210173737799,34014.952754993756,1235 1236
1239,1,669.1410897563163,18450.5306815415,none
1240,1,536.4917798052861,41077.05487488583,1241 1243 1246
1241,1,529.0460450669723,41359.283677347616,1243 1246
1242,1,335.41262202118173,12574.073179026627,1244 1248
1243,1,641.7071028336007,41751.42570689881,1241 1246
1244,1,581.2991477840671,7584.721786762283,1248
1245,0,0,0.0,none
1246,1,667.5898950191677,41440.12308307789,1241 1243
1247,1,756.5841530818701,17956.27571843629,1249
1248,1,529.5778832625662,7779.72912514669,none
1249,1,557.5437083808756,17745.667792981127,1247
1250,1,361.8272524023425,68903.53838594967,1251 1252 1253 1254 1256 1258 1259 1261
1251,1,318.2165203636476,68387.30077742657,1250 1252 1253 1254 1256 1258 1259 1261
1252,1,381.72686488747865,68468.14018315684,1250 1251 1253 1254 1256 1258 1259 1261
1253,1,357.9271056346543,68978.70485092692,1250 1251 1252 1254 1256 1258 1261
1254,1,366.65811601231985,68492.25018135709,1250 1251 1252 1253 1256 1258 1259 1261
1255,1,543.2727167991076,49263.81749906033,1257 1260 1265
1256,1,378.0483173679546,70123.22064784486,1250 1251 1252 1253 1254 1258 1259 1261
1257,0,0,0.0,none
1258,1,369.98210473478133,68131.30932594741,1250 1251 1252 1253 1254 1256 1261
1259,0,0,382.92350082756474,none
1260,1,500.1938229560065,49580.793063634264,1255 1257 1265
1261,1,365.5057999218665,66806.67766012168,1250 1251 1252 1253 1254 1256 1258 1259
1262,1,764.1185275194496,92579.55661859916,1263 1266 1268 1270
1263,1,776.2178464692095,94666.48969810939,1262 1266 1268 1270
1264,1,499.2631061137173,62960.423829587024,1267 1269 1278 1281
1265,1,557.0561900349146,48986.55251975742,1255 1257 1260
1266,1,729.9479234525453,85114.67570524402,1262 1263 1268 1270
1267,1,511.40674491311,79858.69609758863,1269 1277 1278 1280 1281
1268,2,417.58162324043,96988.14070127503,1262 1263 1266 1270
1269,1,511.1851456649458,91923.62284403342,1267 1277 1278 1280 1281
1270,1,679.2903353222321,74160.93622879329,1262 1263 1266 1268
1271,1,620.3006154609487,12035.85292508566,1272
1272,1,443.0212169296687,33368.94662674577,none
1273,1,739.0334926272734,73568.82303769882,none
1274,1,403.97542940315424,30794.849760071585,none
1275,1,505.6894843104762,0.0,none
1276,1,775.9962472210453,33915.67629181624,none
1277,1,323.2246633721562,88207.13753322368,1267 1269 1278 1280 1281
1278,1,547.08422386753,91097.50084687765,1267 1269 1277 1280 1281
1279,1,479.40781347821394,19134.12004227811,none
1280,0,0,84542.41780678504,1267 1269 1277 1278 1281
1281,1,511.6726640109069,84671.47720891584,1269 1277 1278 1280
1282,1,371.9764979682583,32547.079335154758,none
1283,1,509.67827077743,69670.80362279304,1277 1278 1280 1281
1284,0,0,117753.94032763503,none
1285,1,665.2409429886283,13835.593378975216,none
1286,1,405.21638519287325,10329.715993620624,none
1287,1,422.1908876022433,13990.890132088616,none
1288,1,618.1289428289406,10328.297758432373,none
1289,1,696.3534774308678,23403.717076505458,none
1290,1,274.783067723484,25757.98748900086,none
1291,1,811.1418879798716,86910.87057116296,1293
1292,1,773.0268172956464,29712.736311436653,none
1293,1,604.212510044235,83469.52288687375,1294
1294,1,773.6029753408731,9103.65167337829,none
1295,1,643.2582975707494,54043.27008346364,1296
1296,1,524.1708616073621,54716.931797882506,1295
1297,1,374.68000879586026,36850.00489630598,1299
1298,1,406.10278218552963,11216.112986277023,none
1299,2,252.80042230560528,36876.951364882734,1300
1300,1,294.46108096045606,36201.1622976815,1299
1301,2,773.3370562430761,120660.61334595393,1302 1303 1304
1302,2,775.9519273714125,98037.63474058021,1301 1303 1304
1303,2,720.7737145785517,94979.91967471268,1301 1302 1304
1304,2,703.7105724699159,90272.08796731602,1301 1302 1303
1305,2,610.9491271884236,80664.9628021089,1306 1308 1310
1306,2,580.4570706410435,81901.66388626311,1305 1308 1310
1307,2,709.2062338243857,30906.181222349227,1309
1308,2,544.3363931902952,82962.50380707429,1305 1306 1310
1309,2,705.173127507799,30648.062418087684,1307
1310,2,528.0710083750503,83649.63875578153,1305 1306 1308
1311,2,409.51541060725674,61301.797776928375,none
1312,1,874.2533538570073,146070.42409623935,1313 1315 1316
1313,2,762.1241342859728,103880.7637161712,1312 1315 1316
1314,2,462.38899121921105,22583.977137696824,none
1315,2,562.0200131937904,76162.06607941438,1312 1316
1316,2,425.73647557286887,92185.2872362656,1312 1313 1315
1317,2,423.21024414379815,56813.08340611637,1320 1322 1325
1318,1,610.372969143197,60889.80045474168,1324 1326
1319,1,597.2099738022495,79173.68850166378,1324 1326 1327 1333
1320,2,436.5948387329098,26662.821539104512,none
1321,1,621.0540529047066,88376.61663821958,1324 1326 1333 1338
1322,2,462.4776309184767,0.0,none
1323,1,600.8442014721408,94010.55592354365,1324 1326 1333 1340
1324,1,538.486173038763,119786.27135239764,1326 1327 1333 1340
1325,2,429.1047841449632,102142.00737537642,1320 1322 1331 1342
1326,1,604.0795504953365,133655.19325829673,1324 1327 1333 1340 1349 1351
1327,1,589.4096802668732,128255.97189662808,1323 1324 1326 1333
1328,2,449.4475951264276,103748.1587260698,1322 1325 1331 1342
1329,2,425.86943512176737,52364.07962057536,1335 1336
1330,2,409.60405030652237,53002.99457288209,1339
1331,2,398.4354481990518,103333.3249335066,1322 1325 1342
1332,1,587.725525980826,123175.14433472158,1324 1326 1327 1333 1340 1349 1351
1333,1,584.4901769576301,110113.907368531,1324 1326 1327 1338 1340 1349 1351
1334,2,431.85261482219806,67969.63051448687,1337
1335,2,450.55559136724816,46583.352993267385,1329 1336
1336,2,738.5459742813124,46465.63947264261,1329 1335
1337,2,438.0573937707928,74302.0506300242,1334
1338,1,577.7092399638086,112610.71041744556,1324 1326 1327 1333 1340 1349 1351
1339,2,422.8556853467356,45433.164255596435,1330
1340,1,590.8279154551234,95754.27608749732,1324 1326 1327 1333 1351
1341,1,383.76557797058837,44022.729360881574,1353
1342,2,211.7159216959811,97844.75475497819,1325 1328 1331 1362
1343,1,324.1997000640783,61980.42331450611,1348
1344,1,585.1549747021224,83955.97755644358,1326 1327 1333 1340 1349 1351
1345,2,406.4573409825922,55953.63288203671,1334 1337
1346,2,419.5760164739069,17008.89461268513,none
1347,0,0,0.0,none
1348,1,311.12534442239644,63389.43997403272,1343
1349,1,650.5710727601647,77409.40392748047,1327 1333 1340 1351
1350,1,442.9768970800359,26451.504496055226,none
1351,1,682.2154453979982,68221.3672604013,1333 1349
1352,1,625.4417180183559,0.0,none
1353,1,688.8634228429212,43394.45117248672,1341
1354,2,426.0023946706658,14644.696553871978,none
1355,1,624.7769202738635,8813.622577381117,1359
1356,1,464.8265829490161,26444.413320113974,none
1357,1,526.165254840839,27196.787087480723,none
1358,2,428.21838715230683,70597.62031831457,1361
1359,2,217.21158305045083,13526.418107936663,1355
1360,0,0,65607.5598084561,1364 1365 1366
1361,1,496.4266357372168,69455.94099177312,1358
1362,2,218.0979800431072,29092.258416577173,none
1363,1,84.4293135505221,0.0,none
1364,2,714.2143768328942,73870.198015202,1360 1365 1366
1365,2,904.1692523591609,75777.72434339857,1360 1364 1366
1366,2,685.8939929175223,74187.17357977593,1360 1364 1365
1367,0,0,0.0,none
1368,0,0,0.0,none
1369,0,0,0.0,none
1370,2,601.4646793670003,46594.698874773385,none
1371,1,184.59217372069529,0.0,none
1372,2,447.32024234405225,64302.783435265876,1374 1376 1377
1373,1,483.88411829112874,41857.793346017585,1377 1386
1374,1,411.3325244422024,86854.85028122707,1376 1377 1386
1375,1,619.9017368142532,77217.23305947256,1374 1376 1377 1387
1376,1,554.485638756211,108002.86429082052,1374 1377 1386 1387 1391
1377,1,472.98143528145505,86249.26385584421,1374 1376
1378,1,486.277390171301,30742.37505810633,none
1379,1,479.5850928767452,89602.6809584619,1374 1376 1377 1387 1391
1380,1,1031.5001803542527,0.0,none
1381,1,346.4039447301211,25987.032471903272,1383 1384 1385
1382,1,449.0043966300994,46219.57566748119,none
1383,0,0,26092.690993427914,1384 1385
1384,1,290.02909599717407,25087.162244958494,1383 1385
1385,1,513.844336642915,25884.919538349255,1383 1384
1386,1,793.5469076756422,34322.00067324993,1387
1387,1,639.6240699008582,34444.67801703358,1391
1388,1,497.9335106247327,115628.00578044794,1374 1376 1387 1393
1389,1,330.6260782608372,6926.660659414172,1392
1390,1,460.2173185872029,79518.31965240858,1374 1376 1377 1387 1391
1391,1,524.0822219080965,34603.5203581176,1387
1392,1,333.2409493891735,7021.682417026937,none
1393,1,443.06553677930157,11328.15356614879,none
1394,1,339.75596728519815,8266.892912310648,none
1395,1,409.2938113590927,10777.169195513572,none
1396,1,157.822984542472,8086.067925808743,none
1397,1,709.0732742754872,39085.14355298836,1398
1398,1,699.4115470555324,39514.86881502819,none
1399,1,599.780525080953,30844.487991660342,1400
1400,1,245.5319669658228,30792.013289695085,1399
1401,1,286.5721477258141,283318.71620396804,none
1402,1,306.51608006058314,253.15498110266785,none
1403,2,405.88118293736557,39697.11203671834,1404 1406 1407
1404,2,440.0074671546369,39814.116439748985,1403 1406 1407
1405,1,265.87477794728716,5060.972269270981,none
1406,2,416.8725056463049,39308.515595137775,1403 1404 1407
1407,2,405.9698226366312,39097.198552088485,1403 1404 1406
1408,0,0,0.0,none
1409,1,389.3941988739565,0.0,none
1410,2,556.1254731926253,0.0,none
1411,0,0,13234.97077675124,none
1412,1,204.4917862058315,0.0,none
1413,1,178.96355281732716,0.0,none
1414,1,460.43891783536696,0.0,none
1415,2,157.73434484320637,11011.887119168987,none
1416,2,201.2564371826356,10910.483303209096,none
1417,2,262.3735098262944,10873.60918831459,none
1418,1,829.9778240738201,0.0,none
1419,1,475.197427763096,21299.056057142105,none
1420,1,440.494985500598,0.0,none
1421,1,470.0120053560561,20776.43639027189,1419
1422,1,313.5629361522015,3256.267992222551,none
1423,1,443.99625362159077,63874.47640841431,1424 1425 1426 1427 1428 1429
1424,1,482.9090815992067,64143.231976587726,1423 1425 1426 1427 1428 1429
1425,1,480.91468836572983,63531.26349285775,1423 1424 1426 1427 1428 1429
1426,1,93.33760332671892,61408.87453364126,1423 1424 1425 1427 1428 1429
1427,1,473.0700749807207,64811.22075025359,1423 1424 1425 1426 1428 1429
1428,1,480.5158097190344,63609.266428211515,1423 1424 1425 1426 1427 1429
1429,1,474.6212697178693,64466.58959950878,1423 1424 1425 1426 1427 1428
1430,2,401.67079722224764,16177.099674776362,none
1431,2,114.30089220304278,17896.709840529777,none
1432,1,761.3706968422147,9369.570771175211,none
1433,1,502.36549558801465,11049.47035165762,none
1434,1,581.4764271825984,7699.598837010552,none
1435,2,476.21678430465084,27231.53384959286,1432 1436 1437 1438
1436,1,764.6946855646762,26902.503285918803,1432 1437 1438
1437,2,1007.4345020036315,17208.156656634288,1436 1438
1438,2,969.5410305675703,0.0,none
1439,2,515.9273695756576,5192.868141778254,none
1440,0,0,15677.171770918152,none
1441,2,741.7370034548754,15653.061772717898,none
1442,2,582.6287432730517,0.0,none
1443,1,667.6785347184333,82438.46590501581,1444 1445 1446 1447 1448 1449 1450 1451 1452
1444,1,617.1095862873857,103564.4972691914,1443 1445 1446 1447 1448 1449 1450 1451 1452
1445,1,535.516743113364,107863.87724237201,1443 1444 1446 1447 1448 1449 1450 1451 1452
1446,1,505.1133262652495,104782.76129589837,1444 1445 1447 1448 1449 1450 1451 1452
1447,1,577.3546811667461,70137.40299972736,1443 1444 1449 1451 1452
1448,1,630.0509823801691,152517.0121444308,1444 1445 1446 1449 1450 1451 1452 1453 1454 1455 1456 1457
1449,1,493.6344852103491,108741.7648238989,1443 1444 1445 1446 1447 1448 1450 1451 1452
1450,1,497.88919077509985,153965.0302716343,1444 1445 1446 1448 1449 1451 1452 1453 1454 1455 1456 1457 1458
1451,1,493.191286714021,96386.80898145694,1443 1444 1445 1446 1447 1448 1449 1450 1452
1452,1,594.9053416213428,100813.83012158005,1443 1444 1445 1446 1447 1448 1449 1450 1451
1453,1,512.7363404020946,74246.03034008831,1454 1455 1456 1457 1458 1459
1454,0,0,132721.99450442806,1449 1450 1452 1453 1455 1456 1457 1458 1459
1455,1,496.4266357372168,114814.64789998642,1449 1450 1453 1454 1456 1457 1458 1459
1456,1,397.8149703041923,118977.877295095,1451 1452 1453 1454 1455 1457 1458 1459
1457,1,355.4895139048492,119292.72550688655,1451 1452 1453 1454 1455 1456 1458 1459
1458,0,0,60896.891630682934,1453 1454 1455 1456 1459
1459,1,414.12467496907004,20489.952882245343,1462
1460,1,390.59083481404264,20020.517034934514,1462
1461,1,133.89026574074921,0.0,none
1462,1,491.5514522776066,18949.040350211457,none
1463,2,466.1561784380007,0.0,none
1464,2,1083.1328051764879,32702.37608826816,1465 1466
1465,1,671.8002807342855,32271.232591040083,1466
1466,1,639.1365515548972,32896.67430905844,1465
1467,1,551.6934882293433,119584.8819556661,1468 1470 1472 1474
1468,1,505.1133262652495,119767.8342949504,1467 1470 1472 1474
1469,1,327.08049029021157,6663.578031993753,none
1470,1,508.96915318330485,110891.80936928626,1467 1468 1472 1474
1471,2,526.7857327356985,12073.436157574291,none
1472,0,0,122124.94117782229,1467 1468 1470 1474
1473,1,505.2906056637808,16172.135851617486,1471
1474,1,515.7500901771264,98231.22384377637,1467 1468 1470 1472
1475,1,330.4487988623059,0.0,none
1476,2,301.7295363002385,0.0,none
1477,2,723.7431445039505,0.0,none
1478,2,576.15804522666,62501.62474618808,1479 1481 1482 1483 1484 1485
1479,1,119.75223370787963,8763.984345792358,none
1480,2,474.222391071174,16199.082320194242,none
1481,1,466.1118585883679,54452.430935273835,1478 1479 1482 1483 1484 1485
1482,1,284.2675155449075,8564.013184249074,none
1483,1,484.6375557348867,53194.456323295875,1478 1479 1481 1482 1484 1485
1484,1,532.7689124361292,58141.96977750684,1478 1479 1481 1483 1485
1485,1,531.9711551427384,58278.829473172984,1478 1479 1481 1482 1483 1484
1486,1,247.5706800489325,66239.38358482158,1487 1488 1489 1491 1495 1506
1487,0,0,63858.166703749426,1486 1489 1491 1495 1506
1488,1,475.4190270112601,50108.37655366335,1489 1491 1495 1506
1489,1,472.4052772362284,18386.00098047611,1488 1491
1490,2,914.8060162710375,0.0,none
1491,1,545.2227901829516,68797.87986442502,1486 1487 1488 1489 1495 1506
1492,1,553.3776425153906,112556.81748029205,1493 1508 1513 1518
1493,1,576.7342032718867,92717.83454945356,1492 1508 1513 1518
1494,2,510.165789123391,0.0,none
1495,1,579.1274751520589,67244.912333291,1486 1487 1488 1489 1491 1506
1496,1,289.7188570497443,0.0,none
1497,0,0,65290.58424388217,1499 1503
1498,2,184.414894322164,59832.506121901126,1490 1494
1499,2,778.9656771464442,59404.90821264368,1497 1503
1500,2,628.1895486955907,248843.54613038708,1501 1502 1504 1505 1511 1512
1501,2,651.6790690009854,145769.7582363303,1500 1502 1504 1511 1512
1502,2,666.7034980265113,120506.02571043464,1500 1501 1511 1512
1503,0,0,59723.30201240585,1497 1499
1504,2,633.9511291478573,219977.49622633585,1500 1501 1502 1505 1511 1512
1505,2,624.0678026797384,193536.6284941925,1500 1501 1504 1511 1512
1506,1,486.4103497201995,0.0,none
1507,1,505.91108355864026,0.0,none
1508,1,468.32785107000893,66664.85414129666,1492 1493 1513 1518
1509,1,556.3470724407895,88251.81194165356,1521 1526 1536 1538
1510,1,506.53156145349976,0.0,none
1511,2,837.7337977595636,146561.1334713739,1500 1501 1502 1504 1512
1512,2,801.7460798577138,90050.843277949,1500 1501 1502 1511
1513,1,348.6642570613949,55691.96848980455,1492 1493 1508 1518
1514,1,522.3980676220493,66961.26529564096,1517 1519 1523
1515,2,638.7376729082018,141949.74175677827,1516 1520
1516,2,648.3994001281566,166288.78493993476,1515 1520
1517,1,135.79601927496046,65650.81598169773,1514 1519 1523
1518,1,494.7424814511696,32081.189075814553,1508 1513
1519,1,468.9926488145012,66250.72946632758,1523
1520,2,585.5981731984507,152263.148045734,1515 1516
1521,1,471.87343904063454,52140.70757842595,1509 1526 1536
1522,2,727.6876111212716,54053.197729781394,none
1523,0,0,74769.35912455265,1514 1517 1519
1524,0,0,0.0,none
1525,1,931.1600407855482,4129.191750590573,none
1526,1,519.1627185988534,88331.23311219556,1509 1521 1536 1538
1527,1,502.89733378360853,0.0,none
1528,1,609.2206530527437,0.0,none
1529,2,517.1683253653765,55324.64557604774,1532 1534 1540 1541
1530,1,533.3893903309887,0.0,none
1531,1,483.7954785918631,0.0,none
1532,0,0,39941.04848909738,1541
1533,1,528.4698870217456,0.0,none
1534,2,523.6833432614011,55188.494997975715,1529 1532 1540 1541
1535,2,358.72486292804507,44848.85135803734,1528 1531 1537 1543 1544
1536,2,403.1333522601307,10657.328322106428,1538
1537,1,612.7662410233694,0.0,none
1538,1,723.876104052849,32760.523730986417,none
1539,2,708.851675027323,42233.6256709039,none
1540,2,528.1596480743159,55406.19409937212,1529 1532 1534 1541
1541,2,720.6407550296532,55089.218534798194,1529 1532 1534 1540
1542,1,556.5243518393207,59503.475558227066,1545 1549 1553 1556
1543,1,536.0929011585907,42779.646218380236,1528 1531 1535 1537 1544
1544,1,464.9152226482818,30438.16361022665,1543
1545,1,300.6658599090509,49223.397796195204,1549 1553 1556
1546,1,891.0505768678461,0.0,none
1547,1,354.4258375136615,19707.796175925334,none
1548,2,581.4321073329655,106163.41325165996,1550
1549,1,459.4638811434449,59160.26264267051,1542 1545 1553 1556
1550,0,0,0.0,none
1551,2,464.5163440015864,30487.80184181541,1554 1555
1552,1,689.7941396852104,34865.18475034977,1551 1554 1555
1553,0,0,0.0,none
1554,1,462.34467136957824,35760.8002717298,1551 1555
1555,1,695.6000399871099,30887.744164901975,1551 1554
1556,1,513.0465793495243,56469.8704905598,1542 1545 1549 1553
1557,2,162.1663298064884,142293.66378992895,none
1558,1,610.4616088424627,127780.86310856426,1559 1560
1559,2,618.1732626785733,140733.6050828537,1558 1560
1560,2,592.7336689893347,124182.80043597337,1558 1559
1561,1,699.5445066044309,22739.273890810222,1562
1562,1,581.0332286862701,22347.13186125903,1561
1563,1,818.2773837707556,79402.02436697205,1581
1564,1,728.795607362092,86485.40001468787,none
1565,1,527.6278098787221,5488.570178528428,1566
1566,1,497.7119113765686,5629.684579759327,none
1567,1,666.3046193798159,77983.78917872181,1582
1568,2,665.1523032893625,50521.7921110383,none
1569,2,928.9440483039073,0.0,none
1570,1,430.78893843101037,37498.847494930465,1571
1571,1,840.3929887375327,0.0,none
1572,1,580.1025118439809,53562.48835464681,1573 1577
1573,1,593.4427865834598,55169.34882293433,1577
1574,1,544.2034336413967,39537.56057804018,1580 1583
1575,2,510.3430685219223,14846.795068197636,1579
1576,2,916.667449955616,13425.014291976771,none
1577,1,552.5355653723669,42963.30767525864,1573
1578,2,844.7363340015493,17625.82691957398,none
1579,2,509.10211273220335,15155.261221642064,1575
1580,1,307.80135569993485,39510.61410946344,1574 1583
1581,2,600.268043426914,120275.56249234398,none
1582,2,635.3693643361074,112002.2875216862,1567
1583,1,540.5248861218727,39668.038215359215,1574 1580
1584,1,572.9670160530969,63583.738194823,1585 1590 1591 1592
1585,1,564.4576049235955,73318.50452697265,1584 1589 1590 1591 1592
1586,2,47.6438383552815,75197.66615140422,1584 1585 1590 1591 1592
1587,2,952.6551678574658,28420.014937346557,none
1588,2,943.525278833105,30686.354768170444,none
1589,1,554.6185983051095,78729.07177014732,1584 1585 1590 1591 1592
1590,1,552.3139661242028,80123.90607779143,1584 1585 1589 1591 1592
1591,1,555.8152342451956,79018.39174855036,1584 1585 1589 1590 1592
1592,1,561.7097742463607,79821.82198269412,1584 1585 1589 1590 1591
1593,1,536.0485813089579,0.0,none
1594,1,227.27218891710095,8734.910524433228,1593
1595,0,0,149269.96268093187,none
1596,0,0,3435.6747435362063,1597
1597,2,736.3743016493042,6387.022170284956,1596 1600
1598,1,539.948728076646,7508.13708659677,1596 1597 1600
1599,2,522.4423874716822,14494.363623917452,none
1600,1,504.44852852075724,38415.73654413425,1603
1601,1,462.65491031700793,46862.03620775856,none
1602,2,384.16445661728375,0.0,none
1603,2,841.3680254294549,38323.55125689798,none
1604,1,749.0940984939236,72746.24662851369,1605 1606 1607 1608 1609 1611
1605,1,728.0421699183341,81535.75920769454,1604 1606 1607 1608 1609 1611
1606,1,700.2979440481888,88637.57191285763,1604 1605 1607 1608 1609 1611
1607,1,751.3987306748302,96085.43400395375,1604 1605 1606 1608 1609 1611 1614
1608,2,735.5322245062807,101128.6783333716,1604 1605 1606 1607 1609 1611 1614 1615
1609,1,615.5583915502369,102709.3014506765,1604 1605 1606 1607 1608 1611 1614 1615
1610,1,632.6658535085055,7386.16886040725,1612
1611,1,595.5701393658352,108281.5475053117,1604 1605 1606 1607 1608 1609 1614 1615 1616 1617
1612,1,212.0261606434109,7373.4047437129975,none
1613,1,606.1182635784463,10458.775395751394,none
1614,1,685.3621547219284,59563.7505537277,1611 1615 1616 1617
1615,1,520.5809537871037,54588.58151334586,1612 1614 1616 1617
1616,1,628.6327471919188,48244.10639870841,1614 1615 1617
1617,1,470.32224430348583,12929.341093683312,none
1618,1,193.58910319615774,12903.812860294807,none
1619,2,426.22399391882993,38870.990039562574,1620
1620,2,619.0596596712297,40023.3061300159,1619
1621,1,372.10945751715667,17815.87043479951,none
1622,1,488.89226129963737,0.0,none
1623,1,698.7024294614073,41010.39782103807,1625 1626
1624,1,536.6690592038174,18975.98681878821,1628
1625,1,808.0394985055742,42699.5159302441,1623 1626
1626,1,437.83579452262876,19946.7688051455,1627 1628
1627,1,724.4965819477086,15967.909984509452,1628
1628,1,528.6914862699098,4772.361408462057,none
1629,1,42.23681670007746,4782.998172373934,none
1630,2,68.20824858490998,0.0,none
1631,1,168.8586271010442,32272.650826228335,none
1632,1,267.0270940377405,5865.111621008868,none
1633,0,0,2776.1953809998445,none
1634,1,308.5991129933256,17786.796613440383,none
1635,1,735.1776657092182,246073.73280773437,none
1636,1,121.6579872420909,100397.5780938286,none
1637,1,235.29408170064136,0.0,none
1638,1,228.15858590975733,0.0,none
1639,2,464.38338445268795,66498.21150667725,1640 1641
1640,2,452.81590369852194,64370.14960670777,1639 1641
1641,1,671.2241226890588,62106.64624626039,1639 1640
1642,1,326.8588910420475,4368.164379810739,none
1643,1,253.24362080193345,23073.977395237278,none
1644,1,362.9795684927958,0.0,none
1645,2,46.71312151299228,37110.2510533499,none
1646,1,401.9810361696774,53734.80393001921,1648
1647,1,451.84086700659986,54002.85038059851,1646 1648
1648,1,353.3621611224738,2184.7913074994945,none
1649,1,193.9436619932203,0.0,none
1650,1,215.97062726073185,27352.08384059413,none
1651,1,286.26190877838434,0.0,none
1652,1,364.7966823277414,49124.83045061181,1654 1656 1658 1659
1653,1,390.63515466367545,38814.260632032565,1655 1657
1654,1,377.78239827015767,48731.9793034665,1656 1658 1659
1655,1,236.31343824219624,37611.597192396366,1657
1656,1,340.1548459318935,48869.54811672677,1654 1658 1659
1657,1,217.30022274971645,38785.895928267564,1655
1658,1,353.53944052100513,48547.60872899397,1654 1656 1659
1659,1,335.1910227730176,48521.37137801134,1654 1656 1658
1660,1,380.66318849629096,16604.69758403381,none
1661,1,472.9371154318222,6528.8456891099795,none
1662,1,518.276321606197,6501.1901029391,none
1663,1,403.9311095535215,17847.07160894102,1662 1665
1664,0,0,12262.061437611574,1665
1665,1,406.76757993002195,17242.194301152293,1662
1666,1,407.0334990278189,43861.050549421045,none
1667,1,407.0334990278189,41393.32132186563,none
1668,1,241.67614004776743,0.0,none
1669,1,495.5845585941932,57824.28509533878,1673 1674 1675
1670,1,506.66452100239826,71130.87674909666,1673 1674 1675
1671,1,466.7766563328603,71777.59199493878,1673 1674 1675
1672,0,0,60584.879889267875,1673 1674
1673,1,113.2372158118551,10575.070681187914,1675
1674,1,437.4812357255662,53278.13219940264,1673
1675,1,477.8122988914324,15132.56945863006,none
1676,1,345.16298894040216,18924.221234417077,1677 1679
1677,1,392.8954669949493,18866.782709292944,1679
1678,1,411.3768442918352,19085.900045877603,1677 1679
1679,1,429.7252620398227,18982.368877135337,1677
1680,2,314.183414047061,16586.96964418068,1681
1681,2,273.4977920841322,14509.964210988204,1680
1682,1,115.14296934606635,62954.0417712399,none
1683,1,410.26884805101474,21016.11813708618,none
1684,2,259.7143188483252,91602.39257389476,1686 1688 1692 1694 1696 1697
1685,1,324.59857871077367,87324.99524613202,1686 1688 1692 1694 1696 1697
1686,1,203.0292311679484,82840.53558088477,1688 1692 1694 1696 1697
1687,1,412.5291603822885,26613.892425109876,1685 1689 1691 1695
1688,1,267.1157337370061,78490.80825852128,1686 1692 1694 1696 1697
1689,1,360.5419767629907,27254.225612604863,1685 1687 1691 1695
1690,1,361.960211951241,77595.90185473538,1686 1688 1692 1694 1696 1697
1691,1,463.89586610672694,27691.042050585933,1687 1689 1695
1692,0,0,72826.37691664982,1686 1688 1694 1696 1697
1693,1,428.8388650471663,71585.42112693086,1686 1688 1692 1694 1696 1697
1694,1,224.83459718729586,69667.25803482241,1686 1688 1692 1696 1697
1695,1,456.36149166914754,61652.10186842618,1686 1688 1692 1694 1696 1697
1696,1,157.69002499357356,63151.88558000081,1686 1688 1692 1694 1697
1697,1,263.0826274204195,59589.27878711621,1686 1688 1692 1694 1696
1698,0,0,279684.4885340768,none
1699,1,645.7845289998203,6640.177151387623,none
1700,2,761.3706968422147,0.0,none
1701,1,349.46201435478565,13244.189305474867,1702 1704 1705
1702,1,309.6627893845133,0.0,none
1703,1,248.81163583865145,10010.613076264319,1704 1705
1704,2,536.8020187527159,12455.650540807732,1702 1705
1705,2,170.05526304113036,13324.319593611006,1702 1704
1706,1,56.86236707890806,0.0,none
1707,1,364.66372277884295,80422.44458491809,1708 1709
1708,1,340.7310039771201,77507.26215546974,1707 1709
1709,0,0,76198.94019430889,1707 1708
1710,1,236.40207794146187,24548.232873423403,1713
1711,1,254.61753614055087,25421.15663179143,1712 1713
1712,1,234.0531259109224,26608.219484356876,1713
1713,1,446.1679262535989,24880.09990747396,1711 1712
1714,1,117.2703221284417,141722.1150090641,none
1715,1,108.583631600409,0.0,none
1716,2,64.57402091501874,64802.00222152996,none
1717,1,92.00800783773433,0.0,none
1718,1,385.0065337603073,0.0,none
1719,1,261.5757525329036,0.0,none
1720,1,530.0210817588944,275746.7585339,none
1721,1,536.5804195045517,46609.590344250006,1723 1724
1722,2,311.7015024676231,11928.77616837277,none
1723,1,596.58949590739,52433.57314479962,1724 1725 1726
1724,1,540.8794449189353,55882.72112262421,1725 1726 1727
1725,1,589.2767207179747,75462.1670140129,1724 1726 1727
1726,1,614.9822335050103,84306.28164794139,1724 1725 1727 1733 1734
1727,1,564.8564835702908,125981.12265467469,1725 1726 1729 1731 1732 1733 1734 1735 1736
1728,2,573.9863725946518,69437.50393432587,1730
1729,1,604.5670688412977,80565.68633893138,1725 1726 1731 1732 1733
1730,2,533.3007506317231,74421.89150343134,1728
1731,1,350.9245693926688,35631.0317520049,1729 1732
1732,1,597.9634112460074,81004.63012969482,1727 1729 1731 1733 1736
1733,1,637.9842354644439,93709.89006363461,1727 1729 1731 1732 1734 1735 1736
1734,1,637.4523972688501,80966.33777961208,1727 1729 1732 1733 1735 1736
1735,1,608.422895759353,63365.32997583247,1727 1733 1734 1736
1736,0,0,0.0,none
1737,0,0,148767.9074242913,none
1738,0,0,0.0,none
1739,0,0,16214.682907264993,none
1740,2,569.022549435776,27064.18209737933,none
1741,1,141.77919897539118,2739.3212661053385,1742
1742,1,263.0826274204195,4891.493164275078,none
1743,1,653.8950614826263,87595.87816708782,1746 1747 1748
1744,1,496.6925548350137,65430.28040992482,1746 1747 1748
1745,1,280.85488712318033,0.0,none
1746,2,292.90988622330735,98485.08794247315,1747 1748
1747,1,615.7799907984011,80847.91514139318,1746 1748
1748,1,636.211441479131,92510.0630943749,1746 1747 1749
1749,1,653.939381332259,63817.03788329017,none
1750,1,295.6577169005422,95581.2513945308,1752 1754
1751,1,476.4827034024478,45692.70129504622,1749
1752,2,481.31356701242515,30405.544200896897,1750 1754
1753,1,440.0074671546369,2988.2215416432555,none
1754,1,83.49859670823288,0.0,none
1755,1,508.7032340855079,13241.352835098367,none
1756,1,306.91495870727846,13665.405156385186,1755
1757,1,529.0903649166052,192982.09853558664,none
1758,1,528.3369274728472,25435.33898367393,1759
1759,1,319.3688364541009,25500.577802333442,none
1760,1,635.0591253886777,0.0,none
1761,0,0,96755.550130402,1763
1762,1,654.3825798285873,83273.80643089522,1763
1763,1,589.454000116506,84065.89078353296,none
1764,1,353.67240006990363,0.0,none
1765,2,756.0966347359092,97680.23947314115,none
1766,2,484.1500373889256,39606.34498467032,1771
1767,1,418.3793805338208,38459.70183497001,1771
1768,0,0,80043.77578965528,none
1769,1,440.5836251998636,39680.80233205346,1771
1770,2,696.1761980323365,81849.18918429785,1772
1771,1,475.684946109057,39638.96439400008,none
1772,2,594.2848637264833,37020.90223649014,none
1773,2,601.021480870672,95625.21668536655,1774 1776 1777 1779 1780 1781 1782 1785 1789 1792
1774,0,0,118277.26911209938,1773 1776 1777 1779 1780 1781 1782 1785 1789 1792
1775,0,0,10237.530706384357,1778
1776,1,725.7818575870604,120552.11835405279,1773 1774 1777 1779 1780 1781 1782 1785 1789 1790 1792
1777,2,710.4471896141046,150113.10350034665,1773 1774 1779 1780 1781 1782 1785 1789 1790 1792 1795
1778,1,245.3546875672915,10654.491851729927,1775
1779,0,0,161565.35264546733,1773 1774 1776 1777 1780 1781 1782 1785 1789 1790 1792 1795 1796
1780,0,0,148955.82358673445,1773 1774 1777 1779 1781 1782 1789 1790 1792 1795
1781,2,487.8285849084497,55182.11293962859,1774 1777 1780
1782,1,585.6424930480835,127380.21166788356,1774 1777 1779 1780 1781 1785 1789 1792
1783,0,0,33662.52131071357,1784
1784,2,570.9283029699872,33360.43721561627,none
1785,1,391.3442722578006,170077.60024534527,1773 1774 1776 1777 1779 1780 1781 1782 1789 1790 1792 1795 1796
1786,1,500.90294055013163,0.0,none
1787,1,501.5234184449911,63886.531407514434,1786
1788,2,583.0719417693799,79809.05786599987,1791 1793 1798
1789,1,557.1005098845474,81422.30039263453,1779 1782 1785 1792
1790,0,0,83438.32171273224,1795 1796
1791,2,569.3771082328385,115336.5584492625,1788 1793 1794 1798 1800
1792,1,652.9200247907041,72220.79049126696,1779 1782 1785 1789
1793,2,455.03189618016296,121353.42123541415,1788 1791 1794 1798 1800
1794,2,383.1894199253617,64452.40724762628,1791
1795,0,0,59015.60265346898,1790
1796,1,565.9201599614786,57283.93748861545,1790
1797,1,596.4565363584916,68310.00695966693,1798 1799 1800
1798,2,576.8671628207851,68867.37338864927,1799 1800
1799,1,405.5709439899358,132772.34185361097,1791 1793 1794 1798 1800
1800,1,485.92283137423846,140964.77741853846,1793 1798 1799
1801,2,523.3287844643386,0.0,none
1802,2,512.8249801013602,48173.903756890024,1798 1799 1800
1803,0,0,6252.998944995308,none
1804,1,587.3266473341306,73397.21657992054,1805 1806 1812 1813 1815 1816
1805,1,301.90681569876983,85876.97711892852,1806 1812 1813 1815 1816
1806,1,574.8284497376753,95683.36432808482,1805 1812 1813 1815 1816
1807,1,496.4266357372168,70760.00824736922,1812 1813 1815 1816
1808,1,518.8524796514238,65979.84654537178,1812 1813 1815 1816
1809,0,0,69367.30129250749,1812 1813 1815 1816
1810,2,345.3845881885663,76354.2369474223,1805 1812 1813 1815 1816
1811,1,551.782127928609,79711.90875560473,1805 1812 1813 1815 1816
1812,1,164.20504288959808,0.0,none
1813,1,251.0719481699253,106979.60760249797,1805 1806 1809 1812 1815 1816
1814,1,452.77158384888907,73856.01566331949,1812 1813 1815 1816
1815,2,465.1368218964459,11595.490899133962,none
1816,1,390.014676768816,81627.94449493081,1812 1813 1815
1817,1,667.5455751695349,0.0,none
1818,1,501.47909859535827,69382.90187957825,1819 1821
1819,2,519.6502369448145,0.0,none
1820,2,492.8367279169584,13130.730490414848,none
1821,1,582.4514638745204,62143.52036115489,1819
1822,1,450.333992119084,31775.55939274663,1824
1823,1,604.1681901946022,59362.361156996165,1822 1824
1824,1,455.3864549772255,57460.5077695526,1822
1825,0,0,0.0,none
1826,1,822.4434496362408,20677.869044688498,none
1827,1,620.47789485948,17896.709840529777,none
1828,1,487.6069856602856,67139.25381176636,1829 1830
1829,1,454.2341388867722,118141.82765162148,1830
1830,1,460.9707560309608,130615.91524987647,1829
1831,1,782.2453460192729,229320.82964652844,1832
1832,0,0,211270.95040566762,1831
1833,2,63.06714602750286,0.0,none
1834,1,310.23894742974,42502.38123907732,none
1835,1,459.06500249674957,4881.565517957326,none
1836,1,321.05299074014806,5171.594613954499,none
1837,1,301.50793705207445,13623.567218331804,none
1838,1,372.5083361638521,0.0,none
1839,1,89.3044970101323,2307.4686512831404,none
1840,1,378.09263721758737,0.0,none
1841,1,587.1050480859666,0.0,none
1842,1,495.6731982934588,0.0,none
1843,1,283.6027178004152,0.0,none
1844,1,202.7633120701515,0.0,none
1845,1,659.2577632881975,0.0,none
1846,1,331.4681554038608,0.0,none
1847,0,0,0.0,none
1848,1,710.6244690126358,0.0,none
1849,1,534.1871476243795,0.0,none
1850,1,128.26164483738108,0.0,none
1851,1,147.05326108169675,0.0,none
1852,1,661.4294359202056,24298.62348029136,none
1853,1,187.2513646986645,0.0,none
1854,0,0,0.0,none
1855,2,185.7444898111486,15434.653553727361,1856
1856,1,427.6422291070802,16653.62669802844,1855
1857,2,155.65131191046385,16209.009966511992,none
1858,2,244.29101117610384,13308.009888946126,none
