0,1,226.07555297701484,0.0,none
1,0,0,0.0,none
2,1,38.42530963165494,2895.327136812865,none
3,0,0,0.0,none
4,0,0,0.0,none
5,1,107.56427505885414,60376.39931659509,none
6,1,102.06861370438446,0.0,none
7,1,171.5621379286462,0.0,none
8,0,0,0.0,none
9,1,166.59831476977038,0.0,none
10,2,72.72887324745761,0.0,none
11,0,0,0.0,none
12,0,0,0.0,none
13,2,467.0425754306571,0.0,none
14,1,214.02055387688776,0.0,none
15,0,0,16469.25612355591,none
16,1,110.62234468351872,86976.10938982246,none
17,2,65.72633700547206,0.0,none
18,2,49.94847053618814,82678.85676942424,none
19,2,847.484164678784,0.0,none
20,0,0,4424.8937873407485,none
21,2,15.55626722111982,26741.5335920524,none
22,1,507.28499889725765,0.0,none
23,2,172.04965627460723,0.0,none
24,2,503.42917197920235,50070.08420358059,none
25,1,117.6692007751371,0.0,none
26,2,366.17059766635884,0.0,none
27,2,174.2213289066154,0.0,none
28,1,300.93177900684776,55598.364967380025,29 30 31 32 33
29,1,299.2033048711678,113038.30832670299,28 30 31 32 33 34
30,1,237.0668756859542,104665.04777527359,28 29 31 32 33 34 35
31,0,0,64199.25226652361,28 29 30 32 33 34 35
32,0,0,110769.84114309674,28 29 30 31 33 34 35
33,1,322.60418547729677,115545.0390219353,28 29 30 31 32 34 35
34,1,297.2089116376909,111639.21931349413,28 29 30 31 32 33 35
35,2,344.8970698426052,42399.559187929175,none
36,0,0,25589.21750159908,none
37,2,199.7052424454869,0.0,none
38,2,469.79040610789195,25973.559237614892,none
39,1,240.83406290474386,74428.27356177846,40 41
40,2,99.0991837789855,61845.69097162234,39 41
41,2,113.05993641332381,60248.75814965257,39 40
42,2,401.27191857555226,48341.964626697685,45 48
43,2,573.6761336472221,0.0,none
44,2,342.4151582631673,15319.067385884966,none
45,2,412.61780008155415,20449.53317938021,48
46,2,303.3693707366529,19902.803514309744,51
47,2,410.7563663969757,40582.090794186486,49 50 51
48,2,502.7643742347101,24203.601722678595,none
49,2,326.19409329755524,19564.55442191206,50
50,2,189.77759612773525,19604.26500718307,49
51,2,438.2346731693242,19440.458842940167,none
52,1,445.01561016314565,0.0,none
53,1,467.1755349795556,18708.64948580304,none
54,1,158.44346243733148,138619.0164171726,none
55,1,206.70777868747246,5572.955172229317,none
56,2,162.87544740061347,35060.192088734184,none
57,2,435.30956309355804,0.0,none
58,0,0,124964.95714229338,none
59,2,152.8591613835962,166112.2146589976,none
60,2,157.46842574540943,41708.87865125131,none
61,2,241.5875003485018,0.0,none
62,2,222.92884365308458,85708.91624912088,none
63,1,95.06607746239891,15657.31647828265,none
64,1,356.02135210044304,19369.547083527654,66
65,2,320.7870716423512,17998.11365648967,67
66,1,390.67947451330826,0.0,none
67,1,232.10305252707835,18485.98656124775,65
68,2,252.57882305744118,244025.09207830692,none
69,0,0,32068.4249591203,none
70,2,336.56493811163506,63774.490827642665,none
71,2,128.48324408554518,0.0,none
72,2,368.6525092457967,0.0,none
73,1,223.7709207961082,95978.35724724087,none
74,0,0,0.0,none
75,1,235.02816260284445,246.77292275554177,none
76,1,166.81991401793448,0.0,none
77,0,0,17130.86283887465,78
78,2,23.2679210572305,16785.522570535715,77
79,0,0,58655.370915653424,none
80,1,379.0233540598766,73891.47154302575,none
81,1,432.606052265956,134834.45581732682,none
82,1,138.2779308543984,14343.3215763688,none
83,1,432.82765151412013,13117.966373720594,none
84,1,432.4287728674247,61138.70073027959,none
85,1,456.0955725713506,84208.42341995212,84 86
86,1,456.7160504662101,84711.18779418683,none
87,1,465.9788990394694,51193.32647267479,none
88,1,439.5642686583087,0.0,none
89,1,226.7403507215071,174504.6213854684,none
90,2,157.64570514394072,60287.75961732945,none
91,2,46.62448181372664,28800.101967797622,none
92,2,103.39820919336906,0.0,none
93,0,0,271364.41180220677,none
94,2,496.55959528611527,42483.235064035944,none
95,1,431.76397512293244,109379.97065861149,96 98
96,1,443.28713602746564,227519.6709574506,95 97 98
97,1,396.5296946648405,208365.69562253702,95 96 98 99 100
98,2,262.01895102923186,148568.64538034215,95 96 97 99
99,1,393.8705036868713,174713.10195814117,96 97 98 100
100,1,409.5597304568896,100217.46222492083,97 98 99
101,2,75.29942452616118,35924.6064359727,none
102,1,413.5041970742106,18768.924481303675,none
103,1,403.5765507564589,19548.244717247184,none
104,2,461.45827437692185,244650.53379632527,none
105,1,396.61833436410615,20204.17849181292,none
106,1,549.7434148454993,3575.370909578855,none
107,2,517.0796856661109,0.0,none
108,2,247.88091899636225,103637.5363813863,109 111 112
109,1,366.92403511011673,166556.12227291992,108 111 112
110,2,519.517277395916,163634.55778512443,none
111,1,413.1053184275152,175373.29043827168,108 112
112,1,606.8717010222042,188497.63887033937,108 109
113,1,619.3255787690266,24619.144632835916,none
114,1,631.6464969669506,26345.136856936457,113
115,0,0,41257.87986138773,none
116,1,399.67640398877074,40842.33695123041,117
117,1,294.5054008100889,40804.04460114765,116
118,2,141.91215852428965,0.0,none
119,1,569.7759868795339,42561.2379993897,120
120,1,433.4481294089796,53280.96866977914,119
121,2,652.476826294376,5176.558437113376,none
122,1,193.14590469982954,23995.830267599937,none
123,2,793.9457863223374,0.0,none
124,1,374.28113014916494,271107.7112331335,none
125,1,742.1802019512037,0.0,none
126,2,123.96261942299753,0.0,none
127,1,619.1482993704954,73553.22245062806,129
128,0,0,119190.61257333255,none
129,1,832.1494967058283,51632.97938103236,127
130,1,402.5571942149041,62199.54065109077,131
131,1,411.11092519403826,59797.05024219487,130
132,1,302.3056943454652,15034.711230640794,none
133,2,69.93672272058996,83650.34787337565,none
134,1,566.7179172548693,23580.287357442616,136
135,1,484.2829969378241,16845.088448442224,none
136,1,455.6080542253896,23549.795300895235,none
137,0,0,546.0205474763424,none
138,1,182.06594229162457,4797.180524256437,none
139,0,0,7416.66091695463,138
140,1,577.5319605652774,6370.003348025953,none
141,1,237.0668756859542,37435.02691145921,145 152
142,1,410.2245282013819,7346.458275136243,none
143,2,129.41396092783438,188279.23065134886,none
144,1,143.33039371253986,7656.34266376892,none
145,1,480.91468836572983,39346.09882762641,152
146,1,382.3473427823381,75265.74144044024,150 163 164 166 167
147,1,630.3612213275989,65879.86096460014,150 164 167
148,1,470.277924453853,12813.754925840918,none
149,1,424.27392053498585,172496.40035890607,156
150,1,414.30195436760135,93061.04746501012,163 164 166 167 169 170
151,1,418.4680202330864,23073.977395237278,none
152,1,551.1173301841167,39160.31001796563,none
153,1,391.4329119570662,23144.88915464979,none
154,1,461.28099497839054,4327.744676945607,none
155,1,471.8291191910017,27735.716459015817,163 166
156,1,395.3773785743872,161705.75792910412,149
157,1,287.54718441773616,12926.504623306811,none
158,0,0,0.0,none
159,2,647.6459626843987,0.0,none
160,1,432.0298942207294,11399.065325561303,161
161,1,432.82765151412013,12406.012309218973,none
162,1,518.1433620572986,14886.505653468645,none
163,1,489.5570590441297,142022.07175137903,150 164 166 167 175 176 179 182 184 185 186
164,1,348.3096982643323,102154.06237447653,150 167 175 176 182 184 185 188 189
165,1,393.6045845890744,39409.91941109767,172
166,1,513.0908991991571,106428.62323186276,150 163 164 167 175 176 182 184 185
167,1,287.2812653199392,81416.62745188153,164 175 182 184 185
168,2,104.81644438161929,149221.03356693726,none
169,1,384.0314970683853,54239.6956570363,170 171 178 179
170,1,381.6825450378458,138126.1796892556,163 164 167 169 171 175 178 182 184 185
171,1,365.4171602226009,54630.41945139924,169 170 178 179
172,1,142.35535702061782,39916.22937330301,165
173,1,306.5603999102159,129675.62532006655,163 164 166 167 169 170 171 175 178 179 182 184 185
174,1,383.98717721875244,126849.08258988384,163 164 167 169 170 171 175 178 182 184 185
175,1,301.99545539803546,117371.72594440161,163 164 166 167 170 174 178 179 182 184 185
176,1,250.00827177873762,23292.385614227816,186 187 188 189 190 193
177,1,418.9555385790474,29876.542475679555,none
178,1,404.59590729801374,54702.04032840588,169 170 171
179,1,368.25363059910137,97181.7298044712,167 169 170 171 175 178 182 184 185
180,1,277.1320197540235,0.0,none
181,1,447.14296294552094,41462.105728495764,none
182,1,379.9540709021658,120913.76832705659,166 167 169 170 171 174 175 176 178 179 184 185 187 188 189
183,2,197.09037131715056,10178.673946071973,none
184,1,353.7167199195364,51945.70024004154,166 167 175 182 185
185,1,248.94459538754992,57359.81307118683,167 175 182 184
186,1,323.0917038232578,5912.62249981525,190 193
187,0,0,24805.642560090822,186 188 189 190 193
188,1,406.014142486264,24387.97229715113,186 187 189 190 193
189,1,366.3478770648901,23019.375340489645,186 187 188 190 193
190,0,0,23076.813865613778,186 187 188 189 193
191,1,540.3476067233414,68334.82607546131,206 211 212 213 221 228
192,1,538.3975333394974,69978.56065864334,206 211 212 213 221 228
193,1,180.3817880055774,37137.19752192666,185 186 187 188 189 190
194,1,286.0846293798531,31321.724132506548,207 208
195,1,207.37257643196477,66037.28507049593,206 211 212 213 221 228
196,1,433.4924492586124,57666.860989443005,207 208 215
197,2,67.27753174262075,41125.27487128633,207 208
198,1,284.35615524417307,83111.41850184056,215 216 238
199,1,479.2748539293155,102201.57325328291,207 208 215 216
200,1,294.1951618626591,83829.04550709519,215 216 238
201,1,514.5534542370401,75564.98906516103,215 216
202,1,367.63315270424187,24856.69902686783,219 239
203,0,0,38069.68715820119,219 222 239
204,0,0,38434.173601581504,219 222 239
205,1,297.7407498332848,48169.64905132527,222 239
206,1,626.3724348606451,2523.040399897177,none
207,1,544.9568710851547,73561.73186175757,208 215
208,1,543.5386358969045,49362.38484464373,207 215
209,1,346.66986382791805,5541.753998087813,none
210,2,420.32945391766486,156273.20804051156,none
211,2,207.6828153793945,0.0,none
212,1,497.84487092546703,71624.42259460775,206 211 213 221 228
213,1,536.3145004067547,112572.4180673628,206 211 212 221 228 243 244 245 254 255 259
214,1,233.56560756496137,18425.71156574712,218
215,1,296.0565955472376,101765.46593289597,216
216,1,306.0728815642549,41159.31251580434,none
217,1,310.1946275801072,9430.554884269972,none
218,1,244.9114890709633,18797.28918506868,none
219,1,387.4884453397453,54956.6135446968,216 222 239
220,1,293.1314854714715,5874.330149732495,223
221,1,539.6828089788492,116525.03953701622,206 211 212 213 228 243 244 245 254 255 259
222,1,365.9046785685619,12293.26261175308,none
223,1,255.63689268210575,17761.26838005188,218
224,1,136.85969566614816,2315.978062412642,230 231
225,1,292.46668772697916,16750.06669082946,none
226,1,311.7458223172559,16720.283751876206,225
227,2,60.09771610210392,68886.51956369066,none
228,1,519.251358298119,124923.82832183414,206 211 212 213 221 243 244 245 254 255 259
229,1,447.23160264478656,9816.314855474036,none
230,2,356.64182999530254,0.0,none
231,0,0,0.0,none
232,1,284.134555996009,2733.6483253523375,none
233,1,417.4929835411644,24456.756703781262,none
234,2,329.8283209674464,56359.95726347041,none
235,1,464.6493035504849,54355.990942472825,242 248 257 262 264
236,1,394.446661732098,38743.34887262005,none
237,1,559.6267413136181,46825.16209286405,247 256 260 268
238,1,329.2521629222198,24262.45848299098,none
239,1,343.92203315068315,32369.09081902935,none
240,1,356.06567195007585,7051.465355980193,none
241,2,209.45560936470733,24223.4570153141,none
242,2,471.9620787399001,56040.8543461141,248 257 262 264
243,1,516.7694467186811,24407.118472192506,253
244,2,372.90721481054743,45470.03837049094,245 254 255 259
245,1,374.502729397329,90598.28206061358,211 212 213 221 228 244 254 255 259
246,1,330.58175841120436,3684.5750190741232,252
247,2,555.5049952977658,46696.10269073328,256 260 268
248,1,469.5688068597279,55750.825250116926,242 257 262 264
249,1,422.76704564746996,24787.205502643566,251
250,1,459.4195612938121,87194.51760881301,218 243 245 253 254 259
251,1,491.3298530294425,24678.001393148297,249
252,2,261.0882341869426,24332.66112480937,none
253,1,505.60084461121056,23992.28467962931,243
254,1,387.53276518937804,45545.204835468205,244 245 255 259
255,2,372.9958545098131,70222.49711102239,243 244 245 253 254 259
256,1,551.8264477782418,47349.199994922514,247 260 268
257,2,495.1856799474979,62549.84474258858,242 248 262 264 265
258,2,299.38058426969906,8526.429951760443,none
259,2,546.2421467245065,69606.27392172765,243 244 245 253 254 255
260,1,568.3577516912837,47305.94382168088,247 256 268
261,1,195.8937353770644,0.0,none
262,1,286.5278278761813,68468.14018315684,242 248 257 264 265
263,1,568.756630337979,31689.756163857484,265
264,1,278.01841674667986,74894.16382111867,242 248 257 262 263 265
265,1,409.5597304568896,55850.10171329445,263 264
266,1,549.0786171010069,42877.5044463695,267
267,1,415.01107196172643,20391.385536661946,266
268,1,304.56600667673905,30267.97538763662,272 273 274
269,1,508.7032340855079,72417.21606483962,276 278 284 287 289 290 291 299
270,1,473.51327347704887,13104.493139432216,280
271,1,357.12934834126355,60364.34431749496,276 278 284 287 289 291
272,1,486.277390171301,35341.002656007724,273 274
273,1,411.15524504367113,29841.795713567426,272 274
274,1,456.40581151878035,35302.71030592497,272 273
275,1,81.37124392585753,89332.50715510023,none
276,1,489.02522084853587,98356.73765793652,277 278 283 284 287 288 289 290 291 299
277,1,306.91495870727846,92464.67956835088,276 278 283 287 288 289 290 291 295 297 299
278,1,500.90294055013163,103626.19049988028,276 277 283 284 287 288 289 290 291 295 297 299
279,0,0,107175.32405847652,none
280,1,461.413954527289,12839.283159229422,270
281,2,361.25109435711585,32817.253138516426,286 292
282,1,385.13949330920576,32976.09547960045,286 292
283,1,362.8466089438973,42991.67237902364,276 277 287 288 290
284,1,467.3971342277197,83127.01908891133,276 277 278 287 289 290 291 299
285,1,186.58656695417218,0.0,none
286,1,391.9204303030272,29712.736311436653,292
287,1,240.78974305511105,106049.24531900581,276 277 278 283 284 288 289 290 291 295 297 299
288,1,265.34293975169334,71471.96231187084,276 277 278 283 287 289 290 299
289,1,518.8081598017909,100789.01100578568,276 277 278 283 284 287 288 290 291 295 297 299
290,1,303.590969984817,103087.26112834518,276 277 278 283 287 288 289 291 295 297 299
291,0,0,0.0,none
292,1,108.84955069820592,6457.224812103343,301
293,1,331.3795157045951,92517.86338791027,300
294,1,498.6869480684906,48349.055802638926,298 305
295,1,426.0467145202987,4604.300538654404,none
296,1,295.214518404214,69862.26537320683,300
297,1,526.2982143897375,53140.56338614236,276 277 278 283 287 288 289 290 295
298,1,453.83526024007676,65202.65366221066,305 308
299,1,514.0659358910791,87317.90407019077,276 277 278 283 284 287 288 289 290 291
300,1,264.1019839619744,68732.6410457655,none
301,1,199.83820199438537,59784.28612550062,303 304 311 314 319 326
302,1,221.37764891593588,35321.14736337223,322
303,1,157.1581867979797,69226.18689127658,304 311 314 319 326 342
304,1,285.1982323871967,65974.17360461879,303 311 314 319 326 342
305,1,495.5845585941932,51849.26024724053,298 308
306,1,464.6936234001177,39226.25795421926,309 313 316
307,1,216.98998380228673,1789.1036899776777,none
308,1,478.1225378388622,15514.7838418635,none
309,1,228.33586530828862,37620.10660352586,306 313 316
310,0,0,235232.03391115542,none
311,1,462.87650956517206,73710.64655652385,303 304 314 319 326 342
312,1,319.14723720593685,11126.764169417258,none
313,1,254.6618559901837,37663.3627767675,306 309 316
314,1,315.51300953604556,73717.02861487097,303 304 311 319 326 342
315,1,436.7277982818083,147419.1657602653,318 329
316,1,379.77679150363457,38305.114199450734,306 309 313
317,1,335.102383073752,49403.51366510298,320 323 332 338
318,1,448.6941576826697,106312.32794642625,315 329
319,1,472.4052772362284,77863.23918772055,303 304 311 314 326 342 349
320,1,250.98330847065967,13544.146047789793,332
321,1,134.99826198156973,7554.938847809029,none
322,1,383.9428573691197,47925.71259894624,302 345
323,2,251.69242606478477,10748.095374154444,none
324,1,323.8008214173829,40358.009634442955,320 338
325,2,365.638759470765,40898.35724116629,327 330 337
326,1,507.41795844615615,70053.7271236206,304 311 314 319 342 349
327,2,378.8017548117125,41940.0509869361,325 330 337
328,1,340.4207650296904,80766.36661806879,303 304 311 314 319 326 342 349
329,1,447.6748011411148,111602.34519859962,315 318
330,2,442.5780184333405,44672.28107710018,325 327 337
331,1,269.37604606827995,31119.625618180893,none
332,1,464.9595424979146,12081.945568703793,none
333,1,438.81083121455083,5918.295440568251,none
334,1,154.58763551927615,23514.33942118898,347
335,1,198.86316530246333,107022.8637757396,none
336,1,397.85929015382516,46545.76976077875,341 346
337,2,345.2959484893006,50833.09473485922,325 327 330
338,1,397.85929015382516,39359.57206191478,320
339,2,256.6562492236606,24552.48757898815,347
340,1,485.39099317864464,8670.380823367843,343
341,1,297.6521101340191,35360.857948643235,336 346
342,0,0,0.0,none
343,1,375.65504548778233,9312.132246051076,none
344,1,424.9387182794781,24106.452612283454,347
345,1,206.53049928894117,56401.086083929666,none
346,1,271.90227749735067,66835.75148148081,336 341 352 354
347,1,296.1452352465032,24166.72760778409,none
348,0,0,0.0,none
349,1,254.8834552383478,38624.92623440116,326 342
350,0,0,130334.39556500879,none
351,1,441.33706264362155,17508.113398949212,353
352,1,268.2237299778266,53674.528934518574,336 341 346 354
353,1,469.87904580715764,17072.715196156387,none
354,1,250.14123132763606,47520.806452700795,336 341 346 352
355,1,303.98984863151236,9481.611351046979,none
356,1,429.94686128798685,61861.29155869309,357 358 360
357,1,421.6590494066495,48248.36110427316,356 358 360
358,1,556.6129915385864,57448.452770452466,356 357 360
359,1,552.3139661242028,38019.33980901831,371
360,0,0,59141.11646762913,356 357 358
361,1,552.3139661242028,37747.747770468384,359 371
362,2,590.916555154389,36563.521388279434,373 378 379 381
363,1,293.08716562183866,16006.202334592208,369
364,1,378.4028761650172,17943.511601742037,362 373
365,2,393.16138609274617,61537.22481817791,none
366,1,243.22733478491614,19401.457375263282,none
367,2,687.9770258502648,811.2305276791373,none
368,2,451.6635876080686,8208.74526959239,none
369,1,258.1188042615437,15961.527926162325,none
370,1,146.0782243897747,0.0,none
371,1,449.8907936227558,36577.70374016194,359
372,1,555.948193794094,11998.978810191154,364
373,2,610.7718477898924,0.0,none
374,1,343.8333934514175,10029.050133711571,none
375,2,35.10132090919344,190004.51375785528,none
376,2,167.70631101059087,83509.23347214476,none
377,1,514.8193733348371,11947.213225820022,380
378,2,555.0617968014377,36462.82668991367,362 373 379 381
379,1,446.4781652010287,33914.25805662799,373 378 381
380,1,573.6761336472221,11927.357933184518,377
381,1,547.2171834164285,17904.510134065156,378 379
382,1,349.7279334525826,80407.55311544148,none
383,0,0,21598.303681862904,none
384,1,335.5455815700802,20548.1005249636,none
385,1,300.84313930758213,20771.472567113015,none
386,1,479.62941272637806,27154.24003183322,none
387,0,0,7199.670933152343,none
388,1,271.5920385499209,3203.084172663167,none
389,1,215.92630741109903,122087.35794533366,390 391 393 395
390,1,219.4275755320918,109633.12563971417,389 391 393 395
391,1,226.69603087187429,119301.94403561018,389 390 393 395
392,1,562.6848109382827,202458.74606347474,394 397 398
393,1,196.64717282082233,107779.4922486711,389 390 391 395
394,1,572.7010969553,180827.82297228207,392 396 397 398
395,1,222.61860470565486,110942.15671846915,389 390 391 393
396,1,422.27952730150895,115169.20669704898,392 394 397 398
397,1,209.63288876323858,190981.6778025597,392 394 396 398
398,1,515.0409725830012,180373.27859444788,392 394 396 397
399,1,270.7499614068974,172983.56414607,400
400,0,0,0.0,none
401,1,465.4470608438756,84393.50311201878,402 405 407 408
402,1,418.9998584286803,84620.42074213881,401 405 407 408
403,1,247.3490808007684,10473.666865228022,none
404,0,0,7830.7855919237,none
405,1,383.1894199253617,73433.38157722093,401 402 407 408
406,1,437.6141952744647,10244.62188232561,none
407,1,243.40461418344742,70486.28885603692,401 402 405 408
408,1,496.6039151357481,69236.11453759433,401 402 405 407
409,1,510.29874867228943,67842.69846513848,none
410,1,444.8383307646143,63194.43263564832,none
411,1,140.44960348640657,52187.50933963821,412
412,1,132.87090919919436,94809.02233452853,411
413,1,535.516743113364,169269.20618804265,none
414,1,216.19222650889594,26313.22656520083,none
415,1,422.23520745187614,96699.52984046612,none
416,1,127.99572573958416,1459.364008709497,none
417,1,425.3819167758063,76990.31542935253,none
418,1,422.90000519636845,156874.53976032967,417
419,1,557.676667929774,0.0,none
420,1,218.76277778759953,11725.259418858857,421
421,1,204.22586710803458,9450.410176905474,420
422,0,0,15300.630328437714,none
423,2,311.65718261799026,105971.95150124618,none
424,1,279.6139313334614,11844.391174671879,426
425,1,260.4234364424503,10826.098309508207,426
426,1,263.1269472700523,11060.816233163621,425
427,0,0,11128.891522199632,424 425 426
428,1,491.50713242797383,16096.969386640223,none
429,1,265.2543000524277,19702.123235172334,none
430,1,285.55279118425926,40453.03139205572,431 432
431,1,228.734743954984,40254.47846570069,432
432,1,346.58122412865237,41813.1189375877,431
433,1,385.58269180553395,14680.86155117236,434
434,1,365.9046785685619,14523.437445276582,none
435,1,630.1396220794347,38834.11592466807,437
436,1,470.32224430348583,51281.25705434631,none
437,1,633.0647321552009,0.0,none
438,0,0,228716.66145633382,none
439,1,127.72980664178723,39825.46232125499,none
440,2,766.0686009032937,144085.6039502831,none
441,1,259.6256791490595,89184.30157792808,439
442,1,556.0811533429925,126764.69759618294,443
443,1,487.42970626175435,112443.35866523202,442
444,1,501.92229709168646,43303.6841204387,445 446
445,1,506.7531607016639,41875.52128587071,444 446
446,1,523.3731043139713,37666.199247143995,444 445
447,1,494.87544100006807,87117.22379105336,452 456 457 459 460 461
448,1,561.2665757500324,136860.4047837423,447 451 453 456 457 459 460 461
449,1,229.48818139874194,61210.321607286234,450
450,1,464.604983700852,121429.29681798554,449 454 455
451,1,581.5207470322312,152684.36389664432,447 448 452 453 456 457 459 460 461 462
452,1,478.56573633519037,115089.78552650698,447 451 456 457 459 460 461 462
453,2,632.0896954632789,60572.82489016775,448 451
454,1,230.50753794029683,56795.35546626323,455
455,1,262.6394289240913,135125.90314851224,449 450 454 458
456,1,487.2524268632231,135366.29401292064,447 451 452 457 459 460 461 462
457,0,0,128426.1601192181,447 456 459 460 461 462
458,0,0,0.0,none
459,1,494.7424814511696,147458.87634553632,447 451 452 456 457 460 461 462 464
460,1,589.1437611690762,153866.4629260509,452 453 456 457 459 461 462 464 466
461,1,515.572810778595,151732.0189677343,453 456 457 459 460 462 464 466 468
462,1,268.93284757195175,140466.2677498685,456 457 459 460 461 464 466 468 469
463,1,428.0854276034084,23010.86592936014,465
464,2,730.6570410466704,148065.88100610743,460 461 462 466 468 469 475
465,1,421.70336925628226,22344.295390882533,none
466,1,705.2174473574319,111874.64635474367,461 462 464 468 469
467,1,421.74768910591513,37336.45956587582,none
468,1,358.1930247324512,95928.00989805798,464 466 469
469,1,359.78853931923277,144193.38982459015,464 466 468 475 478 479 480 481
470,1,280.2344092283208,19330.54561585077,474
471,1,537.5997760461066,0.0,none
472,1,274.42850892642144,18321.471279410725,474
473,1,377.4278394730951,17473.36663683708,none
474,1,370.4696230807424,19447.550018881415,none
475,1,367.63315270424187,142357.48437340022,466 468 469 476 478 479 480 481 487
476,1,464.42770430232076,137480.17356100763,468 469 475 478 479 480 481 487
477,1,350.7916098437703,7466.299148543389,none
478,1,467.3971342277197,132804.2521453466,468 469 475 476 479 480 481 487
479,1,323.00306412399215,107115.75818057,475 476 478 480 481 487
480,1,303.1920913381216,0.0,none
481,1,354.292877964763,100932.25275979894,475 476 478 479 480 487
482,1,329.07488352368847,115676.93489444257,475 476 478 479 480 481 487 495
483,1,143.19743416364142,25146.728122865003,484 485 493
484,1,362.62500969573324,25659.420143417465,485 493
485,1,433.8913279053078,25185.729590541883,484 493
486,1,780.1179932368975,73351.1239363024,496 504 505
487,1,375.9209645855792,65808.94920518763,478 479 480 481
488,1,484.01707784002724,94739.52881030428,489 494 497 502 503 505
489,1,513.13521904879,101237.88244286689,494 497 502 503 505
490,1,447.9407202389117,43583.076452523994,501
491,1,349.77225330221546,40314.753461201326,501
492,1,342.01627961647193,50662.19739467507,500 506 507 508 509
493,1,528.115328224683,25878.53748000213,484 485
494,1,399.9866429362005,105017.47921955376,489 497 502 503 505
495,1,409.42677090799117,10521.88686162853,none
496,1,692.4976505128125,78375.931208273,497 504 505
497,1,366.3035572152573,130481.89202458682,489 494 496 502 503 504 505
498,1,32.97396812681808,98221.29619745862,none
499,1,333.01935014100945,0.0,none
500,1,487.6069856602856,50333.875948595145,506 507 508 509
501,0,0,0.0,none
502,1,329.3408026214854,124908.93685235751,489 494 496 497 503 504 505
503,1,399.27752534207536,95262.14847717449,489 494 497 502 505
504,1,292.90988622330735,78448.9703204679,496 497 505
505,1,689.5725404370463,122492.2640915791,489 494 496 497 502 503 504
506,1,494.2106432555758,50805.43914868835,500 507 508 509
507,1,234.7179236554147,50819.62150057085,500 506 508 509
508,1,463.80722640746126,51373.44234158257,500 506 507 509
509,1,487.87290475808254,51182.689708762904,500 506 507 508
510,1,363.4670868387568,25016.250485545985,511
511,1,347.86649976800413,23836.278808921783,510
512,1,576.3796444748241,51073.485599267646,514 516
513,1,388.8180408287298,41658.531302068426,516
514,1,871.9044018264678,0.0,none
515,1,446.1679262535989,152689.3277198032,none
516,1,651.6347491513524,41515.289548055145,none
517,2,76.18582151881758,65878.4427294119,520
518,1,120.99318949759859,7117.4132922338285,none
519,0,0,0.0,none
520,2,170.6757409359898,100453.5983837645,517
521,1,160.03897702411302,0.0,none
522,1,529.0017252173395,44792.83106810145,523 524 525
523,1,535.2065041659343,44386.50668666776,522 524 525
524,1,535.5610629629969,50408.33329597827,522 523 525 527
525,1,525.4118173970811,9889.353967668923,527
526,1,509.23507228110174,145305.99532977247,none
527,1,548.2808598076163,8566.14053703145,none
528,1,498.1551098728968,5535.371939740687,none
529,0,0,11384.173856084677,531
530,1,307.80135569993485,7976.15469871935,none
531,1,632.798813057404,9787.950151709032,none
532,1,556.5243518393207,23912.154391493168,535
533,1,542.7851984531466,15563.003838264009,none
534,2,55.1782127928609,163682.0686639308,none
535,2,275.80242426503884,23901.517627581292,532
536,1,654.3382599789544,72159.09726057808,538 539
537,1,517.1683253653765,34294.345087079055,none
538,1,638.2944744118737,75127.46350958584,539
539,1,643.612856367812,72510.81958726414,538
540,2,446.69976444919274,86232.24503358522,541 542 543 545 546 548
541,2,417.3157041426331,71281.20967905119,540 542 543 545
542,1,441.1154633954575,0.0,none
543,1,455.03189618016296,0.0,none
544,1,617.4641450844482,18249.85040240409,547 549
545,1,434.6447653490657,0.0,none
546,1,558.7403443209618,0.0,none
547,1,451.8851868562327,18736.30507197392,549
548,1,443.06553677930157,107085.26612402262,540 541 542 543 545 546
549,1,671.0911631401603,17759.141027269507,547
550,1,400.60712083106,17887.49131180615,none
551,1,402.5571942149041,46397.5641836066,553
552,1,372.7299354120162,43288.792650962074,554
553,1,403.0447125608651,47836.36378208647,551
554,1,561.0449765018684,46324.52507141171,none
555,1,310.06166803120874,15178.662102248192,556
556,1,618.261902377839,14490.108918352702,none
557,1,572.8783763538313,69714.05979603466,559
558,1,531.2620375486133,168457.2665427694,557 559 560
559,1,534.2757873236451,60714.64840899277,557
560,1,564.7235240213924,150733.58139520613,557 558 559
561,1,533.5223498798871,83221.33172892996,563 574 576
562,1,155.25243326376847,10217.675413748853,none
563,1,566.1417592096427,93663.08830242234,561 574 576
564,1,208.5692123720509,135034.4269788701,565 567 569 571 572 578 581
565,1,496.38231588758396,167292.1863356218,564 567 569 571 572 575 578 581 585 586 588
566,1,499.61766491077987,67216.54762952599,580
567,1,440.0517870042698,151980.91924327222,564 565 569 571 572 581 585 588
568,1,411.42116414146807,137685.10854570978,564 565 567 569 571 572 581 585 588
569,1,473.29167422888474,181300.80440756356,564 565 567 571 572 578 581 585 586 588 589
570,1,527.2732510816595,85484.83508937735,580
571,1,540.6135258211384,190549.82518773747,564 565 567 569 572 575 578 581 583 585 586 588 589 591 592 593 596
572,1,395.0228197773246,158084.29437590713,564 565 567 569 571 581 585 588 596
573,1,393.6045845890744,143001.3631488658,564 565 567 569 571 572 581 585 588 596
574,2,526.431173938636,94237.4735536637,563 576
575,1,497.9335106247327,146030.0043933742,564 565 567 569 571 572 581 585 588 596
576,1,525.2345379985497,83109.29114905818,574
577,1,526.7857327356985,79253.10967220578,580
578,1,452.28406550292806,62232.869178014655,583 586 589 591 592
579,1,554.1753998087813,174304.6502239251,574 576 582 584 587
580,1,545.7103085289126,92017.93548405207,570
581,1,468.81536941596994,152845.33359051074,565 567 569 571 572 575 585 588 596 602
582,1,577.4876407156446,150474.75347335046,574 576 579 584 587
583,1,282.1844826121649,74323.32415784795,578 586 589 591 592
584,1,523.1071852161745,131598.04311773975,579 582 587
585,1,575.670526880699,155517.2886851742,565 567 569 571 572 581 588 596 602 604
586,1,470.45520385238433,181978.72082754716,578 583 589 591 592 593 594
587,1,533.3007506317231,114666.44232281428,579 582 584
588,1,579.6593133476528,158903.32519712165,567 569 571 572 573 575 581 585 596 602 604
589,1,221.90948711152973,173682.04497628327,578 583 586 591 592 593 594
590,1,426.31263361809556,67146.3449877076,595
591,1,473.95647197337706,130449.98173285119,578 583 586 589 592 593 594
592,0,0,75748.65052203945,578 583 586 589 591 594
593,1,387.26684609158116,143811.1754413567,578 583 586 589 591 592 594
594,1,432.118533919995,118825.4170123581,578 583 586 589 591 592 593
595,1,486.54330926909796,69043.2345519923,590
596,1,555.8595540948284,155908.01247953714,581 585 588 593 602 604 610 613 625
597,1,383.8985375194868,108582.92248281487,599 601 605 607 611 616 626
598,1,623.7575637323087,137236.23710862861,597 599 601 605 606 607 608 609 611 614 616 617 626
599,1,576.7785231215195,102395.8714740732,597 601 605 607 611 616 626
600,0,0,0.0,none
601,0,0,0.0,none
602,1,532.4143536390667,147187.99342458052,593 596 604 610 613 625 629 632 633
603,1,415.4542704580547,30872.143577831223,600
604,1,504.3598888214916,146808.6155117236,593 596 602 610 613 620 625 628 629 632 633
605,1,518.1876819069314,155130.819596376,597 599 601 606 607 608 609 611 614 616 622 626
606,1,376.80736157823566,106859.76672909083,597 599 601 605 607 611 616 622 626
607,1,540.0373677759117,109096.32362096146,597 599 601 605 611 616 626
608,1,253.37658035083194,141575.3276670802,597 599 601 605 607 609 611 614 616 617 626
609,1,313.3856567536702,140349.972464432,597 599 601 605 606 607 608 611 612 614 616 617 624 626
610,1,529.7994825107303,145676.8638314999,593 596 602 604 613 625 629 632 633
611,1,525.8550158934092,144063.62130486523,597 599 601 605 607 608 609 614 616 622 626
612,1,462.6992301666408,122796.47553945877,601 606 608 609 614 617 618 624
613,1,359.8771790184984,139007.61285875316,596 602 604 610 625 629 632 633
614,1,517.8774429595016,79947.33579685427,608 609 612 617 624
615,1,418.4237003834536,26531.634784191363,621 627
616,1,521.8662294264556,122900.71582579517,597 599 601 605 607 608 609 611 614 626
617,1,467.7073731751494,115573.40372570031,608 609 612 614 618 624
618,1,469.87904580715764,111794.51606660755,609 612 614 617 624
619,1,160.9253740167694,140384.01010895,596 602 604 610 613 625 629 632 633 645
620,1,571.947659511542,91878.94843560354,628 635 642 647
621,1,465.4470608438756,25277.205760184024,615 627
622,1,503.7394109266321,86890.30616093332,599 601 605 607 611 616 626
623,1,329.2078430725869,3304.4879886230588,none
624,1,457.7797268573978,128565.85628526076,608 609 612 614 617 618 622
625,1,577.3103613171133,151297.32988253562,602 604 610 613 620 628 629 632 633 635 645 651
626,1,503.6064513777336,75721.70405346269,601 605 607 611 616
627,1,296.01227569760476,41531.59925272003,634 637 643
628,1,551.1173301841167,221931.11519815054,620 632 635 642 645 647 651 654 656 659
629,1,552.0480470264059,141873.8661742069,602 604 610 613 625 632 633 642 645 651 656 659
630,1,405.8368630877327,6340.220409072697,none
631,1,391.25563255853496,15441.035612074487,none
632,1,390.10331646808163,232513.27705527973,604 610 613 620 625 628 629 633 635 642 645 647 651 654 656 659 661
633,1,562.5075315397514,155533.59838983908,604 610 613 620 625 628 629 632 635 642 645 647 651 654 656 659 661
634,1,469.1699282130325,53743.313341148714,637 643 664
635,1,534.541706421442,228577.67440788532,620 628 632 642 647 651 654 656 659 661
636,1,529.9767619092615,19790.053816843847,none
637,1,495.1856799474979,59309.886455030915,634 643 664 667
638,1,482.19996400508154,16300.486136154133,639 641
639,0,0,16239.502023059373,638 641
640,2,248.14683809415916,104019.75076461972,644 646 648
641,1,317.1528439724599,16337.36025104864,638 639
642,1,488.2274635551451,94926.73585515331,620 621 628 635 647 654
643,2,243.44893403308026,33051.97106217184,634 637
644,1,450.333992119084,107374.58610242567,640 648 649 657
645,1,518.8967995010565,141488.81532059694,625 628 629 632 633 635 651 656 659 661 668 670 676
646,0,0,0.0,none
647,1,583.4708204160753,191350.41895150475,628 632 635 642 654 659 668 670 676
648,1,415.5872300069531,89579.28007785579,640 644 649 657
649,1,426.0467145202987,46991.804727483446,648 657
650,1,308.9093519407554,88145.4443025348,653 655 658 662 665 669
651,1,581.8309859796609,150493.89964839185,632 633 635 642 645 647 654 656 659 661 668 670 676
652,1,549.6990949958664,6645.1409745465,none
653,1,316.75396532576457,70877.01265039986,650 655 658 662 665 669
654,1,563.1280094346109,191959.5509648582,632 635 642 647 676
655,1,570.1748655262293,94657.9802869799,653 658 662 665 669
656,1,301.50793705207445,136761.8374381589,633 635 642 645 647 651 654 659 661 668 670 676
657,1,406.76757993002195,51330.18616834093,648 649
658,1,611.1264065869549,74694.19265957539,653 655 662 665 669
659,1,317.5517226191553,139737.2948631079,635 642 645 647 651 654 656 661 668 670 676
660,1,642.1059814802961,122162.52441031093,671 674 678 682
661,1,392.8068272956836,128935.30655179993,642 645 647 651 654 656 659 668 670 676
662,1,441.86890083921537,97658.9659453174,650 655 665 669
663,2,334.7478242766894,0.0,none
664,1,447.23160264478656,137100.08653055658,637 643 667 680
665,1,532.1041146916369,95074.94143232546,650 655 662
666,1,145.4134266452824,116082.55015828215,642 645 647 651 654 656 659 661 668 670 676
667,1,435.93004098841755,0.0,none
668,1,567.5599943978929,109647.30799159667,642 645 647 651 654 656 659 661 670 676
669,1,607.0489804207355,82778.13323260176,653 655 658 662 665
670,0,0,0.0,none
671,2,455.29781527795984,124665.7095175726,660 674 678 682
672,1,473.86783227411144,36523.81080300843,none
673,1,539.9044082270133,36485.51845292567,672
674,1,456.45013136841317,129767.10148970872,660 671 678 682 686 700
675,1,541.3669632648963,38046.28627759506,672
676,1,288.96541960598637,124448.01041617618,651 654 656 659 661 668 670
677,1,246.55132350737767,83290.11613556009,651 654 656 659 661 668 670 676
678,1,456.45013136841317,137012.15594888505,660 671 674 682 686 700
679,1,163.14136649841043,0.0,none
680,1,431.76397512293244,42544.2191771307,none
681,1,572.9670160530969,93144.72334111689,679 689 706 710
682,1,586.5732098903727,136427.13393373182,671 674 678 686 700 712 716 718
683,1,569.0668692854088,125433.6838720101,671 674 678 682 686 700 716 718
684,1,299.07034532226936,52493.13902270613,668 670 676
685,1,607.5364987666966,43255.4641240382,701
686,1,609.7524912483376,117789.39620734131,671 674 678 682 683 700 716 718
687,1,312.189020813584,42071.23774184925,670 676
688,1,501.92229709168646,114190.62441715632,690 704 715
689,1,497.9778304743655,92675.99661140017,679 681 706 710
690,1,505.37924536304644,116132.89750746502,695 704 715 724
691,1,496.55959528611527,50533.137992544296,685 701
692,1,297.2532314873237,6336.674821102071,none
693,1,497.13575333134196,26216.077454805687,707 708 713 714
694,1,237.90895282897776,91478.29699492284,674 678 682 686 700 718
695,1,513.1795388984227,117822.72473426518,690 704 715
696,1,249.43211373351096,29790.03012919629,none
697,1,112.83833716515973,131194.55520668256,699 703 709 711 720 722
698,1,545.7546283785455,99921.76018817065,697 703 709 720 722
699,1,558.4744252231648,158177.18878073752,697 703 709 711 720 722
700,1,537.9100149935363,96083.30665117137,678 682 686 718 733 734
701,1,570.6623838721903,48361.81991933318,685 691
702,1,513.8886564925479,118855.90906890549,690 704 715 724
703,1,523.1071852161745,141641.27560333384,697 699 709 711 720 722
704,1,491.1082537812784,69491.39687147939,690 715
705,1,457.86836655666343,13952.597782005862,none
706,1,459.77412009087465,73262.48423703677,681 689 710
707,1,505.91108355864026,26374.210678295585,708 713 714
708,1,500.23814280563937,26840.10093763579,707 713 714
709,1,514.6420939363057,112883.72069118373,697 703 720 722
710,1,466.7766563328603,79236.09084994678,681 689 706
711,1,565.2110423673535,106239.99795182547,697 703 709 720
712,1,476.83726219951035,95818.80578856272,682 686 700 716 718 733 734 737 739
713,1,487.2524268632231,28388.813763205053,707 708 714
714,1,480.82604866646415,27213.80590973973,707 708 713
715,1,515.7944100267591,55792.66318817031,704 724
716,1,489.1138605478015,23310.113554080945,none
717,1,428.0411077537755,111553.41608460499,686 700 716 718 733 734 737 739 744
718,1,323.5792221692188,108313.45779704733,686 700 716 733 734 737 739 744
719,1,501.47909859535827,34658.12241286524,727 729
720,1,549.2115766499054,118180.12000170424,697 698 699 703 709 711
721,1,509.0577928825705,99560.81933276098,686 700 716 718 733 734 737 739 744
722,1,550.3195728907259,128921.83331751157,697 698 703 709 720
723,1,495.49591889492757,0.0,none
724,1,410.49044729917887,69870.0656667422,704 715
725,1,512.6033808531961,8547.703479584196,none
726,1,494.653841751904,100092.65752835482,704 715 724 730
727,1,259.6256791490595,70562.16443860832,719 729
728,1,485.0807542312149,66910.20882886395,690 704 715
729,1,608.6001751578842,40559.39903117449,719 727
730,1,513.3568182969541,44162.42552692423,726
731,1,641.8400623824991,60664.301059809884,740
732,1,358.10438503318557,26321.026858736204,735 736
733,1,490.84233468348145,86852.01381085058,718 734 737 739
734,1,461.5469140761875,88703.51984911127,716 718 733 737 739 744
735,1,514.2432152896105,25351.66310756716,732 736
736,1,453.037502946686,25748.768960277233,732 735
737,1,733.2719121750068,62954.75088883403,718 733 734 739 744
738,2,530.3756405559569,35657.269102987535,741
739,1,312.6322193099122,58313.576235285116,733 734 744
740,1,468.32785107000893,74723.26648093452,731
741,1,516.2819283727201,35199.88825477683,738
742,1,467.4857739269853,41437.99573029551,none
743,1,346.7585035271837,50011.22744326821,747 748 757
744,1,476.34974385354934,58500.78328013414,733 734 739
745,2,689.9270992341089,46725.1765120924,none
746,2,221.99812681079538,100238.73575274457,none
747,1,489.02522084853587,48561.08196328234,743 748 757
748,1,508.3043554388126,54103.54507896428,743 747 757
749,2,451.6635876080686,45938.05598261352,none
750,1,511.3181052138443,91894.5490226743,755 756 761 768 769 770 773
751,1,182.24322169015585,3035.0233028555135,none
752,1,618.0846229793077,94035.37503933803,755 756 761 765 768 770
753,1,323.4019427706875,79033.99233562112,755 756 761 765 768
754,1,287.9017432147987,1425.3263641914912,none
755,1,550.5854919885228,95492.61169526515,756 761 768 769 773 782
756,1,438.72219151528515,86354.92237736886,755 761 765 768 769
757,1,513.4897778458525,48680.92283668948,747 748
758,1,319.59043570226504,9215.69225325006,760
759,2,648.3550802785238,47474.00469148854,none
760,1,457.6467673084993,9469.556351946852,758
761,1,546.4637459726706,77956.84271014507,755 756 768
762,0,0,0.0,none
763,1,261.39847313437235,1315.4131371020974,none
764,1,233.69856711385984,21399.041637913746,766 767
765,1,122.85462318217704,58067.5124301237,768 769
766,1,510.5646677700864,31157.917968263646,758 760 764 767
767,1,475.9951850564868,30562.96830679267,758 760 764 766
768,1,529.4449237136677,0.0,none
769,1,602.262436660391,0.0,none
770,1,493.72312490961474,35851.56732377782,773 782
771,1,515.0409725830012,36159.32435962812,773 782
772,1,466.1118585883679,31486.9485319377,none
773,0,0,81841.38889076248,755 756 761 782
774,1,440.8052244480277,85063.61923846701,778 781 783 790 792 794
775,1,528.4698870217456,76820.1272067625,777 780 784 786 787 788 791
776,1,247.74795944746378,31472.057062461074,none
777,1,293.8406030655966,84271.53488582926,775 780 784 786 787 788 791
778,1,444.4837719675517,96603.0898476651,774 781 783 790 792 794 797
779,1,563.8814468783688,83982.92402502034,775 777 780 786 787 791
780,1,355.0906352581538,85040.2183578609,775 777 779 784 786 787 788 791
781,1,455.8739733231865,113558.09152319671,774 778 783 790 792 794 795 797
782,1,282.00720321363366,33017.224300059715,773
783,1,448.3839187352399,78606.39442636368,790 792 794 797 812
784,1,483.70683889259743,80445.13634793012,775 777 780 786 787 788 791
785,1,458.79908339895263,0.0,none
786,1,527.4062106305579,84924.6321900185,775 777 780 784 787 788 791
787,1,475.24174761272883,73887.216837461,777 779 780 784 786 791
788,1,304.12280818041086,65723.1459762985,775 777 780 784 786 787 791
789,2,340.3321253304248,51840.75083611102,793 796 799 805
790,1,422.4124868504074,120351.43807491536,774 778 781 783 792 794 797 812 816
791,1,516.0160092749232,83234.09584562421,775 777 779 780 784 786 787 788
792,1,435.8857211387847,113298.55448374692,778 781 783 790 794 797 812 816
793,1,369.14002759175776,53346.91660603278,789 796 799 805
794,1,507.81683709285153,112989.37921270837,781 783 790 792 797 812 816
795,1,458.48884445152294,113804.15532835813,783 790 812 816
796,1,360.80789586078765,51841.45995370514,789 793 799 805
797,1,475.95086520685396,110862.026430333,783 790 792 794 812 816
798,2,554.485638756211,110403.22734693406,803 809 815 820
799,1,309.7071092341462,52274.021686121465,789 793 796 805
800,1,645.828848849453,130412.39850036256,821
801,1,364.13188458324913,58513.5473968284,814 823
802,1,267.0270940377405,88719.12043618201,none
803,2,476.7043026506119,67470.4117282228,798 809 815 820
804,1,250.76170922249554,134884.09404891558,783 790 792 794 795 797 812 816
805,1,314.4936529944907,53930.520385997756,789 793 796 799
806,1,443.7746543734266,112988.67009511424,810 813 818 822 824 827 830
807,1,434.1572470031047,109672.12710739105,800 821 828 831
808,1,319.9449944993276,63746.12612387766,801 814 823
809,1,683.5893607366156,73497.91127828631,798 803 815 820
810,1,531.1733978493477,120797.47304162006,806 813 818 822 824 827 830
811,1,449.04871647973226,113095.03773423302,800 821 828 831 833
812,1,442.9768970800359,122241.94558085293,790 792 794 795 797 816
813,1,527.8050892772534,126370.42821384937,806 810 818 822 824 827 830
814,1,422.501126549673,60564.31547903825,801 823
815,1,716.5190090138009,74549.53267037387,798 803 809 820
816,1,449.4475951264276,85131.69452750303,790 792 794 797 812
817,1,450.7771906154122,116586.7327677051,800 821 831 833
818,1,497.0914334817091,135123.06667813574,806 810 813 822 824 827 830 835 837
819,1,425.6921557232361,27013.83474819645,none
820,1,692.5419703624453,119728.12370967938,798 803 809 815
821,1,447.76344084038044,115062.1299403361,800 817 831 833
822,2,558.1198664261022,140747.07831714206,806 810 813 818 824 827 830 835 837
823,1,356.64182999530254,56424.48696453579,801 808 814
824,1,529.1790046158708,134304.03585692123,806 810 813 818 822 827 830 835 837
825,1,715.278053224082,68303.62490131981,836
826,1,359.52262022143583,90709.61352289123,832 834 840 842 844 845
827,1,551.9150874775074,127236.26079627615,806 810 813 818 822 824 830 835 837
828,1,411.02228549477263,138685.67347102033,821 831 833
829,1,280.677607724649,81772.60448413235,836
830,1,500.5040619034362,117295.85036183022,813 818 822 824 827 835 837
831,1,415.72018955585156,128768.66391718053,817 821 828 833
832,1,343.4345148047222,91330.09141775071,826 834 840 842 844 845
833,1,406.10278218552963,125855.60884051454,821 828 831
834,1,346.1380256323242,89644.51889651529,826 832 840 842 844 845
835,1,484.46027633635543,99045.290841832,822 824 827 830 837
836,1,576.6012437229882,91519.42581538211,none
837,1,547.5274223638582,89950.14857958323,822 824 827 830
838,1,376.2755233826418,64874.33221613072,847 851 852 854
839,1,465.49138069350846,79626.81464430972,838 847 851 852 854
840,1,358.9464621762092,86903.7793952217,826 832 834 842 844 845
841,2,350.08249224964516,87766.77550727197,836
842,1,365.3285205233352,84574.32809852068,826 832 834 840 844 845
843,1,276.1569830621014,74163.7726991698,none
844,1,374.36976984843056,85177.78717112116,832 834 840 842 845
845,1,349.4176945051529,87585.95052077007,832 834 840 842 844
846,1,560.7347375544387,23913.572626681424,848
847,1,350.3484113474421,113859.46650069988,838 851 854 856
848,1,329.91696066671204,24782.241679484694,846
849,1,455.3864549772255,79756.58316403463,838 847 851 856
850,1,92.8500849807579,78071.71976039333,838 847 851 854 856
851,1,449.93511347238865,69692.78626821091,838 847 854 856
852,1,412.4405206830229,80210.41842427469,847 851 854 856
853,1,167.7506308602237,63891.49523067331,838 839 851 854 856
854,0,0,0.0,none
855,1,548.3694995068818,41411.04926171875,857
856,1,234.40768470798497,80009.7381451373,847 851
857,1,545.2227901829516,41833.68334781733,none
858,1,310.81510547496663,38013.66686826531,859 863
859,1,506.66452100239826,40667.1849054815,863
860,1,798.1561720374552,49363.80307983198,861 865
861,0,0,0.0,none
862,1,610.4172889928298,0.0,none
863,1,502.6757345354444,41920.19569430059,859
864,1,625.2201187701917,0.0,none
865,1,590.7392757558578,36004.73672410884,860 861
866,1,380.5302289473925,40107.69112371678,870 873
867,1,397.72633060492666,45392.03543513718,870 873
868,1,577.0887620689492,45477.129546432196,867 870 873
869,1,361.8272524023425,68903.53838594967,871 872 874 875 876 877 878 879
870,1,563.5268880813062,45380.68955363118,867 873
871,1,318.2165203636476,68387.30077742657,869 872 874 875 876 877 878 879
872,1,381.72686488747865,68468.14018315684,869 871 874 875 876 877 878 879
873,2,640.9536653898427,44773.684893060075,867 870
874,1,357.9271056346543,68983.6686740858,869 871 872 875 876 877 879
875,1,366.65811601231985,68346.17195696732,869 871 872 874 876 877 878 879
876,1,378.0483173679546,67582.45230809457,869 871 872 874 875 877 878 879
877,1,369.98210473478133,68322.77107636118,869 871 872 874 875 876 879
878,0,0,361.64997300381117,none
879,1,365.5057999218665,66965.5200012057,869 871 872 874 875 876 877 878
880,1,534.3201071732778,68041.96050908764,881 882 883 884
881,1,523.0628653665416,84304.15429515901,882 883 884
882,1,535.6053828126296,89601.97184086779,881 883 884 885
883,1,326.5486520946177,88272.37635188318,881 882 884 885
884,1,558.7403443209618,89784.92418015207,881 882 883 885
885,1,529.1346847662379,72071.16667890656,883 884
886,1,405.5709439899358,16972.729615384746,none
887,1,307.4024770532395,102223.5558987008,none
888,2,122.67734378364575,57372.577187881085,none
889,1,609.9297706468689,168937.33915399207,890 891 892 893
890,1,869.3781703973971,171168.2231051097,889 891 892 893
891,1,642.7264593751556,167131.9257593495,889 890 892 893 899
892,1,759.066064661308,172302.8112557099,889 890 891 893 899
893,1,765.3151634595358,173642.33439101226,889 890 891 892 899
894,1,284.2231956952747,148629.6294934369,895 898
895,1,505.8667637090075,141351.24650733665,894 898
896,1,562.596171239017,64655.21487954607,900
897,0,0,0.0,none
898,1,323.93378096628135,127666.69517591009,894 895
899,1,840.7918673842281,158399.8517052928,891 892 893 901
900,1,691.2123748734607,63573.101430911134,none
901,2,596.4565363584916,154956.37666822123,899
902,2,398.2581688005205,59797.05024219487,none
903,1,416.78386594703926,102585.20587170462,905 906 907
904,2,523.5503837125026,121870.36796153137,903 905 906 907
905,1,432.606052265956,94604.79646742051,903 906 907
906,2,627.9679494474266,92351.92987088501,903 905 907
907,2,424.4955197831499,89755.85035879294,903 905 906
908,2,448.6941576826697,51124.54206604465,917 919
909,1,602.3510763596566,62259.10652899728,910 912 913 914 916
910,1,601.5533190662659,85858.54006148128,913 914 916 918
911,2,444.2178528697549,6962.825656714553,none
912,1,615.2481526028072,89411.21920804813,910 913 914 916
913,1,598.805488389031,95635.85344927842,910 912 914 916 918 927
914,1,560.7347375544387,120693.23275528367,910 912 913 916 918 927
915,0,0,0.0,none
916,1,616.9766267384872,128698.46127536215,910 912 913 914 918 925 927 932 933
917,1,426.5785527158925,70811.77383174036,919 921
918,1,592.7779888389674,132822.68920279384,913 914 916 927 932 933
919,1,417.1384247441018,54685.730623741,917 921
920,1,438.3676327182226,50097.03067215735,926
921,0,0,59187.91822884139,917 919
922,1,598.3622898927028,113654.53151599773,913 914 916 918 927 932 933
923,1,404.3299882002168,23356.206197699077,none
924,1,431.4980560251355,46273.468604634705,none
925,1,585.8640922962476,104655.12012895584,913 914 916 918 927 933
926,1,436.90507768033956,42954.08914653502,920
927,1,598.5395692912341,93629.05065790434,914 916 918 925 932 933
928,2,498.2880694217953,14396.505395928185,931
929,1,596.0576577117962,83914.1396183902,916 918 925 927 932 933
930,0,0,0.0,none
931,2,294.94859930641707,14956.70829528703,none
932,1,612.3230425270411,81323.023929457,918 925 927 933
933,1,600.3566831261796,71554.21995278935,925 927 932
934,1,427.86382835524427,20210.560550160044,none
935,1,495.00840054896656,70426.72297813042,938 939
936,1,219.1173365846621,28750.463736208865,none
937,1,179.982909358882,0.0,none
938,2,591.3154338010844,94638.83411193851,939 940
939,2,592.6007094404362,95116.07025278472,938 940
940,2,894.773444237003,92780.9460153307,938 939
941,2,612.8105608730021,46041.58715135579,none
942,1,74.98918557873144,104433.16632199466,943 944 945
943,1,161.5458519116289,102.11293355401729,none
944,1,279.0820931378675,144403.9977500453,942 943 945
945,1,437.83579452262876,125315.97035138533,942 943 944
946,1,599.780525080953,30844.487991660342,947
947,1,245.5319669658228,30792.013289695085,946
948,0,0,0.0,none
949,0,0,56608.148421414204,none
950,1,425.5148763247048,15438.199141697987,952
951,2,543.1840770998418,16092.005563481347,950 952
952,0,0,15880.688520432062,950
953,1,486.85354821652766,36031.683192685596,none
954,1,469.4358473108294,33140.610761437485,953
955,1,480.2055707716047,30889.87151768435,953
956,1,55.22253264249372,63512.8264354105,957 958 959 960 961
957,1,475.24174761272883,67598.05289516531,956 958 959 960 961
958,1,475.2860674623617,65852.20537842927,957 959 960 961
959,1,471.47456039393916,65930.91743137717,957 958 960 961
960,1,479.09757453078413,66149.3256503677,957 958 959 961
961,1,469.48016716046226,66001.12007319555,957 958 959 960
962,2,113.85769370671457,19274.525325914885,none
963,2,457.86836655666343,29677.98954932452,964 965
964,2,483.1750006970036,29370.232513474217,963 965
965,2,472.05071843916585,29754.574249490037,963 964
966,2,267.2486932859046,183472.8315983688,none
967,2,506.6202011527654,13761.13603159208,968
968,2,565.344001916252,13744.826326927201,967
969,1,453.83526024007676,144596.16861805323,970 971 972
970,1,496.116396789787,153915.39204004552,969 971 972 973 974 975
971,1,396.9728931611687,173952.21877964493,969 970 972 973 974 975 976 977
972,1,487.42970626175435,166514.99345246068,969 970 971 973 974 975 976 977 978
973,1,462.0344324221485,166516.4116876489,971 972 974 975 976 977 978 979 980
974,1,531.6609161953087,166335.58670114703,971 972 973 975 976 977 978 979 980
975,1,518.6308804032597,150196.07025885928,971 972 973 974 976 977 978 979 980
976,1,413.5928367734762,153655.14588300162,973 974 975 977 978 979 980
977,1,420.3737737672977,146127.15350376934,973 974 975 976 978 979 980
978,1,481.0919677642611,126610.10996066369,973 974 975 976 977 979 980
979,1,507.3736385965234,92342.71134216138,973 974 975 976 977 978 980
980,1,469.2142480626653,75919.5478622236,974 975 978 979
981,1,554.6185983051095,0.0,none
982,1,507.0633996490936,12808.791102682042,none
983,1,520.4036743885724,28704.371092590733,985
984,1,462.167391971047,26115.382756439918,986
985,2,545.0455107844203,28317.90200379254,none
986,1,526.8300525853313,25397.04663359117,984
987,2,487.7842650588169,113200.69625575765,989 990
988,1,524.3481410058934,152754.5665384627,989 990
989,1,536.1815408578564,156948.99710771278,990
990,1,545.4000695814829,139265.73166301468,989
991,1,520.9355125841663,0.0,none
992,1,439.254029710879,69109.18248824595,993 994 995
993,1,493.27992641328655,68552.52517685771,992 994 995
994,1,279.56961148382857,53731.2583420486,992 993 995
995,1,516.5478474705171,74937.4199943603,992 993 994
996,1,241.1443018521736,67164.07292756074,997 998 999 1000 1001 1005 1009
997,1,492.96968746585685,101210.22685669601,996 998 999 1000 1001 1002 1005 1009 1010
998,1,707.9209581850339,66644.99884866114,996 997 999 1000 1001 1005 1009
999,0,0,93509.91890209133,996 997 998 1000 1001 1002 1005 1009 1010 1011
1000,1,544.8239115362562,90911.71203721689,996 997 998 999 1001 1005 1009 1010 1011
1001,1,542.7851984531466,102861.05261581928,996 997 998 999 1000 1002 1005 1009 1010 1011
1002,1,490.7980148338487,128091.45661479105,996 997 999 1000 1001 1005 1009 1010 1011 1017
1003,2,659.8782411830568,89468.65773317227,1004
1004,2,677.4732214872865,131812.19663116554,1003
1005,1,73.70390993937966,114679.91555710265,997 998 999 1000 1001 1002 1009 1010 1011 1017
1006,1,567.8702333453226,60773.50516930516,none
1007,1,638.7376729082018,96034.37753717674,1008
1008,2,676.4981847953645,97283.84273802521,1007
1009,1,501.61205814425676,110766.29555512611,999 1000 1001 1002 1005 1010 1011 1017
1010,2,86.37938693436618,0.0,none
1011,1,633.3306512529978,124821.00627068599,1001 1005 1009 1010 1017 1021 1023
1012,1,518.5865605536268,50201.98007608787,1013 1015 1016
1013,1,151.6182055938772,46595.40799236751,1012 1015 1016
1014,1,496.6482349853809,33273.924869133,none
1015,1,469.6574465589935,47842.74584043359,1013 1016
1016,1,530.6858795033867,68757.46016155988,1013 1015
1017,1,475.02014836456476,121026.51802452246,1002 1009 1010 1011 1021 1023
1018,1,626.2837951613793,138185.74556716214,1019 1020 1022 1024 1026 1027 1028 1029 1030 1032 1033 1036
1019,1,473.6905528755801,92827.03865894883,1018 1020 1022 1024 1026 1027 1028 1029 1030 1033
1020,1,358.0600651835528,102755.39409429464,1018 1019 1022 1024 1026 1027 1028 1029 1030 1032 1033 1036
1021,1,269.0658071208502,90030.98798531349,1011 1017 1023
1022,1,562.4632116901187,90177.06620970326,1018 1019 1020 1024 1026 1027 1028 1029 1030 1033
1023,1,678.5812177281069,74767.9408893644,1017 1021
1024,1,554.9731571021721,140208.8580632011,1018 1019 1020 1022 1026 1027 1028 1029 1030 1033 1036
1025,1,558.430105373532,62195.285945526026,1031 1035 1040
1026,1,531.084758150082,137587.95943531467,1018 1019 1020 1022 1024 1027 1028 1029 1030 1033 1036
1027,0,0,133658.73884626737,1018 1019 1020 1022 1024 1026 1028 1029 1030 1033 1036
1028,1,505.46788506231206,121603.73974614032,1018 1019 1020 1022 1024 1026 1027 1029 1030 1033 1036
1029,1,488.4490628033092,129674.91620247244,1018 1019 1020 1022 1024 1026 1027 1028 1030 1033 1036
1030,2,464.9152226482818,131320.77813843684,1018 1019 1020 1022 1024 1026 1027 1028 1029 1032 1033
1031,1,294.37244126119043,61376.255124311516,1025 1035 1040
1032,1,551.3832492819135,121599.48504057559,1018 1019 1020 1022 1024 1026 1027 1028 1029 1030 1033 1036
1033,2,518.3649613054627,122154.01499918141,1018 1019 1020 1022 1024 1026 1027 1028 1029 1030 1036
1034,1,605.0102673376258,111415.84727134473,1037
1035,1,452.9488632474204,61111.04514410871,1025 1031 1040
1036,1,547.6603819127567,113080.14626475637,1019 1020 1022 1024 1026 1027 1029 1030 1033
1037,0,0,0.0,none
1038,1,683.1461622402875,0.0,none
1039,1,677.2959420887552,14522.019210088332,none
1040,1,544.4693527391937,58448.30857816889,1025 1031 1035
1041,1,680.7528903601151,0.0,none
1042,1,610.638888240994,0.0,none
1043,1,590.6063162069593,66297.53122753985,none
1044,2,833.8336509918755,50482.79064336142,none
1045,1,567.4270348489945,0.0,none
1046,1,523.2844646147057,75686.95729135055,1049 1050
1047,1,538.5748127380286,56163.531689897754,1048 1051
1048,1,582.2298646263563,57160.55102723767,1047 1051
1049,1,292.8212465240417,50833.09473485922,1046
1050,0,0,0.0,none
1051,1,603.9022710968053,58224.22741842535,1047 1048
1052,1,515.8830497260248,38601.525353795034,1053 1054
1053,1,370.7798620281721,38001.61186916518,1052 1054
1054,1,542.2533602575527,39433.3202917038,1052 1053
1055,1,488.4490628033092,0.0,none
1056,1,534.8076255192389,61005.386622584076,1055 1057 1058 1059
1057,1,511.00786626641457,55357.264985377486,1056 1058 1059
1058,1,524.1708616073621,55548.72673579127,1056 1057 1059
1059,1,512.6920205524617,57708.698927496385,1055 1056 1057 1058
1060,1,701.2729807401109,112637.6568860223,1062 1063 1064
1061,2,115.14296934606635,27622.2576439558,none
1062,1,625.3087584694574,119884.83869798103,1060 1063 1064 1065
1063,0,0,117670.97356912242,1060 1062 1064 1065
1064,1,674.7697106596845,71205.3340964798,1062 1063 1065
1065,1,542.0317610093886,51094.7591270914,1064
1066,1,189.95487552626653,85052.27335696103,none
1067,2,148.11693747288444,44076.62229803509,none
1068,1,132.2947511539677,2153.5901333579895,none
1069,1,420.24081421839924,39631.16410046471,1070
1070,1,642.150301329929,40011.25113091577,1069
1071,1,64.4853812157531,63657.48642461202,none
1072,1,153.70123852661976,9037.703737124653,none
1073,1,42.05953730154618,5610.53840471795,none
1074,1,203.11787086721407,0.0,none
1075,1,116.56120453431659,0.0,none
1076,1,688.0656655495304,0.0,none
1077,1,639.1808714045301,4281.652033327475,1078
1078,1,616.6663877910574,5542.463115681938,1079
1079,1,650.4824330608991,6521.045395574603,1078
1080,1,637.3194377199516,0.0,none
1081,0,0,1958.5827949735815,1083
1082,2,615.1595129035416,2686.84656414008,1083
1083,2,618.261902377839,0.0,none
1084,1,400.4741612821615,67997.99521825188,none
1085,1,264.5451824583026,23412.22648763496,none
1086,1,282.1401627625321,0.0,none
1087,1,463.27538821186744,53824.15274687898,none
1088,0,0,0.0,none
1089,1,252.80042230560528,0.0,none
1090,2,158.31050288843304,0.0,none
1091,1,230.33025854176555,548.8570178528429,none
1092,1,587.725525980826,0.0,none
1093,1,128.43892423591237,0.0,none
1094,1,174.97476635037336,0.0,none
1095,1,219.82645417878717,4755.342586203054,none
1096,1,409.471090757624,76430.8216475878,1098 1099 1100 1101 1102 1103 1106
1097,1,401.71511707188046,87312.23112943777,1098 1100 1102 1103 1106
1098,1,390.81243406220676,96517.99573637008,1099 1100 1101 1102 1103 1106
1099,1,249.7866725305735,71922.96110173441,1100 1101 1102 1103 1105 1106
1100,1,354.55879706255996,99415.45022596532,1098 1099 1101 1102 1103 1106
1101,1,237.51007418228238,58323.50388160287,1099 1106
1102,1,383.8985375194868,104755.10570972746,1098 1099 1100 1101 1103 1105 1106
1103,1,377.206240224931,103575.8431506974,1098 1099 1100 1101 1102 1106
1104,1,402.02535601931015,12586.128178126755,none
1105,1,517.788803260236,59627.57113719896,1099 1101 1106
1106,2,498.42102897069367,59523.33085086257,1096 1099 1101 1105
1107,2,146.34414348757164,316.2664469798035,none
1108,1,405.03910579434194,1518.929886616007,none
1109,1,413.2825978260465,54079.43508076403,none
1110,2,416.25202775144544,43206.53501004356,1109
1111,1,219.29461598319338,0.0,none
1112,1,442.66665813260613,69738.87891182904,1116 1117
1113,2,450.1123928709199,78283.74592103675,1115 1116 1117
1114,1,452.06246625476393,89065.16982211507,1113 1115 1116 1117
1115,1,491.01961408201277,65115.43219813326,1116
1116,2,453.5693411422798,81417.33656947565,1117
1117,1,518.1876819069314,61874.76479298147,1116
1118,1,391.87611045339446,21308.27458586573,1120
1119,1,426.0023946706658,20282.89054476081,1118 1120
1120,1,431.0548575288073,19719.142057431338,1118
1121,1,329.7840011178136,13817.156321527962,1122
1122,1,290.6495738920336,14619.168320483474,1121
1123,2,211.8045613952468,4890.784046680953,none
1124,1,209.1896902669104,0.0,none
1125,1,429.50366279165866,29042.620184988413,1127
1126,1,205.28954349922222,0.0,none
1127,2,353.09624202467694,28001.63555681274,1125
1128,2,173.37925176359184,0.0,none
1129,0,0,128410.55953214735,none
1130,1,175.15204574890464,0.0,none
1131,1,164.60392153629346,10615.490384053046,none
1132,1,645.7845289998203,6640.177151387623,none
1133,1,507.3736385965234,11538.052374009827,1134
1134,1,138.85408889962505,0.0,none
1135,1,678.1380192317788,78082.35652430521,1136
1136,2,49.90415068655532,76243.61460273877,1135
1137,1,274.42850892642144,27903.77732882347,1138 1139
1138,1,247.65931974819813,26649.348304816136,1137 1139
1139,1,478.34413708702624,27226.570026433983,1137 1138
1140,0,0,0.0,none
1141,2,94.1796804697425,1226.7734378364576,none
1142,1,546.5080658223034,93581.53977909796,1143 1144 1145
1143,1,534.8519453688717,142680.13287872713,1142 1144 1145 1146
1144,1,539.948728076646,152002.19277109596,1142 1143 1145 1146 1147 1148
1145,1,580.0138721447153,167941.02893424628,1143 1144 1146 1147 1148 1149
1146,1,352.0768854831221,83990.0152009616,1147 1148
1147,1,550.4968522892572,98957.3602601605,1145 1146 1148
1148,1,670.7809241927307,152733.29301063897,1145 1146 1147 1149
1149,1,638.7819927578346,93868.73240471864,1145 1147 1148
1150,1,286.92670652287666,0.0,none
1151,1,439.5642686583087,0.0,none
1152,2,85.13843114464723,0.0,none
1153,1,508.79187378477354,147052.55196410263,1155 1156 1157
1154,0,0,0.0,none
1155,1,80.2189278354042,148682.81331299627,1153 1156 1157
1156,1,512.5147411539305,156827.7379991174,1153 1155 1157
1157,1,506.53156145349976,121525.73681078656,1153 1155 1156
1158,1,518.1876819069314,113476.54299987233,1163
1159,1,400.5184811317943,69104.92778268119,1163 1165
1160,1,311.96742156541995,94803.34939377554,1163 1165 1166
1161,1,427.9081482048771,80418.18987935336,none
1162,1,373.5720125550398,152095.08717592637,1163 1165 1166 1167
1163,1,470.23360460422015,115015.32817912384,1165 1166 1167
1164,1,396.79561376263746,14498.618329482204,none
1165,1,491.01961408201277,135381.18548239727,1159 1160 1163 1166 1167
1166,1,439.74154805684003,140673.33008735307,1165 1167 1168 1169 1170
1167,1,376.3641630819074,0.0,none
1168,1,418.33506068418797,100038.05547360718,1166 1167 1169 1170 1172
1169,1,245.79788606361973,104438.83926274767,1166 1167 1168 1170 1172
1170,1,400.56280098142713,100630.16866470166,1168 1169 1172
1171,1,465.4470608438756,113061.70920730913,1173
1172,1,368.29795044873424,95366.38876351088,1168 1169 1170
1173,1,237.15551538521981,99860.06695748176,none
1174,1,313.65157585146716,160486.07566720893,1173
1175,0,0,48831.964884238136,none
1176,2,532.0597948420041,48583.064608700224,none
1177,1,620.1233360624175,0.0,none
1178,2,259.44839975052827,7419.49738733113,none
1179,0,0,0.0,none
1180,1,436.1516402365816,28994.400188587904,none
1181,1,475.86222550758833,50656.524453922066,1185 1188
1182,0,0,190118.68169050943,none
1183,1,479.93965167380776,45089.95134003988,1185 1188
1184,1,464.9595424979146,31038.786212450625,1185 1188
1185,1,196.69149267045515,48372.45668324506,1188
1186,1,477.2361408462058,77663.9771437714,1185 1188
1187,1,469.87904580715764,80711.05544572703,1185 1188
1188,1,447.98504008854457,57108.07632527241,1185
1189,0,0,86213.80797613796,1190
1190,2,403.62087060609167,85801.10153635714,none
1191,1,233.52128771532855,0.0,none
1192,1,267.6918917822328,118177.28353132775,1199
1193,1,521.3343912308616,96085.43400395375,none
1194,1,511.36242506347713,128555.21952134887,1199 1200
1195,1,495.98343724088863,136137.10483773466,1196 1199 1200
1196,1,292.6882869751433,115411.01579664565,1199 1200
1197,1,305.0535250227,16946.492264402117,none
1198,1,477.8122988914324,20919.678144285164,none
1199,1,441.2041030947231,169387.62882626153,1200
1200,1,448.5611981337712,121733.50826586522,1199
1201,2,87.79762212261642,109300.54948806949,none
1202,1,126.71045010023236,0.0,none
1203,2,452.549984600725,0.0,none
1204,1,492.96968746585685,9982.248372499314,1205
1205,1,265.0327008042636,10253.840411049236,1204
1206,0,0,0.0,none
1207,1,445.85768730616917,35696.97968825854,1208 1209
1208,1,474.57694986823657,35970.699079590835,1209
1209,1,583.3821807168097,36165.70641797524,1208
1210,1,233.52128771532855,2666.991271504576,none
1211,1,212.20344004194214,17424.437522842447,none
1212,2,238.6623902727357,72683.84428023067,none
1213,0,0,0.0,none
1214,1,710.6244690126358,0.0,none
1215,1,534.1871476243795,0.0,none
1216,1,128.26164483738108,0.0,none
1217,1,147.05326108169675,0.0,none
1218,1,661.4294359202056,24298.62348029136,none
1219,1,187.2513646986645,0.0,none
1220,0,0,0.0,none
1221,2,300.7544996083165,31817.39733080001,none
1222,1,91.78640858957023,126101.67264567596,none
1223,2,628.0565891466922,0.0,none
1224,0,0,22809.476532628607,none
1225,1,75.47670392469246,0.0,none
1226,0,0,0.0,none
1227,2,185.83312951041424,0.0,none
1228,2,595.0826210198741,131727.10251987053,none
1229,1,357.52822698795893,85729.4806593505,none
1230,0,0,34192.23215352503,none
1231,1,638.5603935096706,41351.48338381224,none
1232,1,85.75890903950669,32878.94636920531,none
1233,1,19.41209413917516,119501.20607955934,none
1234,2,180.29314830631176,206279.47166062088,none
1235,0,0,0.0,none
1236,2,53.22813940901681,93268.81892008879,none
1237,1,47.86543760344559,0.0,none
1238,1,200.19276079144794,34382.98478634469,none
1239,0,0,0.0,none
1240,0,0,0.0,none
