0,1,93.02736437928917,0.0,none
1,1,214.02055387688776,0.0,none
2,2,388.90668052799543,30022.620700069332,none
3,2,65.72633700547206,0.0,none
4,0,0,4424.8937873407485,none
5,1,77.3381376092709,0.0,none
6,0,0,99245.26200337529,none
7,1,507.28499889725765,0.0,none
8,2,2124.915190645555,0.0,none
9,2,503.42917197920235,50070.08420358059,none
10,1,159.99465717448018,0.0,none
11,1,117.6692007751371,0.0,none
12,1,200.90187838557304,0.0,none
13,1,419.5316966242741,18600.86361149602,14 15
14,1,302.7932126914262,18520.02420576576,13 15
15,1,337.62861450282276,18540.588615995388,none
16,2,561.2665757500324,15121.223577124058,none
17,2,531.9711551427384,15694.89971077128,16
18,1,510.43170822118793,6158.686304976667,none
19,1,337.18541600649456,15175.116514277568,none
20,2,413.19395812678084,18850.473004628064,none
21,1,407.3437379752486,20248.143782648673,24
22,1,260.73367538988003,0.0,none
23,1,1796.6823842648898,3222.2303477045452,none
24,1,282.672000958126,19965.205862592753,none
25,0,0,38656.12740854266,29 30 31 32 33
26,1,378.66879526281406,18964.64093728221,31 32
27,2,258.51768290823907,60323.21549703571,none
28,1,203.95994801023764,61175.574845174095,none
29,1,287.50286456810335,39209.239131960254,30 31 32 33
30,1,367.5888328546091,39187.9656041365,29 31 32 33
31,1,88.55105956637435,18991.58740585896,32
32,1,414.0360352698044,38756.11298931431,29 30 31 33
33,1,478.6986958840888,20031.153798846386,29 30
34,1,286.6607874250797,44180.15346677735,35
35,2,416.5179468492423,44855.233416384464,none
36,1,402.6901537638025,0.0,none
37,1,653.8064217833605,0.0,none
38,2,73.70390993937966,12649.23964400389,none
39,2,479.0089348315185,0.0,none
40,1,648.8869184741176,105564.91800221836,none
41,1,513.9329763421807,0.0,none
42,1,503.11893303177266,84709.06044140445,43 44 46 47 48
43,1,512.8249801013602,89914.69269987696,42 44 46 47 48
44,1,505.2019659645151,94436.73559761286,42 43 46 47 48
45,2,117.84648017366837,57500.2183548236,50 51
46,1,495.31863949639626,105662.0671126135,42 43 44 47 48
47,1,470.277924453853,107135.6134732055,42 43 44 46 48
48,1,489.7786582922938,107061.8652434165,42 43 44 46 47
49,1,519.5615972455489,109711.83769266205,42 43 44 46 47 48
50,1,428.70590549826784,59933.200820266895,45 51
51,0,0,53478.81247854004,45 50
52,1,487.73994520918404,120981.13449849846,42 43 44 46 47 48
53,2,506.7974805512967,132180.9377801106,42 43 44 46 47 48
54,1,989.7065621505034,0.0,none
55,2,422.76704564746996,100907.43364400456,54 56 57
56,2,438.89947091381646,102887.99908439603,54 55 57
57,2,455.1205358794286,102868.85290935465,54 55 56
58,2,147.8066985254547,101661.93476415369,none
59,0,0,427.5979092574473,none
60,2,236.31343824219624,91720.81521211365,none
61,2,251.47082681662067,107330.6208115899,none
62,1,95.06607746239891,15657.31647828265,none
63,0,0,0.0,none
64,2,68.07528903601151,130457.78202638659,none
65,1,356.02135210044304,19369.547083527654,67
66,2,320.7870716423512,17998.11365648967,69
67,1,390.67947451330826,0.0,none
68,2,144.61566935189165,67044.23205415359,none
69,1,232.10305252707835,18485.98656124775,66
70,2,291.7575701328541,0.0,none
71,0,0,32068.4249591203,none
72,2,336.56493811163506,63774.490827642665,none
73,2,641.7957425328664,0.0,none
74,1,438.76651136491796,4031.3335226013073,none
75,1,339.62300773629966,5204.214023284256,none
76,2,639.1365515548972,0.0,none
77,1,513.2238587480556,0.0,none
78,2,582.052585227825,1474.9645957802497,none
79,2,819.8285785079044,121753.36355850073,none
80,2,363.9546051847178,206785.07250523212,none
81,2,115.71912739129301,160786.03240952382,none
82,1,668.6092515607224,66807.3867777158,83
83,1,391.74315090449596,95080.61437307845,82
84,1,444.9269704638799,12207.459382863939,none
85,1,344.98570954187085,27717.98851916269,none
86,1,635.72392313317,0.0,none
87,1,507.5509179950546,142362.4481965591,none
88,1,506.708840852031,139532.35987840572,none
89,1,410.5347671488116,132653.91921539206,none
90,1,419.79761572207104,122625.57819927462,none
91,1,91.78640858957023,0.0,none
92,1,182.3761812390543,81621.56243658368,none
93,1,631.4692175684193,11726.67765404711,none
94,2,1313.9505820642144,0.0,none
95,1,387.66572473827654,39117.05384472399,none
96,2,558.0312267268366,4749.669645450053,97
97,1,318.1722005140148,5287.180781796895,none
98,2,75.29942452616118,35924.6064359727,none
99,1,389.52715842285494,17611.64456769148,none
100,1,405.74822338846707,18232.831580145084,none
101,1,383.9428573691197,14518.473622117706,none
102,1,541.189683866365,2727.9753845993364,none
103,1,313.8731750996312,5877.166620108995,none
104,1,397.3717718078641,17850.617196911648,none
105,1,404.59590729801374,92594.44808807579,none
106,1,638.8263126074673,59124.09764537012,none
107,2,308.2002343466303,100305.39280659235,none
108,1,703.7548923195487,26670.621832639885,109 111
109,1,425.1159976780094,13432.105467918022,111
110,1,690.3702977304371,27137.930327168342,108 109 111
111,1,466.06753873873515,26995.397690749192,108 109
112,2,413.7701161720075,26243.023923382443,113
113,2,661.6067153187369,48955.35134561591,109 110 111 112
114,1,424.71711903131404,5970.77014253351,none
115,2,158.57642198622995,29535.45691290537,116
116,1,552.9787638686951,0.0,none
117,2,347.6005806702072,31815.979095611758,none
118,1,193.14590469982954,32817.96225611056,none
119,2,793.9457863223374,0.0,none
120,1,742.1802019512037,0.0,none
121,1,619.1482993704954,73553.22245062806,122
122,1,832.1494967058283,51632.97938103236,121
123,1,402.5571942149041,62199.54065109077,124
124,1,411.11092519403826,59797.05024219487,123
125,1,379.8211113532674,76192.55813596176,none
126,1,280.190089378688,59237.55646043015,none
127,2,69.93672272058996,83650.34787337565,none
128,1,566.7179172548693,23580.287357442616,130
129,1,484.2829969378241,16845.088448442224,none
130,1,455.6080542253896,23549.795300895235,none
131,0,0,546.0205474763424,none
132,1,417.3157041426331,167574.4151380836,none
133,0,0,6177.832480018045,none
134,0,0,4428.4393753113745,none
135,0,0,10674.34714436543,none
136,1,324.82017795893773,227885.57563601917,none
137,0,0,3701.5938413331264,none
138,1,323.534902319586,175123.68104513962,136
139,1,120.32839175310629,0.0,none
140,1,182.06594229162457,4797.180524256437,none
141,0,0,7416.66091695463,140
142,1,489.1138605478015,0.0,none
143,1,245.39900741692435,74536.7685536796,142 144 147
144,1,146.61006258536855,69265.18835895347,142 143 147
145,1,577.5319605652774,6370.003348025953,none
146,1,315.02549119008455,98073.09062028647,142 143
147,0,0,66939.99176781719,none
148,1,265.5645389998574,73007.91102074584,none
149,0,0,205001.64175600742,150 151 154 156 162
150,1,237.7759932800793,186069.62022805496,149 151 154 156 162
151,1,307.04791825617696,158950.83607592803,156 162
152,1,237.0668756859542,37435.02691145921,158 166
153,1,410.2245282013819,7346.458275136243,none
154,2,276.5558617087968,215568.20302606586,149 150 151 156 162
155,2,129.41396092783438,188228.88330216598,none
156,0,0,0.0,none
157,1,143.33039371253986,7656.34266376892,none
158,1,480.91468836572983,39346.09882762641,166
159,1,526.2982143897375,32575.444038919763,none
160,1,382.3473427823381,75265.74144044024,165 174 175 179 181
161,1,630.3612213275989,65879.86096460014,165 175 181
162,1,144.39407010372756,148189.2674674852,149 150 154
163,1,470.277924453853,12813.754925840918,none
164,1,422.6340860985715,31820.233801176506,none
165,1,414.30195436760135,93061.04746501012,174 175 179 181 182 183
166,1,551.1173301841167,39160.31001796563,none
167,1,461.28099497839054,4327.744676945607,none
168,1,471.8291191910017,27735.716459015817,174 179
169,1,287.54718441773616,12926.504623306811,none
170,2,688.5088640458587,0.0,none
171,1,615.2038327531744,0.0,none
172,1,450.55559136724816,32432.911402500613,171
173,1,526.8300525853313,3259.8135801931767,none
174,1,489.5570590441297,142022.07175137903,165 175 179 181 189 190 194 198 200 201 202
175,1,348.3096982643323,102154.06237447653,165 181 189 190 198 200 201 204 205
176,1,231.52689448185168,180532.12093553192,178 180 188 191
177,1,231.97009297817988,86932.14409898671,176 178 180 188
178,1,323.0917038232578,172950.23561914614,176 180 188 191
179,1,513.0908991991571,106428.62323186276,165 174 175 181 189 190 198 200 201
180,1,321.3632296875778,188217.53742066,176 178 188 191
181,1,287.2812653199392,81416.62745188153,175 189 198 200 201
182,1,384.0314970683853,54239.6956570363,183 184 193 194
183,1,381.6825450378458,138126.1796892556,174 175 181 182 184 189 193 198 200 201
184,1,365.4171602226009,54630.41945139924,182 183 193 194
185,2,372.4196964645865,164424.5147849798,176 178 180 188 191
186,1,306.5603999102159,129675.62532006655,174 175 179 181 182 183 184 189 193 194 198 200 201
187,1,383.98717721875244,126849.08258988384,174 175 181 182 183 184 189 193 198 200 201
188,1,487.91722460771535,157948.85291542925,176 178 180
189,1,301.99545539803546,117371.72594440161,174 175 179 181 183 187 193 194 198 200 201
190,1,250.00827177873762,23292.385614227816,202 203 204 205 206 209
191,1,326.5486520946177,116629.27982335261,176 177 178 180 188
192,1,418.9555385790474,29876.542475679555,none
193,1,404.59590729801374,54702.04032840588,182 183 184
194,1,368.25363059910137,97181.7298044712,181 182 183 184 189 193 198 200 201
195,1,277.1320197540235,0.0,none
196,1,454.85461678163165,50412.58800154303,197
197,1,412.75075963045265,41672.0045363568,196
198,1,379.9540709021658,120913.76832705659,179 181 182 183 184 187 189 190 193 194 200 201 203 204 205
199,2,197.09037131715056,10178.673946071973,none
200,1,353.7167199195364,51945.70024004154,179 181 189 198 201
201,1,248.94459538754992,57359.81307118683,181 189 198 200
202,1,323.0917038232578,5912.62249981525,206 209
203,0,0,24805.642560090822,202 204 205 206 209
204,1,406.014142486264,24387.97229715113,202 203 205 206 209
205,1,366.3478770648901,23019.375340489645,202 203 204 206 209
206,0,0,23076.813865613778,202 203 204 205 209
207,1,540.3476067233414,68334.82607546131,225 231 233 235 243 249
208,1,538.3975333394974,69978.56065864334,225 231 233 235 243 249
209,1,180.3817880055774,37137.19752192666,201 202 203 204 205 206
210,1,286.0846293798531,31321.724132506548,227 229
211,1,207.37257643196477,66037.28507049593,225 231 233 235 243 249
212,1,522.1321485242523,81370.53480826339,216 226
213,1,511.7169838605397,69545.99892622701,212 216 226
214,1,433.4924492586124,57666.860989443005,227 229 237
215,2,67.27753174262075,41125.27487128633,227 229
216,1,510.653307469352,79836.71345217075,212 226
217,1,284.35615524417307,83111.41850184056,237 238 261
218,1,479.2748539293155,102201.57325328291,227 229 237 238
219,1,294.1951618626591,83829.04550709519,237 238 261
220,1,514.5534542370401,75564.98906516103,237 238
221,1,367.63315270424187,24856.69902686783,241 262
222,0,0,38069.68715820119,241 244 262
223,0,0,38434.173601581504,241 244 262
224,1,297.7407498332848,48169.64905132527,244 262
225,1,626.3724348606451,2523.040399897177,none
226,1,517.5672040120719,86817.26704873843,212 216
227,1,544.9568710851547,73561.73186175757,229 237
228,1,505.6451644608434,0.0,none
229,1,543.5386358969045,49362.38484464373,227 237
230,1,346.66986382791805,5541.753998087813,none
231,2,207.6828153793945,0.0,none
232,1,95.24335686093018,0.0,none
233,1,497.84487092546703,71624.42259460775,225 231 235 243 249
234,1,154.14443702294795,0.0,none
235,1,536.3145004067547,112572.4180673628,225 231 233 243 249 269 270 271 284 285 289
236,1,233.56560756496137,18425.71156574712,240
237,1,296.0565955472376,101765.46593289597,238
238,1,306.0728815642549,41159.31251580434,none
239,1,310.1946275801072,9430.554884269972,none
240,1,244.9114890709633,18797.28918506868,none
241,1,387.4884453397453,54956.6135446968,238 244 262
242,1,293.1314854714715,5874.330149732495,245
243,1,539.6828089788492,116525.03953701622,225 231 233 235 249 269 270 271 284 285 289
244,1,365.9046785685619,12293.26261175308,none
245,1,255.63689268210575,17761.26838005188,240
246,1,136.85969566614816,2315.978062412642,251 252
247,1,292.46668772697916,16750.06669082946,none
248,1,311.7458223172559,16720.283751876206,247
249,1,519.251358298119,124923.82832183414,225 231 233 235 243 269 270 271 284 285 289
250,0,0,0.0,none
251,2,356.64182999530254,0.0,none
252,0,0,0.0,none
253,1,284.134555996009,2733.6483253523375,none
254,1,417.4929835411644,24456.756703781262,none
255,2,329.8283209674464,56359.95726347041,none
256,1,291.53597088468996,47059.17089892534,none
257,1,464.6493035504849,54355.990942472825,268 274 287 294 296
258,1,372.77425526164905,0.0,none
259,1,394.446661732098,38743.34887262005,none
260,1,559.6267413136181,46825.16209286405,273 286 292 300
261,1,329.2521629222198,24262.45848299098,none
262,1,343.92203315068315,32369.09081902935,none
263,1,293.1314854714715,19726.94235096671,none
264,1,356.06567195007585,7051.465355980193,none
265,1,514.376174838509,0.0,none
266,1,222.57428485602205,172988.52796922892,283
267,2,209.45560936470733,24223.4570153141,none
268,2,471.9620787399001,56040.8543461141,274 287 294 296
269,1,516.7694467186811,24407.118472192506,282
270,2,372.90721481054743,45470.03837049094,271 284 285 289
271,1,374.502729397329,90598.28206061358,231 233 235 243 249 270 284 285 289
272,1,330.58175841120436,3684.5750190741232,280
273,2,555.5049952977658,46696.10269073328,286 292 300
274,1,469.5688068597279,55750.825250116926,268 287 294 296
275,1,421.70336925628226,27634.312643055924,277
276,1,459.4195612938121,87194.51760881301,240 269 271 282 284 289
277,1,514.0659358910791,27988.16232252436,275
278,1,272.2125164447804,191102.9369111551,266 283
279,1,383.4110191735258,112054.76222365146,281 290
280,2,261.0882341869426,24332.66112480937,none
281,1,691.0350954749294,115216.71757585536,279
282,1,505.60084461121056,23992.28467962931,269
283,1,237.8203131297121,195751.20274064524,266 278
284,1,387.53276518937804,45545.204835468205,270 271 285 289
285,2,372.9958545098131,70222.49711102239,269 270 271 282 284 289
286,1,551.8264477782418,47349.199994922514,273 292 300
287,2,495.1856799474979,62549.84474258858,268 274 294 296 297
288,2,299.38058426969906,8526.429951760443,none
289,2,546.2421467245065,69606.27392172765,269 270 271 282 284 285
290,1,283.4254384018839,27326.55560720562,none
291,1,433.4924492586124,23763.239696726894,none
292,1,568.3577516912837,47305.94382168088,273 286 300
293,1,195.8937353770644,0.0,none
294,1,286.5278278761813,68468.14018315684,268 274 287 296 297
295,1,568.756630337979,31689.756163857484,297
296,1,278.01841674667986,74894.16382111867,268 274 287 294 295 297
297,1,409.5597304568896,55850.10171329445,295 296
298,1,549.0786171010069,42877.5044463695,299
299,1,415.01107196172643,20391.385536661946,298
300,1,304.56600667673905,30267.97538763662,305 306 307
301,1,508.7032340855079,72417.21606483962,309 313 319 321 323 324 326 337
302,1,239.1499086186967,20175.10467045379,none
303,1,357.12934834126355,60364.34431749496,309 313 319 321 323 326
304,2,81.90308212145135,71920.12463135792,none
305,1,486.277390171301,35341.002656007724,306 307
306,1,411.15524504367113,29841.795713567426,305 307
307,1,456.40581151878035,35302.71030592497,305 306
308,1,247.5706800489325,3131.4632956565297,310
309,1,489.02522084853587,98356.73765793652,311 313 317 319 321 322 323 324 326 337
310,1,346.9801027753478,4826.963463209691,none
311,1,306.91495870727846,92464.67956835088,309 313 317 321 322 323 324 326 332 334 337
312,1,482.9090815992067,0.0,none
313,1,500.90294055013163,103626.19049988028,309 311 317 319 321 322 323 324 326 332 334 337
314,2,361.25109435711585,32817.253138516426,320 329
315,1,426.4899130166269,14950.326236939904,none
316,1,385.13949330920576,32976.09547960045,320 329
317,1,362.8466089438973,42991.67237902364,309 311 321 322 324
318,1,493.0140073154896,14563.857148141715,none
319,1,467.3971342277197,83127.01908891133,309 311 313 321 323 324 326 337
320,1,391.9204303030272,29712.736311436653,329
321,1,240.78974305511105,106049.24531900581,309 311 313 317 319 322 323 324 326 332 334 337
322,1,265.34293975169334,71471.96231187084,309 311 313 317 321 323 324 337
323,1,518.8081598017909,100789.01100578568,309 311 313 317 319 321 322 324 326 332 334 337
324,1,303.590969984817,103087.26112834518,309 311 313 317 321 322 323 326 332 334 337
325,1,341.1742024734483,41433.03190713663,331 335 347
326,0,0,0.0,none
327,1,316.0891675812722,51325.222345182054,331 335 347
328,1,163.09704664877762,60654.37341349213,331 335 347
329,1,108.84955069820592,6457.224812103343,340
330,1,469.96768550642327,14602.14949822447,none
331,1,385.9815704522294,45095.62428079288,335 347
332,1,426.0467145202987,4604.300538654404,none
333,1,231.8371334292814,5758.034864295974,338 352
334,1,526.2982143897375,53140.56338614236,309 311 313 317 321 322 323 324 332
335,1,487.6069856602856,51288.34823028755,331 347
336,1,418.15778128565665,36901.77048067712,357
337,1,514.0659358910791,87317.90407019077,309 311 313 317 319 321 322 323 324 326
338,1,246.1967647103151,22718.00036298647,none
339,1,340.7310039771201,35266.54530862459,none
340,1,199.83820199438537,59784.28612550062,345 346 353 355 365 373
341,1,359.30102097327176,0.0,none
342,2,138.9427285988907,7290.4379852003585,none
343,1,301.7295363002385,27559.855295672787,341 344 368
344,1,161.1469732649335,6087.774545564155,343
345,1,157.1581867979797,69226.18689127658,346 353 355 365 373 396
346,1,285.1982323871967,65974.17360461879,345 353 355 365 373 396
347,1,524.5697402540575,11726.67765404711,350
348,1,464.6936234001177,39226.25795421926,351 354 359
349,1,216.98998380228673,1789.1036899776777,none
350,1,435.5311623417221,77147.7395352483,331 335 347
351,1,228.33586530828862,37620.10660352586,348 354 359
352,1,375.2561668410869,22420.880091048042,none
353,1,462.87650956517206,73710.64655652385,345 346 355 365 373 396
354,1,254.6618559901837,37663.3627767675,348 351 359
355,1,315.51300953604556,73717.02861487097,345 346 353 365 373 396
356,1,306.82631900801283,13986.635426523868,336 357
357,1,340.68668412748735,13817.156321527962,336
358,1,436.7277982818083,147419.1657602653,363 377
359,1,379.77679150363457,38305.114199450734,348 351 354
360,1,450.55559136724816,28413.632878999433,362
361,1,335.102383073752,49403.51366510298,366 369 383 392
362,1,320.47683269492137,28047.01908283675,360
363,1,448.6941576826697,106312.32794642625,358 377
364,2,773.381376092709,0.0,none
365,1,472.4052772362284,77863.23918772055,345 346 353 355 373 396 403
366,1,250.98330847065967,13544.146047789793,383
367,1,134.99826198156973,7554.938847809029,none
368,1,394.75690067952775,14392.95980795756,376 379 380 384 398
369,2,251.69242606478477,10748.095374154444,none
370,1,323.8008214173829,40358.009634442955,366 392
371,1,532.0597948420041,6515.372454821602,none
372,1,377.78239827015767,32010.277316402044,375 381 391
373,1,507.41795844615615,70053.7271236206,346 353 355 365 396 403
374,1,340.4207650296904,80766.36661806879,345 346 353 355 365 373 396 403
375,1,360.3203775148266,44460.254916456775,381 391
376,1,409.0722121109286,42357.721249875794,341 343 344 368 379 380 384 398
377,1,447.6748011411148,111602.34519859962,358 363
378,1,309.8400687830446,71493.2358396946,382
379,1,433.0492507622842,6508.990396474476,none
380,1,385.27245285810426,42588.89358556058,341 343 344 368 376 384 398
381,1,428.0854276034084,35162.3050222882,375 391
382,1,289.45293795194743,42286.80949046328,none
383,1,464.9595424979146,12081.945568703793,none
384,1,436.7277982818083,14536.201561970835,376 380 398
385,1,456.80469016547573,17161.354895422028,none
386,1,154.58763551927615,23514.33942118898,401
387,1,201.2121173330028,0.0,none
388,1,477.1475011469401,17493.93104706671,none
389,1,193.05726500056392,88902.07277546628,none
390,1,397.85929015382516,46545.76976077875,395 400
391,1,346.4039447301211,41791.136292169824,375 381
392,1,397.85929015382516,39359.57206191478,366
393,2,256.6562492236606,24552.48757898815,401
394,1,510.8749067175161,9960.97484467556,397
395,1,297.6521101340191,35360.857948643235,390 400
396,0,0,0.0,none
397,1,428.661585648635,11628.110308463716,none
398,1,281.56400471730547,69748.09744055268,411 412 413
399,1,424.9387182794781,24106.452612283454,401
400,1,271.90227749735067,66835.75148148081,390 395 407 410
401,1,296.1452352465032,24166.72760778409,none
402,0,0,0.0,none
403,1,254.8834552383478,38624.92623440116,373 396
404,1,238.6623902727357,0.0,none
405,2,777.8133610559909,16031.730567980712,409
406,1,421.6590494066495,14475.9265664702,408
407,1,268.2237299778266,53674.528934518574,390 395 400 410
408,1,461.72419347471873,0.0,none
409,2,518.7195201025253,15354.523265591224,none
410,1,250.14123132763606,47520.806452700795,390 395 400 407
411,1,262.46214952556005,87850.45138337875,412 413
412,1,378.18127691685305,87785.92168231335,411 413
413,1,119.26471536191862,87417.18053336829,411 412
414,1,394.13642278466824,49485.771306021496,415 422
415,1,573.2329351508938,39927.57525480901,414 422
416,1,231.70417388038297,146483.13053602018,417 421
417,1,418.68961948125053,193664.97877872913,416 421
418,2,545.7989482281783,7059.974767109694,none
419,2,253.28794065156632,0.0,none
420,1,425.86943512176737,158177.89789833166,416 417 421
421,1,473.73487272521294,160242.13921482986,416 417
422,1,227.22786906746813,9349.715478539707,none
423,1,416.69522624777363,161322.83442827655,416 421
424,1,540.436246422607,26781.95329491753,418
425,2,590.916555154389,36563.521388279434,436 445 448 451
426,1,293.08716562183866,16006.202334592208,432
427,1,378.4028761650172,17943.511601742037,425 436
428,1,236.97823598668853,18010.87777318392,none
429,2,485.5682725771759,0.0,none
430,2,564.1473659761657,0.0,none
431,2,183.61713702877327,26460.01390718473,none
432,1,258.1188042615437,15961.527926162325,none
433,2,732.7400739794131,40268.660817583186,441 443 447
434,1,470.98704204797815,6221.797770853803,none
435,1,555.948193794094,11998.978810191154,427
436,2,610.7718477898924,0.0,none
437,1,264.27926336050564,167469.46573415308,438 444 446 450
438,1,261.5314326832708,142778.70022431054,437 444 446
439,1,340.2434856311591,27119.49326972109,none
440,1,325.21905660563317,47631.42879738431,none
441,1,563.5712079309391,41557.127486108526,433 443 447
442,1,514.8193733348371,11947.213225820022,449
443,2,722.9453872105598,40830.28195213028,433 441 447
444,1,498.64262821885785,105702.48681547864,437 438 446
445,2,555.0617968014377,36462.82668991367,425 436 448 451
446,1,212.20344004194214,106850.54820036721,437 438 444
447,2,742.0472424023052,42574.71123367808,433 441 443
448,1,446.4781652010287,33914.25805662799,436 445 451
449,1,573.6761336472221,11927.357933184518,442
450,1,424.67279918168117,280883.60638574243,446 452 465 466
451,1,547.2171834164285,17904.510134065156,445 448
452,1,409.51541060725674,252855.02436035292,450 454 465 466
453,1,349.7279334525826,80407.55311544148,none
454,1,414.74515286392955,215242.7180503624,455 471
455,1,203.78266861170636,250479.48042003377,454 471 474
456,1,476.08382475575246,41644.348950185915,none
457,1,251.60378636551914,0.0,none
458,0,0,16718.15639909383,none
459,0,0,7199.670933152343,none
460,1,387.3998056404796,18864.655356510568,none
461,1,279.3036923860316,3763.2870720220117,none
462,1,407.0334990278189,38675.98270117817,479 480
463,1,444.0405734712236,38736.96681427293,479 480
464,1,271.5920385499209,3203.084172663167,none
465,2,274.42850892642144,239810.80621642133,466 467 468 469 470 473 475
466,1,277.974096897047,226289.35193164356,465 467 468 469 470 472 473 475
467,2,246.4183639584792,225517.83198923542,465 466 468 469 470 473 475
468,1,255.85849193026985,222192.7795903827,465 466 467 469 470 472 473 475
469,1,535.9599416096922,219053.51600119082,465 466 467 468 470 473 475
470,1,593.9303049294208,146313.65143102425,465 466 467 468 469 473 475
471,1,230.95073643662502,266816.8406710824,474
472,1,402.77879346306815,145531.49472470424,465 466 467 468 469 470 473 475
473,1,209.89880786103552,201020.655582589,465 466 467 468 469 470 475
474,1,220.84581072034206,259861.81530790322,471
475,1,570.219185375862,168309.77008319134,465 466 467 468 469 470 473
476,1,403.35495150829485,15041.802406582045,none
477,1,334.3489456299941,41245.824862287605,none
478,1,285.86303013168896,141535.61708180918,none
479,1,382.56894203050217,64760.16428347658,480 485 487
480,1,305.319444120497,25731.041020424105,485 487
481,2,269.42036591791276,0.0,none
482,1,405.5709439899358,15887.070578779187,476 481 483
483,1,349.8165731518482,15519.747665022376,476 481
484,1,257.5869660659498,10706.257436101061,none
485,1,428.9718245960648,18947.622115023205,none
486,2,292.6882869751433,10704.130083318687,none
487,1,258.82792185566876,44693.55460492394,485
488,2,680.2210521645214,0.0,none
489,1,453.52502129264707,93871.56887509514,none
490,1,288.43358141039255,38007.28480991818,493
491,1,278.37297554374237,20852.311972843276,none
492,1,361.6056531541784,0.0,none
493,1,290.7382135912992,38041.32245443619,490
494,1,116.29528543651966,20784.236683807267,491
495,2,500.59270160270194,25495.613979174566,none
496,2,228.91202335351528,21812.457195288687,498 499 500
497,1,247.74795944746378,7118.1224098279545,508
498,1,238.2191917764075,30778.54005540671,496 499 500
499,2,332.62047149431413,24395.7725906865,496 498 500
500,2,228.95634320314812,27466.960890842398,496 498 499
501,1,222.97316350271743,25599.14514791683,none
502,1,464.7379432497505,25467.24927540956,none
503,1,828.6482285848355,0.0,none
504,1,433.093570611917,9554.650463241867,497 508
505,2,63.20010557640132,133219.79505550393,none
506,1,301.95113554840265,6517.499807603977,none
507,1,184.94673251775785,0.0,none
508,0,0,3656.2103153091184,none
509,2,443.99625362159077,34314.20037971456,none
510,2,513.622737394751,0.0,none
511,2,938.6944152231275,0.0,none
512,1,319.63475555189785,59619.06172606946,513
513,0,0,59997.730521332276,512
514,2,270.26244306093633,52846.98870217457,none
515,1,600.2237235772812,0.0,none
516,1,338.73661074364327,22188.998637769128,none
517,1,427.9081482048771,148763.65271872655,none
518,1,218.76277778759953,11725.259418858857,520
519,1,503.87237047553054,0.0,none
520,1,204.22586710803458,9450.410176905474,518
521,1,318.08356081474915,15241.064450531203,none
522,2,308.37751374516154,14512.09156377058,none
523,2,557.1448297341802,101990.25621023364,527 529 531 532 534 536
524,1,563.8371270287361,81952.72035304012,none
525,2,307.8456755495677,0.0,none
526,1,629.341864786044,162708.45020719702,none
527,2,569.1555089846745,91411.63994107509,523 529 531 532 534 536
528,2,619.4142184682923,187433.25336155758,531 536
529,1,508.52595468697666,88792.1595483769,523 527 531 532 534 536
530,2,605.1432268865243,65261.51042252304,537 538 540
531,1,544.2477534910296,172839.6132744626,523 529 532 534 536
532,1,668.7422111096209,80378.47929408235,523 527 529 531 534 536
533,0,0,67694.49288796632,537 538 540
534,0,0,86817.97616633256,523 529 531 532 536
535,1,597.7418119978433,79866.496391124,537 538 540
536,1,522.2651080731508,157102.16650804383,523 528 529 531 532 534
537,2,642.6821395255228,69023.3792593568,538 540
538,1,543.0954374005762,57773.22862856178,537 540
539,1,274.47282877605426,16415.363186402403,545 547
540,1,548.5467789054131,65087.77661196239,537 538
541,1,273.6750714826635,15897.707342691065,545 547
542,2,541.5442426634276,59068.78647302836,none
543,1,264.0576641123415,15829.632053655052,545 547
544,0,0,62843.419426556386,none
545,1,269.42036591791276,16238.792905465249,539 547
546,2,547.08422386753,65925.24449062416,none
547,1,270.5726820083661,0.0,none
548,1,609.9297706468689,78947.47998913786,none
549,1,103.97436723859572,36212.5081791875,none
550,1,525.7663761941436,43061.165903247915,551 552 553
551,1,264.3235832101385,40415.44815956709,550 552 553 554
552,1,445.414488809841,38266.821849367974,550 551 553 554
553,2,521.8662294264556,40018.34230685703,550 551 552
554,1,329.8726408170793,0.0,none
555,1,491.50713242797383,16096.969386640223,none
556,1,285.55279118425926,40453.03139205572,558 559
557,1,219.38325568245898,12472.669363066734,none
558,1,228.734743954984,40254.47846570069,559
559,1,346.58122412865237,41813.1189375877,558
560,1,385.58269180553395,14680.86155117236,561
561,1,365.9046785685619,14523.437445276582,none
562,1,746.3905876663215,49613.41247296402,570 574
563,1,630.1396220794347,38834.11592466807,567
564,1,470.32224430348583,51281.25705434631,none
565,1,545.7103085289126,0.0,none
566,1,563.6155277805719,110694.67467811948,none
567,1,633.0647321552009,0.0,none
568,2,549.3445361988039,60479.22136774324,569 571 572 573 575 576
569,2,456.67173061657724,51008.246780608126,568 571 572 573 575
570,2,495.7618379927245,50179.288313075864,574
571,2,487.87290475808254,59453.83732663831,568 569 572 573 575
572,2,287.32558516957204,69331.84541280122,568 569 571 573 575 576
573,2,552.8458043197967,41251.497803040606,568 569 571 572 575
574,1,474.7542292667678,0.0,none
575,0,0,40956.504883884554,568 569 571 572 573
576,2,764.517406166145,85543.69184968971,568 569 571 572 573 575
577,2,810.6100497842777,73970.89271356777,none
578,1,501.92229709168646,43303.6841204387,579 580
579,1,506.7531607016639,41875.52128587071,578 580
580,1,523.3731043139713,37666.199247143995,578 579
581,1,516.5921673201499,103972.94900340746,582 585 587 591 592
582,1,502.0995764902177,172899.17915236912,581 585 587 591 592 596
583,1,378.2699166161187,21031.00960656281,none
584,1,494.87544100006807,87117.22379105336,589 593 594 597 598 599
585,1,236.2691183925634,109350.18771965825,581 582 587 591 592
586,1,561.2665757500324,136860.4047837423,584 588 590 593 594 597 598 599
587,1,459.5968406923434,119280.67050778642,581 582 585 591 592
588,1,581.5207470322312,152684.36389664432,584 586 589 590 593 594 597 598 599 600
589,1,478.56573633519037,115089.78552650698,584 588 593 594 597 598 599 600
590,2,632.0896954632789,60572.82489016775,586 588
591,1,224.87891703692867,82698.71206205974,582 585 587 592 596
592,1,250.407150425433,91230.10583697906,581 591 595 596
593,1,487.2524268632231,135366.29401292064,584 588 589 594 597 598 599 600
594,0,0,128426.1601192181,584 593 597 598 599 600
595,1,249.96395192910478,95153.65348527335,591 592 596
596,1,259.40407990089545,106859.76672909083,587 591 592 595
597,1,494.7424814511696,147458.87634553632,584 588 589 593 594 598 599 600 601
598,1,589.1437611690762,153866.4629260509,589 590 593 594 597 599 600 601 604
599,1,515.572810778595,151732.0189677343,590 593 594 597 598 600 601 604 607
600,1,268.93284757195175,140466.2677498685,593 594 597 598 599 601 604 607 608
601,2,730.6570410466704,148065.88100610743,598 599 600 604 607 608 614
602,1,164.2493627392309,0.0,none
603,1,245.88652576288536,0.0,none
604,1,705.2174473574319,111874.64635474367,599 600 601 607 608
605,1,421.74768910591513,37336.45956587582,none
606,1,54.69069444689988,21657.869559769413,none
607,1,358.1930247324512,95928.00989805798,601 604 608
608,1,359.78853931923277,144193.38982459015,601 604 607 614 617 618 619 621
609,1,280.2344092283208,19330.54561585077,613
610,1,537.5997760461066,0.0,none
611,1,274.42850892642144,18321.471279410725,613
612,1,377.4278394730951,17473.36663683708,none
613,1,370.4696230807424,19447.550018881415,none
614,1,367.63315270424187,142357.48437340022,604 607 608 615 617 618 619 621 629
615,1,464.42770430232076,137480.17356100763,607 608 614 617 618 619 621 629
616,1,350.7916098437703,7466.299148543389,none
617,1,467.3971342277197,132804.2521453466,607 608 614 615 618 619 621 629
618,1,323.00306412399215,107115.75818057,614 615 617 619 621 629
619,1,303.1920913381216,0.0,none
620,1,473.11439483035343,66450.70062787086,none
621,1,354.292877964763,100932.25275979894,614 615 617 618 619 629
622,1,329.07488352368847,115676.93489444257,614 615 617 618 619 621 629 637
623,1,143.19743416364142,25146.728122865003,625 627 635
624,1,305.98424186498926,50464.35358591416,none
625,1,362.62500969573324,25659.420143417465,627 635
626,1,313.5629361522015,51328.76793315268,none
627,1,433.8913279053078,25185.729590541883,625 635
628,1,780.1179932368975,73351.1239363024,638 645 646
629,1,375.9209645855792,65808.94920518763,617 618 619 621
630,1,484.01707784002724,94739.52881030428,631 636 639 643 644 646
631,1,513.13521904879,101237.88244286689,636 639 643 644 646
632,1,447.9407202389117,43583.076452523994,642
633,1,349.77225330221546,40314.753461201326,642
634,1,342.01627961647193,50662.19739467507,641 647 648 649 650
635,1,528.115328224683,25878.53748000213,625 627
636,1,399.9866429362005,105017.47921955376,631 639 643 644 646
637,1,409.42677090799117,10521.88686162853,none
638,1,692.4976505128125,78375.931208273,639 645 646
639,1,366.3035572152573,130481.89202458682,631 636 638 643 644 645 646
640,1,333.01935014100945,0.0,none
641,1,487.6069856602856,50333.875948595145,647 648 649 650
642,0,0,0.0,none
643,1,329.3408026214854,124908.93685235751,631 636 638 639 644 645 646
644,1,399.27752534207536,95262.14847717449,631 636 639 643 646
645,1,292.90988622330735,78448.9703204679,638 639 646
646,1,689.5725404370463,122492.2640915791,631 636 638 639 643 644 645
647,1,494.2106432555758,50805.43914868835,641 648 649 650
648,1,234.7179236554147,50819.62150057085,641 647 649 650
649,1,463.80722640746126,51373.44234158257,641 647 648 650
650,1,487.87290475808254,51182.689708762904,641 647 648 649
651,1,363.4670868387568,25016.250485545985,652
652,1,347.86649976800413,23836.278808921783,651
653,1,144.12815100593065,0.0,none
654,1,559.7153810128838,14969.472411981284,none
655,1,356.5531902960369,24997.104310504605,658
656,1,249.21051448534683,0.0,none
657,1,481.5794861102221,5429.0043006219175,none
658,2,645.1197312553279,40345.95463534282,655
659,1,336.4319785627366,0.0,none
660,0,0,0.0,none
661,1,528.5142068713785,55780.60818907019,662 663 665 666 667
662,1,554.4413189065782,57632.823344925,661 663 664 665 666 667
663,1,511.89426325907095,57013.054567659645,661 662 664 665 666 667
664,1,417.3600239922659,51504.62909649571,661 662 663 665 666 667
665,1,400.5184811317943,53008.6675136351,661 662 663 664 666 667
666,1,460.70483693316385,48187.376991178404,661 662 663 664 665 667
667,1,416.25202775144544,54263.09653764243,661 662 663 664 665 666
668,1,498.1551098728968,5535.371939740687,none
669,0,0,11384.173856084677,674
670,1,307.80135569993485,7976.15469871935,none
671,1,505.6894843104762,62698.759437354856,672 673
672,1,525.8550158934092,64458.080188379274,671 673
673,1,496.95847393281065,62271.16152809741,666 667 671 672
674,1,632.798813057404,9787.950151709032,none
675,1,485.47963287791026,11062.943585945995,none
676,1,542.7851984531466,15563.003838264009,none
677,1,504.8474071674526,13180.368722003604,678
678,1,572.7010969553,11280.64268734241,677
679,2,402.91175301196665,25314.788992672657,none
680,1,693.9158857010627,5566.573113882192,none
681,2,232.10305252707835,0.0,none
682,1,219.29461598319338,2685.4283289518294,none
683,1,402.5571942149041,46397.5641836066,685
684,1,372.7299354120162,43288.792650962074,686
685,1,403.0447125608651,47836.36378208647,683
686,1,561.0449765018684,46324.52507141171,none
687,1,310.81510547496663,61838.59979568109,688 692
688,1,429.6809421901899,79341.74937147142,692 693 694 695
689,1,534.0985079251138,84776.42661284634,691 698 701
690,1,155.25243326376847,10217.675413748853,none
691,1,538.4418531891301,95248.67524288612,689 698 701
692,1,538.3088936402318,149589.77471588232,688 693 694 695 696 697 699 700 702
693,1,537.4668164972081,172326.21213631603,692 694 696 697 699 700 702 703 704 705 706
694,1,407.3437379752486,154227.4037814606,692 693 695 696 697 699 700 704 705 706
695,1,444.26217271938765,142370.24849009447,692 693 694 696 697 699 700 704 705 706
696,0,0,192698.4514979366,692 693 694 695 697 699 700 702 703 704 705 706 707 709 712
697,1,485.2137137801133,203889.74536841924,692 693 694 695 696 699 700 702 703 704 705 706 707 709 710 712
698,1,494.2549631052086,90797.54410456272,691 701
699,1,484.06139768966,152224.85569565126,692 693 694 696 697 700 704 705 706 712
700,1,441.60298174141843,221858.7852035498,692 693 694 696 697 699 702 703 704 705 706 707 709 710 712
701,1,511.05218611604744,81240.05717094438,698
702,1,453.79094039044395,175871.80010694164,697 700 703 705 707 709
703,1,454.81029693199883,196188.01917862633,697 700 702 705 707 709
704,1,586.2186510933101,160691.71976950517,693 694 696 697 699 700 705 706 712 722 724
705,1,469.87904580715764,243386.1771260002,693 694 696 697 699 700 702 703 704 706 707 709 710 712 722 724
706,1,584.6231365065286,161613.57264186785,694 696 697 699 700 704 705 712 722 724
707,1,427.4649497085489,176651.8294604793,700 702 703 705 709
708,1,431.23213692733856,65915.3168443064,711
709,1,374.6356889462274,238555.66807481984,702 703 705 707 736 737
710,1,437.6141952744647,207065.17395491153,702 703 705 707 709 733 736 737
711,1,469.79040610789195,67910.77375417449,708
712,1,566.806556954135,162624.77433109024,704 705 706 709 722 724 729 736 741
713,1,501.61205814425676,116705.86452351812,714 716 728 732 734 740
714,1,509.67827077743,103334.74316869487,713 716 734 740
715,1,375.8323248863136,137396.49768490088,708 717 718 719 721 725 726 727 735 738 743
716,0,0,118898.45612455299,713 714 734 740
717,1,532.591633037598,149785.49117186083,715 718 721 725 726 727 728 732 735 738 743
718,1,596.4565363584916,147816.2716129754,715 717 721 725 726 727 728 732 735 738 743
719,1,149.00333446554083,19117.101220019107,715 717 718 721
720,1,435.84140128915186,29820.52218574367,723
721,1,499.2631061137173,147665.93868302085,715 717 718 725 726 727 728 731 732 735 738 743
722,1,532.9905116842933,154483.39523293977,709 712 724 729 736 741 744 747
723,1,423.6977624897592,30300.594796966376,720
724,1,519.7831964937129,152498.57508698356,709 712 722 729 736 741 744 745 747
725,1,512.2488220561336,102572.44175501035,715 717 718 721 726 735 743
726,1,545.7989482281783,150024.463801081,715 717 718 721 725 727 728 732 735 738 743
727,1,235.24976185100854,64900.56956711335,728 732 734 738
728,1,312.85381855807634,150869.73197327816,715 717 718 721 725 726 727 732 734 735 738 740 743
729,1,530.8188390522852,148146.72041183768,709 712 722 724 730 741 744 747
730,1,355.3122345063179,149964.18880558037,709 712 722 724 729 736 741 744 745 747
731,1,518.4979208543612,147377.32782221193,715 717 718 721 725 726 727 728 732 735 738 743
732,1,490.53209573605176,152277.33039761652,715 717 718 721 725 726 727 728 734 735 738 740 743
733,1,394.4909815817308,152167.41717052713,737 748 753 755
734,1,488.2717834047779,148550.91744048902,713 716 717 721 725 727 728 732 738 740
735,1,507.86115694248434,107526.33726756845,715 717 718 719 721 725 726 743
736,0,0,0.0,none
737,1,460.0400391886716,157269.51826025735,733 748 753 755
738,1,512.7806602517275,67966.08492651625,727 728 732 734
739,1,338.3377320969479,19071.008576400975,742 746
740,1,484.7261954341523,133190.01211655067,727 728 732 734 738
741,1,566.0974393600098,151017.9375504503,722 724 729 736 744 745 747 749 757 762
742,1,213.6659950798252,19045.48034301247,746
743,1,501.61205814425676,120567.71894112353,721 725 726 727 728 732 735 738
744,1,533.9655483762153,151449.7901652725,722 724 729 736 741 745 747 749 757 762 767 769
745,1,590.6506360565921,249896.5857576629,733 736 737 747 749 753 757 762 765 767 769
746,1,401.71511707188046,18522.151558548136,none
747,1,369.76050548661726,218992.53188809607,724 729 730 736 741 744 745 749 757 762 767 769 771
748,1,442.1791397866451,81305.2959896039,733 737 753 755 776
749,1,534.7633056696061,0.0,none
750,1,519.7831964937129,7924.389114348216,none
751,2,379.3335930073064,143604.11310387217,none
752,1,227.6267477141635,12898.139919541807,none
753,2,504.7144476185542,180489.5738798844,733 737 748 755 765 775 776 780 781
754,2,218.85141748686513,136659.01538701076,736 741 744 745 747 749 757 762 767 769 771 782 787 791
755,2,228.15858590975733,210022.19432241327,737 748 753 765 775 776 780 781 790
756,1,439.9188274553713,117631.26298385141,759
757,1,507.72819739358596,143933.14366754622,741 744 745 747 749 762 767 769 771 782 787 791
758,1,240.12494531061873,126622.16495976379,756 759 760
759,1,413.9473955705388,111249.91375431945,756
760,1,435.1322836950268,93845.33152411251,759 789
761,1,322.6928251765624,88943.91071351967,766 768 773 774 778 779 783 784 788
762,0,0,0.0,none
763,1,476.21678430465084,4954.604630152213,none
764,1,341.97195976683906,58048.36625508232,766 768 774 779 783 784 788
765,1,491.1082537812784,189685.41084049895,748 753 755 775 776 780 781 790 795
766,1,603.8579512471725,91986.02519231645,773 774 778 779 783 784 788
767,1,238.839669671267,125812.3526672729,757 762 769 771 782 787 791
768,1,575.936445978496,71497.49054525935,764 766 773 774 778 779 783 784 788
769,0,0,126561.18084666904,757 762 767 771 782 787 791
770,1,253.86409869679298,4801.435229821187,none
771,1,373.70497210393825,111498.10491226324,757 762 767 769 782 787 791
772,2,628.4997876430205,65521.047461972834,none
773,0,0,101045.00245726484,766 774 778 779 783 784 788
774,0,0,0.0,none
775,1,451.92950670586555,176473.13182675972,753 755 765 776 780 781 790 795
776,1,469.7460862582592,195446.99129276557,753 755 765 775 780 781 790 795
777,2,334.7478242766894,0.0,none
778,1,550.4525324396244,99500.54433726033,766 773 774 779 783 784 788
779,1,54.735014296532704,93590.75830782158,766 768 773 774 778 783 784 788
780,1,452.23974565329524,154591.8902248409,755 765 775 776 781 790 795
781,1,492.7480882176928,59003.54765436886,755 776
782,1,571.0612625188857,94988.4290858422,757 762 767 769 771 787 791
783,1,637.939915614811,82734.167941766,766 773 774 778 779 784 788
784,1,512.0715426576023,95077.77790270196,764 766 768 773 774 778 779 783 788
785,2,449.80215392349015,43692.98967961339,793
786,1,456.36149166914754,60277.12285341757,none
787,1,572.5238175567687,91082.60937740102,757 762 767 769 771 782 791
788,1,107.60859490848695,16455.782889267535,764 768 779 783
789,1,422.8556853467356,99093.51083823253,758 786
790,1,469.79040610789195,83075.25350454017,765 775 780 795
791,1,269.110126970483,82039.9418171175,762 767 769 771 782 787
792,1,234.2304053094537,74197.10122609368,762 767 769 771 782 787 791
793,2,461.72419347471873,25477.886039321438,785
794,1,600.3123632765469,110632.98144743059,797 803 811 815 817
795,1,417.75890263896133,104901.89305171138,775 776 780 781 790
796,1,294.1951618626591,11338.790330060669,none
797,1,585.2436144013881,96700.23895806023,794 803 815 817
798,1,515.0852924326341,24597.161987418036,785 793
799,1,303.8568890826139,57981.70920123456,782 787 791
800,1,570.1305456765964,64307.038140830635,802 804 805 811
801,1,300.0453820141914,40411.193454002336,787 791
802,1,591.7586322974126,53712.11216700721,800 804 805 811
803,1,535.7383423615281,95161.45377880872,794 797 815 817
804,1,522.5753470205806,65516.79275640809,800 802 805 811
805,0,0,53953.92126660388,800 802 804 811
806,1,297.2532314873237,6336.674821102071,none
807,1,461.72419347471873,85268.55422316918,808 818 820 823 826
808,1,476.79294234987753,84580.71015686782,818 820 823 834
809,1,507.86115694248434,93836.822112983,810 812 816 825 827
810,1,91.5204894917733,96657.69190241273,809 812 816 827
811,1,588.0800847778886,54677.2212126115,800 802 804 805
812,1,519.2070384484863,109423.22683185314,809 810 825 827
813,1,444.12921317048915,96184.71046713128,819 828 829 830 832
814,1,457.86836655666343,13952.597782005862,none
815,1,480.0726112227062,77176.10423901331,797 803 817
816,1,494.6981616015368,118110.62647748,810 812 825 827
817,1,500.85862070049876,73856.72478091362,797 803 815
818,1,485.52395272754313,103205.68376656408,808 820 823 826 834 837 839 842
819,1,481.4022067116908,138815.44199074522,813 828 829 830 832 835 838
820,1,178.3873947721005,116563.33188709898,808 818 823
821,1,431.4980560251355,113261.68036885241,808 818 820 823 834 837 839 842 844
822,1,550.3638927403588,194510.24695092626,810 812 816
823,1,300.0897018638242,146278.90466891212,808 818 820 834 837 839 842
824,1,471.5632000932048,89049.56923504431,none
825,1,548.7240583039444,36584.79491610319,none
826,1,512.0715426576023,120734.36157574294,808 820 823 834 837 839 842 844
827,1,562.1972925923217,97314.33479457258,810 812 816
828,1,380.0870304510643,112593.69159518655,813 819 829 830 832
829,1,476.08382475575246,70001.25242165534,813 819 828
830,1,497.88919077509985,43529.89263296461,832
831,1,375.9209645855792,16429.545538284907,833 836
832,1,499.83926415894393,58784.430317784194,830
833,1,513.2238587480556,16702.555812023074,836
834,1,709.4721529221824,115988.2375182635,820 823 837 839 842
835,1,500.23814280563937,27890.304094535095,838
836,1,545.8432680778111,16470.67435874416,833
837,2,372.68561556238336,90840.80027780437,823 834 839 842
838,1,467.1755349795556,62449.859161816945,828 829 835
839,1,711.5995057045578,75022.51410565531,834 837 842
840,1,565.9644798111113,115943.56310983362,847 862
841,1,433.75836835640933,116329.32308103768,none
842,1,705.3060870566975,97290.22479637233,834 837 839
843,1,439.83018775610566,73956.71036168525,824
844,1,702.8684953268925,108053.21164000341,834 842 867 868 869
845,1,345.3402683389334,45189.93692081152,849 850 859
846,2,689.9714190837417,40834.53665769504,none
847,1,261.35415328473954,105138.02921055503,840 862
848,1,504.5814880696557,119250.88756883318,857 858 864 870 872 873 874 878 880 888
849,1,484.77051528378513,44243.97405024861,850 859
850,1,508.3043554388126,54499.23269648609,845 849 859
851,2,451.92950670586555,45211.91956622939,none
852,1,182.24322169015585,3035.0233028555135,none
853,1,727.82057067017,0.0,none
854,2,425.02735797874374,10720.439787983563,none
855,1,323.7121817181173,139328.84312889184,853 857 858 864 870 872 873 881 892 893
856,1,288.6551806585567,6538.773335427732,none
857,1,437.9687540715272,114166.51441895607,853 858 864 870 872 873
858,1,557.189149583813,130360.63291599143,857 864 870 872 873 874 878 880 888 893
859,1,513.4897778458525,45423.945726872815,849 850
860,1,304.6546463760047,21442.29781115538,863 867 868 869
861,2,648.3550802785238,54750.26032480638,879 894
862,1,573.8090931961206,92651.88661319994,840 847
863,1,460.70483693316385,82429.95649388632,834 837 839 842 860 867 868 869
864,1,529.356284014402,141265.44327844752,853 855 857 858 870 872 873 878 880 888 893
865,0,0,0.0,none
866,1,237.90895282897776,96880.354826968,870 881 892 898
867,1,252.135624561113,33729.88748215546,860 863 868 869
868,1,619.1926192201281,0.0,none
869,1,466.333457836532,32231.52200576908,860 863 867 868
870,1,536.9349783016143,133945.93147188803,855 857 858 864 872 873 874 893
871,2,584.2242578598333,22603.832430332324,879 894
872,1,601.9521977129612,126247.75087006573,857 858 864 870 873
873,1,651.7677087002509,185802.99201266392,857 858 864 870 872 874 878 880 888 893 898
874,1,480.11693107233907,150440.00671123833,857 858 864 870 872 873 878 880 888 893
875,1,310.726465775701,0.0,none
876,1,493.6344852103491,90956.38644564677,858 864 873 874 878 880 888 893
877,1,453.21478234521726,40172.92994237629,883
878,0,0,93902.06093164251,858 864 873 876 880 888 893
879,2,85.27139069354567,26267.133921582696,894
880,1,214.9955905688098,101393.17919598028,857 858 864 872 873 874 878 888 893
881,1,443.9076139223251,108222.69074499932,892 898 903 906 908
882,1,526.2095746904719,73419.19922533842,887 891 901 902 905
883,1,248.50139689122173,32508.786985072,none
884,2,191.15151146635267,7664.852074898422,886
885,0,0,106003.8617929818,882 887 891 895 897 900 901 902 905
886,1,500.76998100123313,0.0,none
887,1,312.0117414150528,114930.94318542295,882 891 895 897 900 901 902 905
888,1,294.727000058253,124345.89748262217,864 870 872 873 874 876 878 880 893
889,1,277.30929915255473,15641.006773617772,none
890,1,601.5533190662659,92390.93133856187,882 887 891 895 897 900 901 902 905
891,1,352.83032292688,92707.19778554168,882 887 895 897 900 901 902 905
892,1,456.84901001510855,101744.90152266633,881 898 903 906 908 911
893,1,275.2262662198122,35101.32090919343,874 876 878 880 888
894,2,609.5752118498062,35739.52674390605,879
895,1,223.15044290124868,67810.78817340285,891 897 900 901
896,1,276.6888212576953,15780.70293966042,none
897,1,236.66799703925878,69138.25630960507,891 895 900 901
898,1,466.2004982876336,145109.5697561998,881 892 903 906 908 909 911 919
899,1,522.7083065694791,116318.68631712582,882 887 891 895 897 900 901 902 905
900,1,479.18621423004987,91779.67197242603,882 887 891 895 897 901 902 905
901,1,443.0212169296687,80058.66725913192,891 895 897 900 905
902,1,315.8675683331081,66000.41095560142,882 887 891 901 905
903,1,436.37323948474574,169272.75177601326,881 892 898 906 908 911 919 928
904,2,340.3321253304248,51840.75083611102,907 910 913 917
905,1,481.44652656132365,87538.43964196369,882 887 895 897 900 901 902
906,1,447.9407202389117,118808.39819009909,892 898 903 908 911 919 928
907,1,369.14002759175776,53346.91660603278,904 910 913 917
908,1,326.991850590946,117219.97477925883,898 903 906 911 919 928
909,1,445.9906468550676,129974.87294478736,898 903 919 928
910,1,360.80789586078765,51841.45995370514,904 907 913 917
911,1,497.57895182767015,115593.25901833581,898 903 906 908 919 928
912,1,576.4239643244568,110331.60646992743,916 922 923 927 929 933
913,1,309.7071092341462,52274.021686121465,904 907 910 917
914,1,650.2608338127351,130694.62730282436,934 938
915,1,364.13188458324913,58513.5473968284,926 935
916,1,463.71858670819563,114679.20643950853,912 922 923 927 929 933
917,1,314.4936529944907,53930.520385997756,904 907 910 913
918,1,436.7277982818083,114470.72586683574,924 925 930 932 936 939 940
919,1,247.3490808007684,131159.80844457043,903 906 908 909 911 928
920,1,319.9449944993276,63746.12612387766,915 926 935
921,1,294.5054008100889,6852.912429625159,none
922,1,680.4869712623182,121697.34326856483,912 916 923 927 929 933
923,1,688.4645441962259,115113.89552470723,912 916 922 927 929 933
924,1,532.2370742405353,119978.44222040554,918 925 930 932 936 939 940
925,1,499.70630461004544,119935.89516475804,918 924 930 932 936 939 940
926,1,422.501126549673,60564.31547903825,915 935
927,1,728.6626478131936,108607.03248101512,912 916 922 923 929 933
928,1,457.11492911290543,100875.52335226894,903 906 908 911 919
929,1,721.8817108193721,106076.19178758257,912 916 922 923 927 933
930,1,467.30849452845405,134995.4255111932,918 924 925 932 936 939 940 946 947
931,1,438.1017136204257,19546.117364464804,none
932,1,539.3725700314194,140874.71948408458,918 924 925 930 936 939 940 946 947
933,1,557.1448297341802,118216.99411659875,912 916 922 923 927 929
934,1,663.0249505069871,192136.8303633895,914 938 941 943
935,1,356.64182999530254,56424.48696453579,915 920 926
936,1,507.41795844615615,133421.89356982958,918 924 925 930 932 939 940 946 947
937,1,359.52262022143583,90709.61352289123,942 945 949 950 951 952
938,1,435.8857211387847,138276.51261921015,934 941 943
939,1,552.7128447708982,124930.21038018126,924 925 930 932 936 940 946 947
940,1,482.598842651777,117344.77947582485,925 930 932 936 939 946 947
941,1,430.7446185813776,130438.6358513452,934 938 943
942,1,343.4345148047222,91330.09141775071,937 945 949 950 951 952
943,1,412.92803902898396,125315.97035138533,934 938 941
944,1,679.2903353222321,9277.385483938944,none
945,1,346.1380256323242,89644.51889651529,937 942 949 950 951 952
946,1,488.18314370551224,99404.10434445932,932 936 939 940 947
947,1,542.2533602575527,91884.62137635656,932 936 939 940 946
948,1,78.40181400045857,0.0,none
949,1,358.9464621762092,86903.7793952217,937 942 945 950 951 952
950,1,365.3285205233352,84574.32809852068,937 942 945 949 951 952
951,1,374.36976984843056,85177.78717112116,942 945 949 950 952
952,1,349.4176945051529,87585.95052077007,942 945 949 950 951
953,2,921.6755929641247,39450.3391139628,956
954,1,527.9380488261519,41785.463351416816,957 960
955,1,366.7467557115855,36175.63406429299,965
956,2,608.2899362104545,38865.31709880957,none
957,1,338.6479710443776,42186.823909691644,954 960
958,2,427.3319901596504,33972.40569934625,961 962 964
959,1,466.0232188891023,24903.500788080088,958
960,1,543.3613564983732,42383.24948326429,954 957
961,1,414.1689948187029,34109.26539501239,962 964
962,1,435.39820279282367,34171.66774329541,961 964
963,1,138.14497130549995,3327.179751635063,none
964,1,407.5210173737799,34007.8615790525,961 962
965,1,669.1410897563163,18450.5306815415,none
966,1,536.0929011585907,43345.52205849208,967 969 970 973
967,1,539.2396104825209,43445.50763926372,966 969 970 973
968,1,305.14216472196574,39790.006441548736,972 975
969,1,421.26017075995406,44115.62376571197,966 967 970 973
970,1,463.71858670819563,44106.405236988336,966 967 969 973
971,2,790.7990769984071,40812.554012277156,974 976 977
972,1,497.9335106247327,42392.46801198793,975
973,1,122.7659834829114,0.0,none
974,1,730.4797616481392,34782.21799183713,971 976 977
975,1,512.7806602517275,45514.71277892083,972
976,1,395.0671396269575,35191.378843647326,971 974 977
977,1,547.2171834164285,30843.778874066218,971 974 976
978,1,383.2780596246273,11263.623865083406,none
979,1,361.8272524023425,68903.53838594967,980 981 982 983 985 987 988 990
980,1,318.2165203636476,68387.30077742657,979 981 982 983 985 987 988 990
981,1,381.72686488747865,68468.14018315684,979 980 982 983 985 987 988 990
982,1,357.9271056346543,68983.6686740858,979 980 981 983 985 987 990
983,1,366.65811601231985,68346.17195696732,979 980 981 982 985 987 988 990
984,1,540.3032868737085,49833.94804473693,986 989 992
985,1,378.0483173679546,67582.45230809457,979 980 981 982 983 987 988 990
986,1,500.99158024939726,49850.25774940181,984 989 992
987,1,369.98210473478133,68322.77107636118,979 980 981 982 983 985 990
988,0,0,361.64997300381117,none
989,1,497.6232716773029,49446.060720750495,984 986 992
990,1,365.5057999218665,66965.5200012057,979 980 981 982 983 985 987 988
991,1,530.0654016085272,81919.39182611623,994 995 1000 1001 1003 1004
992,1,501.2131794975613,49184.39632851832,984 986 989
993,1,701.7161792364391,73435.5089300033,996
994,1,525.5004570963467,87346.9778915499,991 995 1000 1001 1003 1004
995,1,526.918692284597,100099.74870429606,991 994 1000 1001 1003 1004
996,1,714.0814172839957,70872.04882724099,993
997,0,0,10209.166002619351,none
998,1,370.2923436822111,103043.29583750943,none
999,1,790.0899594042821,33770.30718502059,none
1000,1,316.8426050250302,91926.45931440993,994 995 1001 1003 1004
1001,1,542.5635992049824,91581.82816366511,994 995 1000 1003 1004
1002,1,453.12614264595163,65331.71306434143,999
1003,0,0,87144.17025963012,994 995 1000 1001 1004
1004,1,504.1826094229603,86181.18856680821,995 1000 1001 1003
1005,1,525.4118173970811,72001.67315468231,1000 1001 1003 1004
1006,1,415.8974689543829,10070.17895417083,1009
1007,1,381.10638699261915,14046.910422024503,none
1008,1,725.9148171359587,17557.042512943844,none
1009,1,637.3637575695843,26477.741847037858,1008
1010,1,736.1527024011401,97226.40421290108,1016 1017 1019
1011,1,617.8630237311436,112614.25600541617,1012 1013
1012,1,440.7609045983949,123445.31813808325,1011 1013
1013,1,816.3273103869116,138556.61406888958,1011 1012
1014,1,560.7790574040714,0.0,none
1015,1,505.15764611488237,5262.361666002515,none
1016,1,359.2567011236389,85077.0924727554,1017 1018 1019
1017,1,363.2898074402255,101487.49183599891,1010 1018 1019
1018,1,255.5925728324729,114964.98082994095,1019
1019,1,273.4977920841322,87929.16343632663,1016 1017 1018
1020,2,701.6718593868062,97783.77064188341,1021 1022
1021,2,666.52621862798,93324.83921002466,1020 1022
1022,2,727.067133226412,88999.93100345555,1020 1021
1023,2,552.7571646205311,80325.29547452297,1024 1026 1028
1024,2,556.0811533429925,81887.4815343806,1023 1026 1028
1025,2,713.1507004417066,30377.179497131892,1027
1026,2,566.4076783074396,82488.81325419871,1023 1024 1028
1027,2,681.5063278038731,30363.706262843512,1025
1028,2,519.7831964937129,83295.07995871897,1023 1024 1026
1029,2,409.471090757624,62577.500328759466,none
1030,1,666.5705384776128,129955.72676974598,1031 1032 1034 1035
1031,0,0,122702.16289944014,1030 1032 1033 1034 1035
1032,2,768.1073139864034,109465.77388750063,1030 1031 1034 1035
1033,2,437.39259602630057,116276.1392614783,1032
1034,2,402.33559496673996,154198.32996010146,1030 1031 1032 1035
1035,2,530.6415596537538,134867.7843442507,1030 1031 1032 1033 1034
1036,2,421.9249685044464,106357.00235485611,1041 1044
1037,1,602.3510763596566,62259.10652899728,1038 1040 1042 1043 1045
1038,1,601.5533190662659,85858.54006148128,1042 1043 1045 1046
1039,2,408.8506128627645,83385.13789317285,1041 1044 1047 1049
1040,1,615.2481526028072,89411.21920804813,1038 1042 1043 1045
1041,2,427.6422291070802,89419.0195015835,1044 1047 1049 1057
1042,1,598.805488389031,95635.85344927842,1038 1040 1043 1045 1046 1055
1043,1,560.7347375544387,120693.23275528367,1038 1040 1042 1045 1046 1055
1044,2,400.0309627858333,102590.16969486348,1041 1047 1049 1057
1045,1,616.9766267384872,128698.46127536215,1038 1040 1042 1043 1046 1053 1055 1065 1068
1046,1,592.7779888389674,132822.68920279384,1042 1043 1045 1055 1065 1068
1047,2,395.5546579729185,103572.29756272677,1039 1041 1044 1049 1057
1048,2,403.08903241049785,155506.65192126232,1051 1052 1054 1061
1049,2,394.446661732098,101990.96532782775,1041 1044 1057
1050,1,598.3622898927028,113654.53151599773,1042 1043 1045 1046 1055 1065 1068
1051,2,400.2968818836302,135778.29133510735,1048 1052 1061
1052,2,420.32945391766486,150956.95343735555,1048 1051 1054 1061
1053,1,585.8640922962476,104655.12012895584,1042 1043 1045 1046 1055 1068
1054,2,422.27952730150895,137242.61916697572,1048 1051 1052 1061
1055,1,598.5395692912341,93629.05065790434,1043 1045 1046 1053 1065 1068
1056,2,585.1992945517552,77527.82656569936,1062
1057,2,168.06086980765343,109507.61182555402,1044 1049 1051
1058,2,328.6760048769931,0.0,none
1059,1,596.0576577117962,83914.1396183902,1045 1046 1053 1055 1065 1068
1060,2,427.4206298589161,157651.0235258967,1044 1048 1049 1052 1054 1057 1061
1061,2,427.81950850561145,63652.52260145314,1048 1054
1062,2,592.157510944108,84609.78397822694,1056
1063,0,0,0.0,none
1064,2,265.78613824802153,0.0,none
1065,1,612.3230425270411,81323.023929457,1046 1053 1055 1068
1066,1,464.47202415195363,9205.055489338183,none
1067,1,645.7402091501873,23460.44648403547,1070 1074
1068,1,600.3566831261796,71554.21995278935,1053 1055 1065
1069,2,424.0523212868218,19336.927674197897,none
1070,1,656.3769730620642,26428.81273304322,1067 1074
1071,1,458.48884445152294,26538.01684253849,none
1072,1,529.0903649166052,15982.092336391956,none
1073,2,428.21838715230683,70597.62031831457,1076
1074,2,219.95941372768564,26181.330692693555,1067 1070
1075,0,0,65607.5598084561,1079 1080 1082
1076,1,496.4266357372168,69455.94099177312,1073
1077,2,211.09544380112166,79629.65111468622,1081
1078,2,218.89573733649794,17963.366894377537,none
1079,2,714.2143768328942,73870.198015202,1075 1080 1082
1080,2,904.1692523591609,75777.72434339857,1075 1079 1082
1081,2,576.2023650762927,163387.78486236892,1077 1084 1085
1082,2,685.8939929175223,74187.17357977593,1075 1079 1080
1083,2,641.8843822321321,91923.62284403342,1085 1086
1084,2,406.23574173442813,151391.64252255423,1081
1085,2,544.6023122880921,174831.52459636008,1081 1083 1084 1086
1086,2,574.8284497376753,145488.94766905674,1084 1085
1087,1,430.87757813027605,75526.69671507827,1089 1090 1091 1099
1088,1,476.34974385354934,124397.66306699331,1089 1090 1091 1098 1099 1100 1103 1105
1089,1,406.2800615840609,127144.07550903989,1090 1091 1098 1099 1100 1103 1105
1090,1,531.1290779997148,115017.4555319062,1089 1091 1098 1099 1100 1103 1105
1091,1,493.10264701475535,125696.76649943051,1089 1090 1098 1099 1103 1105
1092,1,466.7323364832274,73480.8924560273,none
1093,1,472.3166375369627,93865.89593434213,1089 1090 1091 1099 1103 1105
1094,1,326.7702513427819,27208.842086580855,1096 1097
1095,1,433.35948970971396,79631.06934987448,1092
1096,1,311.6128627683574,27112.402093779838,1097
1097,1,500.23814280563937,27439.305304671518,1096
1098,1,765.6254024069655,87101.62320398261,1089 1091 1099 1103 1105
1099,1,486.4546695698323,0.0,none
1100,1,505.246285814148,137553.2126732025,1089 1090 1091 1098 1099 1102 1103 1105
1101,1,301.7295363002385,8844.823751522621,1104
1102,1,424.3625602342515,85004.0533605605,1090 1091 1099 1100 1103 1105
1103,0,0,116815.06863301339,1090 1091 1098 1099 1100 1105
1104,1,305.806962466458,8359.078199546915,1101
1105,1,425.5148763247048,11484.159436856318,none
1106,1,324.9088176582034,9159.671963314175,none
1107,1,427.1103909114863,97039.19716805204,1098 1099 1100 1103 1105
1108,1,149.44653296186905,9378.080182304711,none
1109,1,719.5770786384655,48509.31637891121,none
1110,1,608.4672156089857,0.0,none
1111,1,411.0666053444055,0.0,none
1112,1,599.780525080953,30844.487991660342,1113
1113,1,245.5319669658228,30792.013289695085,1112
1114,2,610.3286492935642,0.0,none
1115,1,306.51608006058314,253.15498110266785,none
1116,1,589.6312795150372,0.0,none
1117,1,390.81243406220676,40501.25138845622,1118 1119 1121 1122
1118,1,400.65144068069276,39863.045553743614,1119 1121 1122
1119,1,416.47362699960956,40030.39730595714,1118 1121 1122
1120,1,265.87477794728716,5060.972269270981,none
1121,1,416.0747483529141,39682.22056724171,1118 1119 1122
1122,1,407.87557617084246,39192.22030970126,1118 1119 1121
1123,0,0,0.0,none
1124,1,389.3941988739565,0.0,none
1125,2,531.3949970975118,14666.679199289856,1126 1127
1126,0,0,14870.90506639789,1127
1127,2,587.8141656800916,15111.295930806305,1126
1128,1,188.44800063875064,16033.148803168962,1130 1131 1132
1129,1,185.78880966078142,2157.135721328615,none
1130,0,0,15198.517394883696,1131 1132
1131,1,18.92457579321414,14798.57507179713,1130 1132
1132,1,197.13469116678337,15738.865001607037,1130 1131
1133,1,259.5813592994267,15138.951516977186,1130 1131 1132
1134,1,486.85354821652766,36031.683192685596,none
1135,1,469.4358473108294,33140.610761437485,1134
1136,1,480.2055707716047,30889.87151768435,1134
1137,1,55.22253264249372,63512.8264354105,1138 1139 1140 1141 1142
1138,1,475.24174761272883,67598.05289516531,1137 1139 1140 1141 1142
1139,1,475.2860674623617,65852.20537842927,1138 1140 1141 1142
1140,1,471.47456039393916,65930.91743137717,1138 1139 1141 1142
1141,1,479.09757453078413,66149.3256503677,1138 1139 1140 1142
1142,1,469.48016716046226,66001.12007319555,1138 1139 1140 1141
1143,1,745.3269112751339,7865.532354035831,none
1144,1,511.2294655145787,13151.294900644476,none
1145,1,151.44092619534592,0.0,none
1146,1,343.8777133010504,0.0,none
1147,2,492.79240806732554,17166.318718580904,1148
1148,1,766.6004390988876,16818.851097459596,none
1149,2,434.29020655200316,0.0,none
1150,2,527.6721297283549,8532.81201010757,1152
1151,1,490.5764155856846,0.0,none
1152,2,537.245217249044,9273.83989596832,1150
1153,1,482.82044189994104,144374.92392868618,1154 1155 1156 1157 1158
1154,1,531.5722764960431,150212.37996352414,1153 1155 1156 1157 1158 1160 1161
1155,1,618.483501626003,154974.10460807435,1153 1154 1156 1157 1158 1160 1161 1162
1156,1,431.9855743710965,171967.39863368872,1153 1154 1155 1157 1158 1160 1161 1162
1157,1,501.39045889609264,159155.77106063018,1153 1154 1155 1156 1158 1160 1161 1162 1163
1158,1,534.2314674740122,144409.67069079832,1154 1155 1156 1157 1160 1161 1162 1163 1164 1165 1167
1159,2,605.0102673376258,2771.940675435094,none
1160,1,522.0435088249867,139445.13841432834,1156 1157 1158 1161 1162 1163 1164 1165 1167
1161,1,450.9544700139435,151290.94782418848,1156 1157 1158 1160 1162 1163 1164 1165 1167
1162,1,451.61926775843574,130198.9541045309,1158 1160 1161 1163 1164 1165 1167
1163,1,517.5672040120719,118341.79881316479,1158 1160 1161 1162 1164 1165 1167
1164,1,442.2677794859108,78548.24678364542,1158 1160 1161 1163 1165 1167
1165,1,430.7446185813776,74245.32122249418,1158 1160 1161 1162 1163 1164 1167
1166,1,534.8519453688717,2727.9753845993364,none
1167,1,487.5626658106528,63412.13173704473,1160 1161 1163 1164 1165
1168,2,674.2378724640906,0.0,none
1169,1,250.8503489217612,0.0,none
1170,2,487.7842650588169,113200.69625575765,1173 1174
1171,2,1083.1328051764879,32702.37608826816,1175 1176
1172,1,524.3481410058934,152754.5665384627,1173 1174
1173,1,536.1815408578564,156948.99710771278,1174
1174,1,545.4000695814829,139265.73166301468,1173
1175,1,671.8002807342855,32271.232591040083,1176
1176,1,639.1365515548972,32896.67430905844,1175
1177,1,351.9439259342236,5962.260731404009,none
1178,1,529.7994825107303,16250.138786971249,none
1179,1,520.0491155915098,14829.776245938634,1178
1180,2,716.6519685626994,23854.715866369035,none
1181,2,797.3584147440646,7067.775060645071,none
1182,1,475.6406262594242,64465.88048191466,1184 1185 1186 1187 1188
1183,2,457.91268640629625,14982.945646269658,none
1184,1,476.3054240039165,65165.07042972203,1182 1185 1186 1187 1188
1185,1,291.1370922379946,50809.6938542531,1182 1184 1186 1187 1188
1186,1,501.5677382946239,63673.08701168277,1182 1184 1185 1187 1188
1187,1,565.4326416155176,68856.02750714327,1182 1184 1185 1186 1188
1188,1,540.9680846182009,68946.08544159716,1182 1184 1185 1186 1187
1189,0,0,64530.41018298004,1191 1192 1194 1196 1205
1190,1,456.7603703158429,61426.602473494386,1189 1191 1192 1194 1196 1205
1191,1,470.0120053560561,66486.15650757712,1189 1190 1192 1194 1196 1205
1192,0,0,66608.12473376664,1189 1190 1191 1194 1196 1205
1193,1,563.4825682316734,114611.84026806663,1195 1207 1214 1220
1194,1,538.1316142417004,67529.26848853518,1189 1190 1191 1192 1196 1205
1195,1,592.7336689893347,96079.05194560664,1193 1207 1214 1220
1196,1,539.948728076646,66647.12620144352,1189 1190 1191 1192 1194 1205
1197,0,0,66173.43564856795,1202
1198,2,632.0010557640131,254427.1380665283,1199 1200 1201 1203 1211 1212
1199,2,625.3530783190902,227353.0283228312,1198 1200 1201 1211 1212
1200,2,649.1528375719145,182634.65460211292,1198 1199 1211 1212
1201,2,606.2512231273447,251726.1091505057,1198 1199 1200 1203 1211 1212
1202,1,550.4082125899915,59495.675264691694,1197
1203,2,640.2445477957176,259561.14944799416,1198 1199 1201 1211 1212
1204,2,558.8289840202274,0.0,none
1205,1,497.8005510758342,0.0,none
1206,1,561.7540940959935,0.0,none
1207,1,504.93604686671824,72381.76018513337,1193 1195 1214 1220
1208,1,349.63929375331696,0.0,none
1209,1,669.3183691548476,0.0,none
1210,1,555.6379548466643,51873.370245440776,1222 1226 1232
1211,2,848.8137601677686,194744.25575698758,1198 1199 1200 1201 1212
1212,2,753.1272048105102,217534.5861145748,1198 1199 1200 1201 1203 1211
1213,2,618.8823802726985,0.0,none
1214,1,368.829788644328,63507.1534946575,1193 1195 1207 1220
1215,2,604.7886680894617,142151.1311535098,1218 1221
1216,1,522.4423874716822,62477.514747987814,1217 1219 1223
1217,0,0,3827.107655493273,1223
1218,2,614.7163144072133,167818.35159046267,1215 1221
1219,1,452.81590369852194,66034.44860011943,1217 1223
1220,1,483.92843814076156,39280.8600089669,1195 1207 1214
1221,2,579.1274751520589,151108.70460249833,1215 1218
1222,1,474.6212697178693,90837.96380742788,1210 1226 1232 1234
1223,1,525.4561372467139,71137.25880744378,1217 1219
1224,2,744.2632348839463,60729.5398784694,none
1225,2,978.0504416970717,55540.9264422559,none
1226,1,506.8861202505623,60252.303737623195,1205 1210 1222 1232
1227,1,616.6220679414246,47493.859984124036,1229 1233 1239 1242
1228,1,522.6639867198462,55123.2561793162,1230 1231 1236 1237
1229,1,473.9121521237442,0.0,none
1230,2,720.5077954807547,55082.12735885694,1228 1231 1236 1237
1231,1,518.8524796514238,55341.66439830674,1228 1230 1236 1237
1232,1,274.29554937752295,75151.57350778609,1210 1222 1226 1234
1233,1,618.527821475636,22615.887429432452,1227 1229
1234,1,701.8491387853376,67562.59701545906,1210 1222 1226 1232
1235,2,631.0260190720911,39263.8411867079,none
1236,1,520.4479942382053,56606.730186225956,1228 1230 1231 1237
1237,2,711.7767851030891,55760.04377884056,1228 1230 1231 1236
1238,1,551.0730103344839,59332.578218042916,1243 1247 1254
1239,1,544.8682313858891,46391.8912428536,1227 1229 1233 1242
1240,2,587.725525980826,64894.18750876623,none
1241,1,390.10331646808163,23341.31472822245,1245
1242,1,471.3416008450407,49514.1360097865,1227 1229 1233 1239
1243,1,299.8237827660273,59519.07614529782,1238 1247 1254
1244,1,515.9273695756576,7569.830317285655,none
1245,1,366.5694763130542,20419.750240426958,1241
1246,2,583.2492211679112,127471.6878375257,1248
1247,1,483.70683889259743,50549.44769720917,1243 1254
1248,2,626.4167547102778,115155.02434516647,1246
1249,2,434.73340504833135,38296.60478832123,1252 1253
1250,1,676.8084237427942,38270.3674373386,1249 1252 1253
1251,1,597.8747715467417,52360.53403260474,1256 1257 1261
1252,2,449.35895542716196,39676.54762648872,1249 1253
1253,2,674.9469900582158,41604.638364914914,1249 1252
1254,1,516.2376085230874,47673.975853031814,1243 1247
1255,2,162.1663298064884,142293.66378992895,none
1256,1,534.4087468725436,59755.21230414149,1251 1257 1261
1257,1,673.2628357721685,51357.84175451181,1251 1256 1261
1258,1,615.3367923020729,128071.60132215555,1259 1260
1259,2,624.5553210256995,142102.20203951516,1258 1260
1260,2,559.9369802610479,126032.88823904583,1258 1259
1261,1,641.2639043372725,57977.45449566981,1251 1256 1257
1262,1,699.5445066044309,27659.840876444432,1263
1263,1,581.0332286862701,26110.418933281042,1262
1264,1,536.6247393541845,78091.57505302884,1265 1270 1272 1273
1265,1,493.0583271651225,116925.69097769691,1264 1266 1267 1270 1272 1273
1266,1,423.1659242941654,40558.68991358036,1267
1267,1,516.9910459668453,83656.72993172277,1266 1270 1272 1273
1268,1,569.6873471802683,54880.737962125415,1269 1271
1269,1,458.66612385005413,0.0,none
1270,1,536.2258607074891,134047.33528784793,1264 1265 1266 1267 1272 1273
1271,1,552.5355653723669,45586.33365592746,1269
1272,1,301.6408966009729,123258.11109323423,1264 1265 1266 1267 1270 1273
1273,1,530.9517986011836,117012.20332418017,1265 1266 1267 1270 1272
1274,1,572.9670160530969,63163.94057910094,1275 1278 1279 1280
1275,1,564.4576049235955,73977.98388950902,1274 1277 1278 1279 1280
1276,2,47.6438383552815,76201.06754709127,1274 1275 1277 1278 1279 1280
1277,1,554.6185983051095,79032.57410043287,1274 1275 1278 1279 1280
1278,1,552.3139661242028,80637.30721593802,1274 1275 1277 1279 1280
1279,1,555.8152342451956,79987.04638212528,1274 1275 1277 1278 1280
1280,1,561.7097742463607,80871.3160219993,1274 1275 1277 1278 1279
1281,0,0,20380.748772750074,1282 1285
1282,0,0,20202.76025662467,1281 1285
1283,1,569.6873471802683,20049.590856293642,1281 1282 1285
1284,2,521.0241522834319,14213.553056643905,none
1285,1,512.8692999509931,31691.883516639864,1286
1286,2,623.3586850856133,36096.92201134511,none
1287,1,730.0808830014438,89104.17128979195,1288 1289 1290 1291 1292
1288,2,740.629007214055,108522.64748731424,1287 1289 1290 1292 1293
1289,1,727.2887324745761,124333.1333659279,1287 1288 1290 1291 1292 1293 1294
1290,1,617.5971046333466,126462.61350108565,1287 1288 1289 1291 1292 1293 1294
1291,1,657.9724876488457,130484.0193773692,1287 1288 1289 1290 1292 1293 1294 1295
1292,0,0,111079.0164141353,1287 1288 1289 1290 1294 1295
1293,1,688.4645441962259,15309.139739567216,none
1294,1,719.2225198414029,68299.37019575505,1291 1292 1295
1295,1,459.4195612938121,75589.09906336128,1293 1294
1296,1,189.95487552626653,85052.27335696103,none
1297,1,460.83779648206234,31691.174399045736,1298
1298,1,643.0810181722181,31683.37410551036,1297
1299,1,359.9214988681312,18405.14715551749,none
1300,1,453.1704624955845,42695.26122467935,1301
1301,1,666.1273399812846,67098.12499130711,1302 1303 1304
1302,1,524.6140601036903,41377.011617200755,1301 1303 1304
1303,1,519.6059170951817,15201.353865260196,1304
1304,1,754.5454399987605,44736.10166057144,1301 1303
1305,1,42.05953730154618,5610.53840471795,none
1306,1,203.11787086721407,0.0,none
1307,2,68.20824858490998,0.0,none
1308,1,121.6579872420909,100397.5780938286,none
1309,1,167.88359040912215,0.0,none
1310,2,46.71312151299228,37110.2510533499,none
1311,1,463.27538821186744,53824.15274687898,none
1312,1,333.95006698329865,729.6820043547485,none
1313,1,202.7189922205187,0.0,none
1314,1,409.471090757624,76430.8216475878,1316 1317 1318 1319 1320 1321 1324
1315,1,401.71511707188046,87312.23112943777,1316 1318 1320 1321 1324
1316,1,390.81243406220676,96517.99573637008,1317 1318 1319 1320 1321 1324
1317,1,249.7866725305735,71922.96110173441,1318 1319 1320 1321 1323 1324
1318,1,354.55879706255996,99415.45022596532,1316 1317 1319 1320 1321 1324
1319,1,237.51007418228238,58323.50388160287,1317 1324
1320,1,383.8985375194868,104755.10570972746,1316 1317 1318 1319 1321 1323 1324
1321,1,377.206240224931,103575.8431506974,1316 1317 1318 1319 1320 1324
1322,1,402.02535601931015,12586.128178126755,none
1323,1,517.788803260236,59627.57113719896,1317 1319 1324
1324,2,498.42102897069367,59523.33085086257,1314 1317 1319 1323
1325,1,405.03910579434194,1518.929886616007,none
1326,1,413.2825978260465,54079.43508076403,none
1327,2,416.25202775144544,43206.53501004356,1326
1328,1,280.89920697281315,83908.46667763719,1329
1329,1,118.46695806852786,98792.13586072934,1328
1330,1,442.66665813260613,69738.87891182904,1334 1335
1331,2,450.1123928709199,78283.74592103675,1333 1334 1335
1332,1,452.06246625476393,89065.16982211507,1331 1333 1334 1335
1333,1,491.01961408201277,65115.43219813326,1334
1334,2,453.5693411422798,81417.33656947565,1335
1335,1,518.1876819069314,61874.76479298147,1334
1336,1,391.87611045339446,21206.870769905836,1338
1337,1,426.0023946706658,20228.997607607296,1336 1338
1338,1,431.0548575288073,19604.974124777193,1336
1339,1,329.7840011178136,13817.156321527962,1340
1340,1,290.6495738920336,14619.168320483474,1339
1341,2,413.5928367734762,20879.258441420032,none
1342,2,273.36483253523375,92429.22368864463,1346 1349 1350 1352
1343,2,339.0911695407058,88012.8393124334,1346 1349 1350 1352
1344,1,286.83806682361103,26902.503285918803,1345 1348 1351
1345,1,273.6307516330307,72301.62989699723,1342 1344 1346 1348 1349 1350 1351 1352
1346,1,366.3035572152573,0.0,none
1347,1,387.84300413680785,106865.43966984384,1344 1345 1346 1348 1349 1350 1351 1352
1348,2,332.3545523965172,27255.64384779311,1344 1345 1351
1349,1,380.13135030069714,75898.27433439984,1346 1350 1352
1350,1,427.37631000928326,98465.23264983766,1344 1345 1346 1348 1349 1351 1352
1351,1,470.0120053560561,89767.19624029893,1344 1345 1346 1348 1349 1350 1352
1352,1,319.01427765703835,60333.852260947584,1346 1349 1350
1353,1,645.7845289998203,6640.177151387623,none
1354,0,0,0.0,none
1355,1,266.0077374961856,32580.407862078635,1356 1357
1356,1,247.92523884599507,31211.81090541716,1355 1357
1357,1,470.0120053560561,31481.2755911847,1355 1356
1358,0,0,0.0,none
1359,2,73.17207174378582,0.0,none
1360,1,536.5804195045517,46609.590344250006,1361 1362
1361,1,596.58949590739,52433.57314479962,1362 1363 1364
1362,1,540.8794449189353,55882.72112262421,1363 1364 1365
1363,1,589.2767207179747,75462.1670140129,1362 1364 1365
1364,1,614.9822335050103,84306.28164794139,1362 1363 1365 1371 1372
1365,1,564.8564835702908,125981.12265467469,1363 1364 1367 1369 1370 1371 1372 1373 1374
1366,2,573.9863725946518,69437.50393432587,1368
1367,1,604.5670688412977,80565.68633893138,1363 1364 1369 1370 1371
1368,2,533.3007506317231,74421.89150343134,1366
1369,1,350.9245693926688,35631.0317520049,1367 1370
1370,1,597.9634112460074,81004.63012969482,1365 1367 1369 1371 1374
1371,1,637.9842354644439,93709.89006363461,1365 1367 1369 1370 1372 1373 1374
1372,1,637.4523972688501,80966.33777961208,1365 1367 1370 1371 1373 1374
1373,1,608.422895759353,63365.32997583247,1365 1371 1372 1374
1374,0,0,0.0,none
1375,2,569.022549435776,27064.18209737933,none
1376,1,151.30796664644748,3628.5547291382386,1377
1377,1,284.00159644711056,20321.18289484356,none
1378,1,653.8950614826263,87595.87816708782,1380 1381 1382
1379,1,496.6925548350137,65430.28040992482,1380 1381 1382
1380,2,292.90988622330735,98485.08794247315,1381 1382
1381,1,615.7799907984011,80847.91514139318,1380 1382
1382,1,636.211441479131,92510.0630943749,1380 1381 1383
1383,1,653.939381332259,63817.03788329017,none
1384,1,295.6577169005422,95581.2513945308,1386 1387
1385,1,476.4827034024478,45692.70129504622,1383
1386,2,481.31356701242515,30405.544200896897,1384 1387
1387,1,83.49859670823288,0.0,none
1388,1,508.7032340855079,13241.352835098367,none
1389,1,306.91495870727846,13665.405156385186,1388
1390,1,528.3369274728472,25435.33898367393,1391
1391,1,319.3688364541009,25500.577802333442,none
1392,1,635.0591253886777,0.0,none
1393,0,0,96755.550130402,1395
1394,1,654.3825798285873,83273.80643089522,1395
1395,1,589.454000116506,84065.89078353296,none
1396,1,353.67240006990363,0.0,none
1397,2,756.0966347359092,97680.23947314115,none
1398,2,484.1500373889256,39606.34498467032,1403
1399,1,418.3793805338208,38459.70183497001,1403
1400,0,0,80043.77578965528,none
1401,1,440.5836251998636,39680.80233205346,1403
1402,2,696.1761980323365,81849.18918429785,1404
1403,1,475.684946109057,39638.96439400008,none
1404,2,594.2848637264833,37020.90223649014,none
1405,2,601.021480870672,95625.21668536655,1406 1408 1409 1411 1412 1413 1414 1417 1421 1424
1406,0,0,118277.26911209938,1405 1408 1409 1411 1412 1413 1414 1417 1421 1424
1407,0,0,10237.530706384357,1410
1408,1,725.7818575870604,120552.11835405279,1405 1406 1409 1411 1412 1413 1414 1417 1421 1422 1424
1409,2,710.4471896141046,150113.10350034665,1405 1406 1411 1412 1413 1414 1417 1421 1422 1424 1427
1410,1,245.3546875672915,10654.491851729927,1407
1411,0,0,161565.35264546733,1405 1406 1408 1409 1412 1413 1414 1417 1421 1422 1424 1427 1428
1412,0,0,148955.82358673445,1405 1406 1409 1411 1413 1414 1421 1422 1424 1427
1413,2,487.8285849084497,55182.11293962859,1406 1409 1412
1414,1,585.6424930480835,127380.21166788356,1406 1409 1411 1412 1413 1417 1421 1424
1415,0,0,33662.52131071357,1416
1416,2,570.9283029699872,33360.43721561627,none
1417,1,391.3442722578006,170077.60024534527,1405 1406 1408 1409 1411 1412 1413 1414 1421 1422 1424 1427 1428
1418,1,500.90294055013163,0.0,none
1419,1,501.5234184449911,63886.531407514434,1418
1420,2,583.0719417693799,79809.05786599987,1423 1425 1430
1421,1,557.1005098845474,81422.30039263453,1411 1414 1417 1424
1422,0,0,83438.32171273224,1427 1428
1423,2,569.3771082328385,115336.5584492625,1420 1425 1426 1430 1432
1424,1,652.9200247907041,72220.79049126696,1411 1414 1417 1421
1425,2,455.03189618016296,121353.42123541415,1420 1423 1426 1430 1432
1426,2,383.1894199253617,64452.40724762628,1423
1427,0,0,59015.60265346898,1422
1428,1,565.9201599614786,57283.93748861545,1422
1429,1,596.4565363584916,68310.00695966693,1430 1431 1432
1430,2,576.8671628207851,68867.37338864927,1431 1432
1431,1,405.5709439899358,132772.34185361097,1423 1425 1426 1430 1432
1432,1,485.92283137423846,140964.77741853846,1425 1430 1431
1433,2,523.3287844643386,0.0,none
1434,2,512.8249801013602,48173.903756890024,1430 1431 1432
1435,1,593.620065981991,87507.23846782217,1436 1438 1440 1442 1445 1447 1448
1436,1,313.2083773551389,99495.58051410146,1438 1440 1442 1445 1447 1448
1437,1,467.4857739269853,97050.54304955805,1436 1438 1440 1442 1445 1447 1448
1438,1,540.1260074751773,108752.40158781077,1436 1440 1442 1445 1447 1448
1439,1,477.59069964326835,103471.602864361,1436 1438 1440 1442 1445 1447 1448
1440,1,542.7851984531466,116614.38835387598,1436 1438 1442 1445 1447 1448
1441,1,481.8010853583862,98675.84057529282,1436 1438 1440 1442 1445 1447 1448
1442,1,458.13428565446037,111120.85435218869,1436 1438 1440 1445 1447 1448
1443,1,488.36042310404355,93141.88687074039,1436 1438 1440 1442 1445 1447 1448
1444,1,469.5688068597279,110752.11320324361,1436 1438 1440 1442 1445 1447 1448
1445,1,443.0212169296687,110953.50259997514,1436 1438 1440 1442 1447 1448
1446,1,469.87904580715764,93538.99272345044,1438 1440 1442 1445 1447 1448
1447,1,445.3701689602082,104825.30835154586,1440 1442 1445 1448
1448,1,243.84781267977564,96137.19958832489,1440 1442 1445 1447
1449,2,455.03189618016296,94417.58942257147,1450
1450,2,387.1338865426827,94922.48114958855,none
1451,2,492.8367279169584,13130.730490414848,none
1452,1,822.4434496362408,20677.869044688498,none
1453,1,620.47789485948,17896.709840529777,none
1454,0,0,37764.05747513327,none
1455,1,267.6918917822328,118177.28353132775,1461
1456,1,521.3343912308616,96085.43400395375,none
1457,1,511.36242506347713,128555.21952134887,1461 1462
1458,1,495.98343724088863,136137.10483773466,1459 1461 1462
1459,1,292.6882869751433,115411.01579664565,1461 1462
1460,1,477.8122988914324,20919.678144285164,none
1461,1,441.2041030947231,169387.62882626153,1462
1462,1,448.5611981337712,121733.50826586522,1461
1463,1,310.23894742974,42502.38123907732,none
1464,1,459.06500249674957,4881.565517957326,none
1465,1,321.05299074014806,5171.594613954499,none
1466,1,378.09263721758737,0.0,none
1467,1,233.52128771532855,2666.991271504576,none
1468,1,212.20344004194214,17424.437522842447,none
1469,0,0,0.0,none
1470,1,710.6244690126358,0.0,none
1471,1,534.1871476243795,0.0,none
1472,1,128.26164483738108,0.0,none
1473,1,147.05326108169675,0.0,none
1474,1,661.4294359202056,24298.62348029136,none
1475,1,187.2513646986645,0.0,none
1476,0,0,0.0,none
1477,2,300.7544996083165,31817.39733080001,none
1478,1,91.78640858957023,126101.67264567596,none
1479,2,628.0565891466922,0.0,none
1480,0,0,22809.476532628607,none
1481,1,75.47670392469246,0.0,none
1482,0,0,0.0,none
1483,2,185.83312951041424,0.0,none
1484,2,595.0826210198741,131727.10251987053,none
1485,1,357.52822698795893,85729.4806593505,none
1486,0,0,34192.23215352503,none
1487,1,638.5603935096706,41351.48338381224,none
1488,1,85.75890903950669,32878.94636920531,none
1489,1,19.41209413917516,119501.20607955934,none
1490,2,180.29314830631176,206279.47166062088,none
1491,0,0,0.0,none
1492,2,53.22813940901681,93268.81892008879,none
1493,1,47.86543760344559,0.0,none
1494,1,200.19276079144794,34382.98478634469,none
1495,0,0,41583.36483709116,none
